date,flw
2015-01-01,0.0001444320160408
2015-01-02,0.0001443536793931
2015-01-03,0.005237175376057
2015-01-04,0.021157656898098
2015-01-05,0.0337123576292003
2015-01-06,0.0269958143764203
2015-01-07,0.0239934241461686
2015-01-08,0.0034129482021883
2015-01-09,0.0003269210139247
2015-01-10,0.0003859807731435
2015-01-11,0.003150881968758
2015-01-12,0.0003398303262855
2015-01-13,0.0003425270693393
2015-01-14,0.0057453629226918
2015-01-15,0.0003499924096961
2015-01-16,0.000354397116439
2015-01-17,0.00608756440824
2015-01-18,0.0006295074557376
2015-01-19,0.0156538518524283
2015-01-20,0.0309965917903995
2015-01-21,0.0139759740578528
2015-01-22,0.0366522725964253
2015-01-23,0.015946593562489
2015-01-24,0.0154554874384502
2015-01-25,0.0140829369488892
2015-01-26,0.0204831961326794
2015-01-27,0.0147887592336594
2015-01-28,0.0286626712847956
2015-01-29,0.0179407343917911
2015-01-30,0.0179108313358262
2015-01-31,0.0172144492561538
2015-02-01,0.019589353221403
2015-02-02,0.0224891826063447
2015-02-03,0.0177485465355538
2015-02-04,0.0160692233370421
2015-02-05,0.014796013473419
2015-02-06,0.0170111262333863
2015-02-07,0.0227028240633874
2015-02-08,0.0204700961863866
2015-02-09,0.0164574793864002
2015-02-10,0.015747947227637
2015-02-11,0.0159772503357283
2015-02-12,0.0131975962243595
2015-02-13,0.0120010696351745
2015-02-14,0.0107784957363377
2015-02-15,0.0096317812152733
2015-02-16,0.0085743170171329
2015-02-17,0.0076706281680116
2015-02-18,0.006862142813517
2015-02-19,0.0061449850701864
2015-02-20,0.0055618270755322
2015-02-21,0.0050396252166076
2015-02-22,0.0045590489822935
2015-02-23,0.004121636475944
2015-02-24,0.0078844296969738
2015-02-25,0.0066891619560244
2015-02-26,0.0411552233211244
2015-02-27,0.0229764868629644
2015-02-28,0.0304019724375419
2015-03-01,0.0237691920160177
2015-03-02,0.0279129051184301
2015-03-03,0.0912306952584046
2015-03-04,0.0352318027257416
2015-03-05,0.0299513405906898
2015-03-06,0.0296757908621432
2015-03-07,0.02815143569187
2015-03-08,0.0246515147468987
2015-03-09,0.0210980711786645
2015-03-10,0.0181210881163426
2015-03-11,0.0156500705580601
2015-03-12,0.0134992103197494
2015-03-13,0.0116694167390645
2015-03-14,0.0188433413278067
2015-03-15,0.0169864271104917
2015-03-16,0.0121661376030076
2015-03-17,0.0229768965501754
2015-03-18,0.0168167147501618
2015-03-19,0.0158126076602472
2015-03-20,0.0215024293687031
2015-03-21,0.0154964306511869
2015-03-22,0.0148326798260952
2015-03-23,0.0135418390026037
2015-03-24,0.0121189010290074
2015-03-25,0.0107678845234035
2015-03-26,0.0192363418366037
2015-03-27,0.0107760070653367
2015-03-28,0.0105292702489447
2015-03-29,0.0097593616057533
2015-03-30,0.0088266179151576
2015-03-31,0.0079008054363348
2015-04-01,0.0070057942046635
2015-04-02,0.0086560832571061
2015-04-03,0.0059070720237875
2015-04-04,0.0054206774286167
2015-04-05,0.0049140566651545
2015-04-06,0.00434354038359
2015-04-07,0.0037799283763139
2015-04-08,0.0033404365661065
2015-04-09,0.0030072329590185
2015-04-10,0.0026462525261468
2015-04-11,0.0022860843532039
2015-04-12,0.0019696515765238
2015-04-13,0.0016868638934957
2015-04-14,0.001434672867823
2015-04-15,0.0036379360315273
2015-04-16,0.0029328339437939
2015-04-17,0.0011847750190957
2015-04-18,0.0010749538362658
2015-04-19,0.0009541598242528
2015-04-20,0.0008212753573012
2015-04-21,0.0007000928302652
2015-04-22,0.0006002770047563
2015-04-23,0.0005249859777632
2015-04-24,0.0004726594116006
2015-04-25,0.0004414012534657
2015-04-26,0.0004227308446968
2015-04-27,0.0004119512684331
2015-04-28,0.0004078724916608
2015-04-29,0.0004052021620199
2015-04-30,0.0159889334166579
2015-05-01,0.0028652375804502
2015-05-02,0.0006149535189997
2015-05-03,0.0006897481224798
2015-05-04,0.0006813720131813
2015-05-05,0.0006538223156642
2015-05-06,0.0006199033093517
2015-05-07,0.0005698738403843
2015-05-08,0.0005230550091626
2015-05-09,0.0004811391473498
2015-05-10,0.0004505241190152
2015-05-11,0.0035162077591509
2015-05-12,0.000426775164005
2015-05-13,0.000415870874049
2015-05-14,0.0004063515271605
2015-05-15,0.0004023409238993
2015-05-16,0.0003996954322228
2015-05-17,0.0023725579703196
2015-05-18,0.0003978586296125
2015-05-19,0.0003957160131989
2015-05-20,0.0003933387523703
2015-05-21,0.0003906078956299
2015-05-22,0.000388435904007
2015-05-23,0.000386704274569
2015-05-24,0.0003841222030869
2015-05-25,0.0003812435705639
2015-05-26,0.0003782839492933
2015-05-27,0.0003751524597304
2015-05-28,0.0003717782549499
2015-05-29,0.0003685453731413
2015-05-30,0.00036537922719
2015-05-31,0.0003621003167956
2015-06-01,0.0003586841585221
2015-06-02,0.0003556991825086
2015-06-03,0.0003531622336403
2015-06-04,0.0003499050331516
2015-06-05,0.0007490127079018
2015-06-06,0.0004894559090814
2015-06-07,0.0003898105695221
2015-06-08,0.000346300516589
2015-06-09,0.0003448944569413
2015-06-10,0.0003424440841953
2015-06-11,0.0003400872944015
2015-06-12,0.0003394899803525
2015-06-13,0.0003359513034097
2015-06-14,0.0003329740517452
2015-06-15,0.0003294967443476
2015-06-16,0.000325696364356
2015-06-17,0.0003219525803989
2015-06-18,0.0003184980903696
2015-06-19,0.0003153031969358
2015-06-20,0.000311302335715
2015-06-21,0.0003067110872082
2015-06-22,0.0003020099222441
2015-06-23,0.0002974502581728
2015-06-24,0.0002927675500109
2015-06-25,0.0002881635195168
2015-06-26,0.0002833923029851
2015-06-27,0.0002786660478047
2015-06-28,0.0002738552591537
2015-06-29,0.0002691183056203
2015-06-30,0.0002644529228424
2015-07-01,0.0002600757597392
2015-07-02,0.0002557472150962
2015-07-03,0.0002514746941558
2015-07-04,0.0002472535320345
2015-07-05,0.0002426563616615
2015-07-06,0.0002382268958857
2015-07-07,0.0002342415606013
2015-07-08,0.0002303710064132
2015-07-09,0.0002266249212669
2015-07-10,0.0002228511237046
2015-07-11,0.0002193317865152
2015-07-12,0.0014759024268743
2015-07-13,0.0002153526418958
2015-07-14,0.0002122183195053
2015-07-15,0.0002087178878627
2015-07-16,0.0002054432260155
2015-07-17,0.0002024118485729
2015-07-18,0.0001996462423275
2015-07-19,0.0001970013502405
2015-07-20,0.0001946760650199
2015-07-21,0.0001921479638761
2015-07-22,0.000189347858311
2015-07-23,0.0001865979838889
2015-07-24,0.0001841541311739
2015-07-25,0.0001819695380185
2015-07-26,0.0001800351036358
2015-07-27,0.0001780968513812
2015-07-28,0.0001759703819555
2015-07-29,0.0001738498749384
2015-07-30,0.0001717308110069
2015-07-31,0.0001696718081544
2015-08-01,0.0001679369205842
2015-08-02,0.0001666081809148
2015-08-03,0.0001652703417269
2015-08-04,0.000163976009802
2015-08-05,0.0001628635763689
2015-08-06,0.0001619526516057
2015-08-07,0.0001612558058075
2015-08-08,0.0001606038489844
2015-08-09,0.000159990886513
2015-08-10,0.0001594728377383
2015-08-11,0.000159051951982
2015-08-12,0.0001586999222426
2015-08-13,0.0001584307843229
2015-08-14,0.0001581887561975
2015-08-15,0.0001579647010596
2015-08-16,0.0001577584982416
2015-08-17,0.0001575395623278
2015-08-18,0.0001572777638996
2015-08-19,0.0001570037497048
2015-08-20,0.000156876662036
2015-08-21,0.0001567912429044
2015-08-22,0.0001567057931067
2015-08-23,0.0001566203433091
2015-08-24,0.0001565349241774
2015-08-25,0.0001564494743798
2015-08-26,0.0001563640552481
2015-08-27,0.0001562791590947
2015-08-28,0.0001561937092971
2015-08-29,0.0001561082901654
2015-08-30,0.0001560228403677
2015-08-31,0.0001559379442143
2015-09-01,0.0001558525250827
2015-09-02,0.000155767105951
2015-09-03,0.0001556821791316
2015-09-04,0.0001555967599999
2015-09-05,0.0001555125655116
2015-09-06,0.0001554276693581
2015-09-07,0.0001553422502265
2015-09-08,0.0001552573540731
2015-09-09,0.0001551731289187
2015-09-10,0.0001550882327653
2015-09-11,0.0001550028136336
2015-09-12,0.0001549191421235
2015-09-13,0.00015483424597
2015-09-14,0.0001547500821476
2015-09-15,0.0001546651859942
2015-09-16,0.0001545815144841
2015-09-17,0.0001544960953524
2015-09-18,0.0001544124238423
2015-09-19,0.0001543275276888
2015-09-20,0.0001542438561787
2015-09-21,0.0001541596923563
2015-09-22,0.0001540747962029
2015-09-23,0.0001539911246927
2015-09-24,0.0001539074838485
2015-09-25,0.0001538225876951
2015-09-26,0.000153738916185
2015-09-27,0.0001536552753408
2015-09-28,0.0001535716038307
2015-09-29,0.0001534879629865
2015-09-30,0.0001534030668331
2015-10-01,0.0001533194259889
2015-10-02,0.0001532357544788
2015-10-03,0.0001646943764309
2015-10-04,0.0001530684421244
2015-10-05,0.0001529853242585
2015-10-06,0.0001529016834144
2015-10-07,0.0001528180119042
2015-10-08,0.00015273437106
2015-10-09,0.0001526512531941
2015-10-10,0.0001525688063272
2015-10-11,0.0001524851654831
2015-10-12,0.0001524020476171
2015-10-13,0.000152318406773
2015-10-14,0.0001522347659288
2015-10-15,0.0001521528727062
2015-10-16,0.000152069201196
2015-10-17,0.0001519860833301
2015-10-18,0.0001519036671292
2015-10-19,0.000153250894736
2015-10-20,0.0001517369084191
2015-10-21,0.0001516550151964
2015-10-22,0.0001515719279965
2015-10-23,0.0001514895117956
2015-10-24,0.0001514063939297
2015-10-25,0.000151324500707
2015-10-26,0.0001512408598628
2015-10-27,0.0001511589666402
2015-10-28,0.0001510758487743
2015-10-29,0.0001509939862176
2015-10-30,0.0001509108683517
2015-10-31,0.0001508284521508
2015-11-01,0.0001507465895941
2015-11-02,0.0001506634717282
2015-11-03,0.0001505815785055
2015-11-04,0.0001504997159488
2015-11-05,0.0001504178227262
2015-11-06,0.0001503359601695
2015-11-07,0.0001502528423036
2015-11-08,0.0001501709797469
2015-11-09,0.0001500890865243
2015-11-10,0.0001500072239676
2015-11-11,0.0004780264538238
2015-11-12,0.0001498434681883
2015-11-13,0.0001497621286098
2015-11-14,0.0001496802353872
2015-11-15,0.0001495983728305
2015-11-16,0.0001495165102738
2015-11-17,0.0001494351400294
2015-11-18,0.0001493532774727
2015-11-19,0.0001492714149161
2015-11-20,0.000753421898087
2015-11-21,0.0055777282586519
2015-11-22,0.0132157708346405
2015-11-23,0.0129339306093474
2015-11-24,0.0037659503479371
2015-11-25,0.0102319939770331
2015-11-26,0.0296343247920849
2015-11-27,0.0058115189369192
2015-11-28,0.0004852363855896
2015-11-29,0.0002884668994922
2015-11-30,0.0006922438854539
2015-12-01,0.0005952575902276
2015-12-02,0.000966706431707
2015-12-03,0.0005596611490097
2015-12-04,0.0003030966399079
2015-12-05,0.0003030096783461
2015-12-06,0.000311525250319
2015-12-07,0.0003789033501882
2015-12-08,0.0004687871718112
2015-12-09,0.0004769144588714
2015-12-10,0.0006328082171928
2015-12-11,0.0003090688907954
2015-12-12,0.000309876044129
2015-12-13,0.0003210048739123
2015-12-14,0.0004225652990366
2015-12-15,0.0003446166144627
2015-12-16,0.0003430487294729
2015-12-17,0.0004755846712074
2015-12-18,0.0006937670462514
2015-12-19,0.0009694153595165
2015-12-20,0.0018459988991795
2015-12-21,0.0028765265167967
2015-12-22,0.0044044191141148
2015-12-23,0.0021401598840664
2015-12-24,0.0003597122793104
2015-12-25,0.0004980596720699
2015-12-26,0.0081725127109413
2015-12-27,0.0084021374570803
2015-12-28,0.0480918512468877
2015-12-29,0.0068406657344827
2015-12-30,0.0163458904814032
2015-12-31,0.0211390890198584
2016-01-01,0.0109453192627661
2016-01-02,0.0191767931973838
2016-01-03,0.0160952634335594
2016-01-04,0.0135367213737871
2016-01-05,0.0127892198637519
2016-01-06,0.0117536777321189
2016-01-07,0.0106212757482301
2016-01-08,0.0095635432946096
2016-01-09,0.0086001042558508
2016-01-10,0.007731896472573
2016-01-11,0.0069659840122601
2016-01-12,0.0063033456642249
2016-01-13,0.005729975757716
2016-01-14,0.0052364767483066
2016-01-15,0.0047689013185262
2016-01-16,0.0043475755769836
2016-01-17,0.0039882053558467
2016-01-18,0.0036735349283497
2016-01-19,0.0035433781949832
2016-01-20,0.0031921083774758
2016-01-21,0.0036726466318911
2016-01-22,0.0028294006686347
2016-01-23,0.0026480397224554
2016-01-24,0.0024655539696639
2016-01-25,0.0022891714578246
2016-01-26,0.0021206231916652
2016-01-27,0.0019660065705708
2016-01-28,0.0018381005247802
2016-01-29,0.0017210568080186
2016-01-30,0.0016155364170489
2016-01-31,0.0015171541237594
2016-02-01,0.0014120378161857
2016-02-02,0.0034001620128215
2016-02-03,0.0053060304863221
2016-02-04,0.0013693471650741
2016-02-05,0.0014431353909028
2016-02-06,0.0014647755375728
2016-02-07,0.0014387153981952
2016-02-08,0.0016525442765847
2016-02-09,0.0106812028992655
2016-02-10,0.0132067617652276
2016-02-11,0.0187919150642659
2016-02-12,0.0251670759089666
2016-02-13,0.033105253978105
2016-02-14,0.0225063013417144
2016-02-15,0.0220278712024066
2016-02-16,0.0199367778519191
2016-02-17,0.0180297853225272
2016-02-18,0.0169714713048933
2016-02-19,0.014505169414146
2016-02-20,0.012788181882302
2016-02-21,0.0114753647306531
2016-02-22,0.0102161516465179
2016-02-23,0.0091676435847221
2016-02-24,0.0130065124671806
2016-02-25,0.0249891796691776
2016-02-26,0.0240518360533476
2016-02-27,0.0222303196500137
2016-02-28,0.0205314276070129
2016-02-29,0.0183979977539421
2016-03-01,0.0167973234756853
2016-03-02,0.0149966219418059
2016-03-03,0.0132070627206423
2016-03-04,0.0116040117373049
2016-03-05,0.0101835139463302
2016-03-06,0.0089023425114443
2016-03-07,0.0078311546337791
2016-03-08,0.0069953047284162
2016-03-09,0.0062378706086014
2016-03-10,0.0055792883395837
2016-03-11,0.0140337871048487
2016-03-12,0.0066742503173764
2016-03-13,0.0059435356710166
2016-03-14,0.0059584223803408
2016-03-15,0.005707211918138
2016-03-16,0.0053423363966838
2016-03-17,0.0049147376973048
2016-03-18,0.0044856107750583
2016-03-19,0.0040780746362741
2016-03-20,0.0036828240249101
2016-03-21,0.0033251232257345
2016-03-22,0.002996003812368
2016-03-23,0.0026882181091149
2016-03-24,0.0023941804718052
2016-03-25,0.0021302242307004
2016-03-26,0.0018921138614749
2016-03-27,0.0016766913215755
2016-03-28,0.0014778138441239
2016-03-29,0.0012937890522073
2016-03-30,0.0011279481074624
2016-03-31,0.000988099973345
2016-04-01,0.0008717712899743
2016-04-02,0.0007701306589658
2016-04-03,0.0006831718350463
2016-04-04,0.0006035633282997
2016-04-05,0.0005357278602837
2016-04-06,0.0004838138761973
2016-04-07,0.0004460270495758
2016-04-08,0.000422729645129
2016-04-09,0.0004109144570672
2016-04-10,0.000407080738909
2016-04-11,0.0004050870732723
2016-04-12,0.0004034345113606
2016-04-13,0.0004015845857397
2016-04-14,0.0003988981210744
2016-04-15,0.0003959826682551
2016-04-16,0.0003929800143639
2016-04-17,0.000390013674481
2016-04-18,0.0003869319499546
2016-04-19,0.0003838394056447
2016-04-20,0.0003809450697575
2016-04-21,0.000378168334238
2016-04-22,0.0003749582887777
2016-04-23,0.000371712856299
2016-04-24,0.0013437615432842
2016-04-25,0.000368239341801
2016-04-26,0.0003662051435438
2016-04-27,0.0123134758498975
2016-04-28,0.0070112907346314
2016-04-29,0.0066621030159944
2016-04-30,0.002113733493105
2016-05-01,0.0004004663443501
2016-05-02,0.0059336846591317
2016-05-03,0.000470705707641
2016-05-04,0.0005220678504267
2016-05-05,0.0009253525772562
2016-05-06,0.0013348439628501
2016-05-07,0.0026140694356934
2016-05-08,0.003012084681391
2016-05-09,0.0008038418011695
2016-05-10,0.0008678676387748
2016-05-11,0.0008460127321745
2016-05-12,0.0007930850526401
2016-05-13,0.0007246332926665
2016-05-14,0.0006550530183878
2016-05-15,0.008755908243969
2016-05-16,0.0083473975797567
2016-05-17,0.0015738665628786
2016-05-18,0.00186523462139
2016-05-19,0.0023817794334661
2016-05-20,0.0019196576667964
2016-05-21,0.0018146173316758
2016-05-22,0.0017614462633957
2016-05-23,0.001626424256038
2016-05-24,0.0014570782970953
2016-05-25,0.0012635967020579
2016-05-26,0.0010678356653887
2016-05-27,0.0009042501681197
2016-05-28,0.0007792901731667
2016-05-29,0.0006865024065738
2016-05-30,0.0005968629931131
2016-05-31,0.0005268807979741
2016-06-01,0.0004722883471214
2016-06-02,0.0004339369775716
2016-06-03,0.0004092237540659
2016-06-04,0.0003985329680223
2016-06-05,0.0003940213936117
2016-06-06,0.0003897335894247
2016-06-07,0.0003855703230829
2016-06-08,0.000381205222088
2016-06-09,0.0003768868926283
2016-06-10,0.0003725829681969
2016-06-11,0.0003684964923781
2016-06-12,0.0003642194868209
2016-06-13,0.0003598495241185
2016-06-14,0.0003556621431401
2016-06-15,0.0003512437532375
2016-06-16,0.0003469761547491
2016-06-17,0.0003427043106799
2016-06-18,0.0003381281320805
2016-06-19,0.0003334745210982
2016-06-20,0.0003290001784274
2016-06-21,0.0003243158272566
2016-06-22,0.0003194272298607
2016-06-23,0.0003146634923469
2016-06-24,0.0003097197847736
2016-06-25,0.0003047270501025
2016-06-26,0.0002997364858755
2016-06-27,0.0002948860178533
2016-06-28,0.0002902356092576
2016-06-29,0.000285334635503
2016-06-30,0.0002803763271781
2016-07-01,0.0002755062998603
2016-07-02,0.0002706073587193
2016-07-03,0.0002656227899396
2016-07-04,0.0002608384109288
2016-07-05,0.0002561381119416
2016-07-06,0.0002513798864718
2016-07-07,0.0002469262091316
2016-07-08,0.0002424798146237
2016-07-09,0.0002382058911543
2016-07-10,0.0002342318160249
2016-07-11,0.0002304412826947
2016-07-12,0.0002268323705459
2016-07-13,0.0002231661129565
2016-07-14,0.0002196437331288
2016-07-15,0.0002161608395805
2016-07-16,0.0002129313996951
2016-07-17,0.0002101323148125
2016-07-18,0.0002074761213724
2016-07-19,0.0002047886412776
2016-07-20,0.0002020832127032
2016-07-21,0.000199431118015
2016-07-22,0.0001966670758212
2016-07-23,0.0001940717084917
2016-07-24,0.0001915245544666
2016-07-25,0.0001890020818459
2016-07-26,0.0001864151255349
2016-07-27,0.0001838780328012
2016-07-28,0.0001817037246886
2016-07-29,0.0001797329558685
2016-07-30,0.0001779219556984
2016-07-31,0.000176168077854
2016-08-01,0.0001744174176436
2016-08-02,0.000172774268775
2016-08-03,0.0001713977979628
2016-08-04,0.0001701676038695
2016-08-05,0.0001690468446225
2016-08-06,0.0001679634539622
2016-08-07,0.0007734176254398
2016-08-08,0.0116726589207092
2016-08-09,0.0001672267043161
2016-08-10,0.0001675037407928
2016-08-11,0.0001675917751452
2016-08-12,0.0001675489789683
2016-08-13,0.0001674003653432
2016-08-14,0.000167134026861
2016-08-15,0.0001666317931148
2016-08-16,0.0001657481830863
2016-08-17,0.0001649144687853
2016-08-18,0.0001642516573955
2016-08-19,0.0001635060041337
2016-08-20,0.0001630960178875
2016-08-21,0.0001627167732321
2016-08-22,0.0001623440987009
2016-08-23,0.0001619372392382
2016-08-24,0.0001615011547493
2016-08-25,0.0001611077491602
2016-08-26,0.0001607202320778
2016-08-27,0.0001603161457193
2016-08-28,0.0001599557518948
2016-08-29,0.0001596053833006
2016-08-30,0.0001592735192939
2016-08-31,0.0001589645661358
2016-09-01,0.0001586068582624
2016-09-02,0.0001581978372282
2016-09-03,0.0001579315327682
2016-09-04,0.0001576671546166
2016-09-05,0.0001573850778149
2016-09-06,0.000157207828022
2016-09-07,0.0001571316699761
2016-09-08,0.000157055019618
2016-09-09,0.0001569758893073
2016-09-10,0.0001568974606616
2016-09-11,0.0001568160597512
2016-09-12,0.0001567358834841
2016-09-13,0.0001566544825737
2016-09-14,0.000156572558685
2016-09-15,0.0001564894101531
2016-09-16,0.0001564074862644
2016-09-17,0.0001563238147543
2016-09-18,0.0001562406662224
2016-09-19,0.0001561570253782
2016-09-20,0.0001560738768463
2016-09-21,0.0001559902053361
2016-09-22,0.000155906533826
2016-09-23,0.0001558228623158
2016-09-24,0.0001557391908057
2016-09-25,0.0001556555192955
2016-09-26,0.0001555706231421
2016-09-27,0.0001554869516319
2016-09-28,0.0001554027571436
2016-09-29,0.0001553178609901
2016-09-30,0.0005889916537233
2016-10-01,0.0024981954938884
2016-10-02,0.0001550681017689
2016-10-03,0.0003393264963067
2016-10-04,0.0001549144567612
2016-10-05,0.0001548390310463
2016-10-06,0.0001547630823532
2016-10-07,0.0001546871336601
2016-10-08,0.0001546111849669
2016-10-09,0.0001759995967065
2016-10-10,0.0001544585859157
2016-10-11,0.0001543826372226
2016-10-12,0.0001543049715739
2016-10-13,0.0001542277982375
2016-10-14,0.0001541506249011
2016-10-15,0.0001540729285865
2016-10-16,0.0001539940076286
2016-10-17,0.0006251824692111
2016-10-18,0.0008647596235451
2016-10-19,0.0003511483359501
2016-10-20,0.0001536900210872
2016-10-21,0.000153621751463
2016-10-22,0.0001535534818387
2016-10-23,0.0001534847199023
2016-10-24,0.0001534152256348
2016-10-25,0.0001533446854108
2016-10-26,0.0001532741451868
2016-10-27,0.0001532031126506
2016-10-28,0.0001531308248051
2016-10-29,0.0001530580139814
2016-10-30,0.0001529852031577
2016-10-31,0.0001529101217342
2016-11-01,0.0005810342247849
2016-11-02,0.0012101073985621
2016-11-03,0.0001526903603472
2016-11-04,0.0001526261526923
2016-11-05,0.000152563692659
2016-11-06,0.0001525017556039
2016-11-07,0.0032319288348238
2016-11-08,0.0001524582467259
2016-11-09,0.0001525505112956
2016-11-10,0.0029787667172979
2016-11-11,0.0001530640994379
2016-11-12,0.0090093702143308
2016-11-13,0.0060165165791098
2016-11-14,0.0001727470131493
2016-11-15,0.0001794122964892
2016-11-16,0.0001827896393133
2016-11-17,0.0001848273575371
2016-11-18,0.0001862190520064
2016-11-19,0.0001872041421965
2016-11-20,0.002239145512117
2016-11-21,0.0073350569730723
2016-11-22,0.0002245925070376
2016-11-23,0.0002026856564217
2016-11-24,0.0058570706730738
2016-11-25,0.0077892178963499
2016-11-26,0.0055719094594764
2016-11-27,0.0033426839593551
2016-11-28,0.0002513870564713
2016-11-29,0.0002561185809375
2016-11-30,0.0072581869176418
2016-12-01,0.0012142734645535
2016-12-02,0.0054537739472719
2016-12-03,0.0002836603397115
2016-12-04,0.0002888703018457
2016-12-05,0.0002915938868882
2016-12-06,0.0002931510548999
2016-12-07,0.0002941583301884
2016-12-08,0.0002948757372685
2016-12-09,0.0002952015040095
2016-12-10,0.0002951304656552
2016-12-11,0.0002950298751855
2016-12-12,0.0002949026165615
2016-12-13,0.0002947456623031
2016-12-14,0.0003469115855341
2016-12-15,0.0002949232903216
2016-12-16,0.0074023809611321
2016-12-17,0.0013849088545769
2016-12-18,0.0003027101142112
2016-12-19,0.0003051947466726
2016-12-20,0.0003065771170594
2016-12-21,0.0003074517128888
2016-12-22,0.0079544586836597
2016-12-23,0.011722650988214
2016-12-24,0.0055745619614172
2016-12-25,0.0003507752956265
2016-12-26,0.0003572010858399
2016-12-27,0.0003603695786772
2016-12-28,0.0003623728290962
2016-12-29,0.0040405144391087
2016-12-30,0.0060889427941309
2016-12-31,0.0429552371608877
2017-01-01,0.0089288698150346
2017-01-02,0.0034814362144245
2017-01-03,0.0041569636587354
2017-01-04,0.0043060266925235
2017-01-05,0.004241524147209
2017-01-06,0.004074622435815
2017-01-07,0.0038640862898232
2017-01-08,0.0036276046890653
2017-01-09,0.0033814523884748
2017-01-10,0.0031666009951634
2017-01-11,0.0029656397593683
2017-01-12,0.0027596229904856
2017-01-13,0.0034574800644509
2017-01-14,0.0024597933070618
2017-01-15,0.002311737914747
2017-01-16,0.0021766935220945
2017-01-17,0.0029987610085993
2017-01-18,0.0060434372901919
2017-01-19,0.0020902829986579
2017-01-20,0.0021689233359738
2017-01-21,0.0024712724005197
2017-01-22,0.0038048795325322
2017-01-23,0.0083967668581933
2017-01-24,0.00288168616185
2017-01-25,0.0032899722633586
2017-01-26,0.0034132922824283
2017-01-27,0.0033949789529803
2017-01-28,0.0040830966057856
2017-01-29,0.0324889419663105
2017-01-30,0.0101367891173845
2017-01-31,0.0120580196337251
2017-02-01,0.014936655343766
2017-02-02,0.0273511427726216
2017-02-03,0.016116475329846
2017-02-04,0.0197200102897744
2017-02-05,0.0210591087344706
2017-02-06,0.0311984629597406
2017-02-07,0.0273841372001048
2017-02-08,0.032269812761487
2017-02-09,0.0245858365867323
2017-02-10,0.029845247098483
2017-02-11,0.0477418632522769
2017-02-12,0.0580904105462046
2017-02-13,0.0302476784788021
2017-02-14,0.0299352998022657
2017-02-15,0.0292847367903974
2017-02-16,0.0312281059988407
2017-02-17,0.0273767926307405
2017-02-18,0.022588372299675
2017-02-19,0.0226905596617305
2017-02-20,0.033015244358536
2017-02-21,0.0218322326565511
2017-02-22,0.0249910506511784
2017-02-23,0.0208158627936216
2017-02-24,0.0227897290465148
2017-02-25,0.0334627466550378
2017-02-26,0.0268746390271589
2017-02-27,0.0239964133476248
2017-02-28,0.0230213336847697
2017-03-01,0.0208781336814896
2017-03-02,0.0230690307924808
2017-03-03,0.0209085593182792
2017-03-04,0.0191901805790703
2017-03-05,0.0280376917134364
2017-03-06,0.0238299613858181
2017-03-07,0.0266539679728547
2017-03-08,0.0247239372726442
2017-03-09,0.024798562714085
2017-03-10,0.0247470094346119
2017-03-11,0.0237504860595562
2017-03-12,0.0340748838346959
2017-03-13,0.0234110381918989
2017-03-14,0.0218572128531292
2017-03-15,0.0223923890458689
2017-03-16,0.0202596638647372
2017-03-17,0.0182188347584863
2017-03-18,0.0227934773080127
2017-03-19,0.0163188050792936
2017-03-20,0.0154197484805738
2017-03-21,0.0137898290957335
2017-03-22,0.0127669982314679
2017-03-23,0.0213548996646784
2017-03-24,0.0121564952383053
2017-03-25,0.0119570697440112
2017-03-26,0.0109000052666486
2017-03-27,0.0099726605628154
2017-03-28,0.0090266933827743
2017-03-29,0.0081253866638602
2017-03-30,0.0072405006387821
2017-03-31,0.0063999955861909
2017-04-01,0.0056167340306212
2017-04-02,0.004882477264685
2017-04-03,0.004225969891195
2017-04-04,0.0036330862210601
2017-04-05,0.0031054240544339
2017-04-06,0.0026490913471808
2017-04-07,0.0022498194553495
2017-04-08,0.0019085134455931
2017-04-09,0.0047414051391947
2017-04-10,0.0016151167930391
2017-04-11,0.0014858199189805
2017-04-12,0.0013191712370077
2017-04-13,0.0012230359804179
2017-04-14,0.0023475757856783
2017-04-15,0.0010822452954165
2017-04-16,0.001118052566809
2017-04-17,0.0009512074050216
2017-04-18,0.0008496776313722
2017-04-19,0.0015187946772949
2017-04-20,0.0007447856798954
2017-04-21,0.0006744996570873
2017-04-22,0.000607299739606
2017-04-23,0.001759951330889
2017-04-24,0.0026321522031374
2017-04-25,0.0033507493602647
2017-04-26,0.0026358058134241
2017-04-27,0.0007555451771624
2017-04-28,0.0054087271523942
2017-04-29,0.0046380012207014
2017-04-30,0.007499502019946
2017-05-01,0.0025999231334372
2017-05-02,0.0051845114316416
2017-05-03,0.0035414197171484
2017-05-04,0.0035245155486785
2017-05-05,0.0032294783597361
2017-05-06,0.0028514845197309
2017-05-07,0.0025178422274048
2017-05-08,0.0022708025356784
2017-05-09,0.0020359670303344
2017-05-10,0.0017732620866317
2017-05-11,0.0015189629239051
2017-05-12,0.0012728948216778
2017-05-13,0.0010478827952859
2017-05-14,0.0008552294353567
2017-05-15,0.0007192336118907
2017-05-16,0.0006431093497109
2017-05-17,0.0006412168923014
2017-05-18,0.0014422954149877
2017-05-19,0.008304284126459
2017-05-20,0.0015609815539219
2017-05-21,0.0008019781637423
2017-05-22,0.0057470636989494
2017-05-23,0.0011462989139023
2017-05-24,0.001224908294929
2017-05-25,0.001136031106684
2017-05-26,0.0010005475484855
2017-05-27,0.0008882113954327
2017-05-28,0.0008083331464537
2017-05-29,0.0006964669246584
2017-05-30,0.0005979786791525
2017-05-31,0.0005374953261843
2017-06-01,0.0072615600228435
2017-06-02,0.0013460165172115
2017-06-03,0.0006715282060397
2017-06-04,0.0006687063846536
2017-06-05,0.0006186722776378
2017-06-06,0.0018324959374625
2017-06-07,0.0006504832543486
2017-06-08,0.0005924082012549
2017-06-09,0.0005407536065158
2017-06-10,0.0004881322798031
2017-06-11,0.0004494294183892
2017-06-12,0.0004251492131656
2017-06-13,0.0004125793316257
2017-06-14,0.0004063099369984
2017-06-15,0.0004033826159784
2017-06-16,0.0004004967917742
2017-06-17,0.0003973096767872
2017-06-18,0.0003939787646109
2017-06-19,0.0003901063547164
2017-06-20,0.0003859235103529
2017-06-21,0.0003817672700078
2017-06-22,0.000377678918213
2017-06-23,0.0003737175956002
2017-06-24,0.0003698572150126
2017-06-25,0.0003660836221004
2017-06-26,0.0003621532401945
2017-06-27,0.0003578206508822
2017-06-28,0.0003533532572422
2017-06-29,0.0003488679249748
2017-06-30,0.0003443203306012
2017-07-01,0.0003397396054517
2017-07-02,0.0003350183980541
2017-07-03,0.000330362146147
2017-07-04,0.0003257897505535
2017-07-05,0.0003212189369768
2017-07-06,0.0003166559599192
2017-07-07,0.0003120920665346
2017-07-08,0.0003077114978648
2017-07-09,0.000303517935994
2017-07-10,0.0002993877533702
2017-07-11,0.0002949990999635
2017-07-12,0.00029063176766
2017-07-13,0.0002865802526444
2017-07-14,0.0002830543074241
2017-07-15,0.0002793120977523
2017-07-16,0.0002751697775531
2017-07-17,0.0002708657709345
2017-07-18,0.0002661178078863
2017-07-19,0.0002614713615253
2017-07-20,0.000256935864277
2017-07-21,0.0002523003311351
2017-07-22,0.0002478287006479
2017-07-23,0.0002434557683028
2017-07-24,0.0002395735984166
2017-07-25,0.0002360119342324
2017-07-26,0.0002322720001232
2017-07-27,0.000228590493978
2017-07-28,0.0002249848048585
2017-07-29,0.0002215249999168
2017-07-30,0.0002180831225995
2017-07-31,0.0002146836510748
2017-08-01,0.0002113539744024
2017-08-02,0.0002081509658442
2017-08-03,0.0002049128008124
2017-08-04,0.0002018919062568
2017-08-05,0.000199101904078
2017-08-06,0.0001964849886768
2017-08-07,0.0001937956095887
2017-08-08,0.0001911286139073
2017-08-09,0.000188758982013
2017-08-10,0.0001866497532852
2017-08-11,0.0001846750229912
2017-08-12,0.0001825439289516
2017-08-13,0.0001804718933568
2017-08-14,0.0001786822984289
2017-08-15,0.0001770237554059
2017-08-16,0.0001754594587748
2017-08-17,0.0001738538722615
2017-08-18,0.0001721660457701
2017-08-19,0.0001705947930546
2017-08-20,0.0001692002581473
2017-08-21,0.0001680715785408
2017-08-22,0.0001668784884247
2017-08-23,0.0001655276373432
2017-08-24,0.0001643482472329
2017-08-25,0.0001635298519507
2017-08-26,0.0001628820054328
2017-08-27,0.0001621262206686
2017-08-28,0.0001611889860183
2017-08-29,0.0001605397575345
2017-08-30,0.0001600774793626
2017-08-31,0.000159682271487
2017-09-01,0.0001593128354865
2017-09-02,0.0001589533189147
2017-09-03,0.0001586453886905
2017-09-04,0.0001584146276824
2017-09-05,0.0001581838053424
2017-09-06,0.0001579528296724
2017-09-07,0.0001577332437837
2017-09-08,0.0001575135678934
2017-09-09,0.0001572761090007
2017-09-10,0.0001570290062917
2017-09-11,0.0001568235721198
2017-09-12,0.0001567356730356
2017-09-13,0.000156650223238
2017-09-14,0.0001565648041063
2017-09-15,0.0001564793543087
2017-09-16,0.000156393935177
2017-09-17,0.0001563084853794
2017-09-18,0.000156223589226
2017-09-19,0.0001561381394283
2017-09-20,0.0001560527202967
2017-09-21,0.000155967301165
2017-09-22,0.0001558823743456
2017-09-23,0.0001557969552139
2017-09-24,0.0001557115360823
2017-09-25,0.0001556266092629
2017-09-26,0.0001555424147745
2017-09-27,0.0001554575186211
2017-09-28,0.0001553720994894
2017-09-29,0.000155287203336
2017-09-30,0.0001552029781816
2017-10-01,0.0001551180820282
2017-10-02,0.0001550326628965
2017-10-03,0.0001549489913864
2017-10-04,0.0007508422477137
2017-10-05,0.0004209877858678
2017-10-06,0.0001571150101018
2017-10-07,0.000154611333081
2017-10-08,0.0001545259139494
2017-10-09,0.0001544422424392
2017-10-10,0.0001543573769518
2017-10-11,0.0001542737054416
2017-10-12,0.0001541895109532
2017-10-13,0.0001541046147998
2017-10-14,0.0001540209739556
2017-10-15,0.0001539373024455
2017-10-16,0.0001538524062921
2017-10-17,0.0001537687347819
2017-10-18,0.0001536850939378
2017-10-19,0.0001536014224276
2017-10-20,0.0067661091222976
2017-10-21,0.0048537841940836
2017-10-22,0.0048157042791129
2017-10-23,0.0009668372105596
2017-10-24,0.0051018144653356
2017-10-25,0.0177083810777173
2017-10-26,0.0002276417203918
2017-10-27,0.0099826676458843
2017-10-28,0.0002277626353503
2017-10-29,0.0002342765954303
2017-10-30,0.000236578997146
2017-10-31,0.0002378358926829
2017-11-01,0.0002382070623707
2017-11-02,0.0002381039166822
2017-11-03,0.0007035992537797
2017-11-04,0.0002385457430584
2017-11-05,0.0002386036544178
2017-11-06,0.0002384597757212
2017-11-07,0.0012194218945095
2017-11-08,0.022254100555533
2017-11-09,0.0057460093221907
2017-11-10,0.0020821869964859
2017-11-11,0.0002922988123052
2017-11-12,0.0002964761973264
2017-11-13,0.0002986711683173
2017-11-14,0.000300084251806
2017-11-15,0.0003010625270562
2017-11-16,0.0003016055903963
2017-11-17,0.000301923777458
2017-11-18,0.0017288821447275
2017-11-19,0.0006772677677104
2017-11-20,0.0004656562506239
2017-11-21,0.0005177507727345
2017-11-22,0.000609634387581
2017-11-23,0.000381304430576
2017-11-24,0.0003297125278244
2017-11-25,0.0003282868019227
2017-11-26,0.0006516287204225
2017-11-27,0.0005350548142368
2017-11-28,0.000722809540658
2017-11-29,0.000461676088039
2017-11-30,0.0003368054824049
2017-12-01,0.0023637241523045
2017-12-02,0.0003139527028126
2017-12-03,0.0003152895742142
2017-12-04,0.0004473719984591
2017-12-05,0.0012858365963389
2017-12-06,0.0007006235408568
2017-12-07,0.001627067797676
2017-12-08,0.0038075939897165
2017-12-09,0.0073988039400012
2017-12-10,0.0008722798864925
2017-12-11,0.0004129230599787
2017-12-12,0.0004778728470707
2017-12-13,0.0004010601295289
2017-12-14,0.000655336018403
2017-12-15,0.0006908494479208
2017-12-16,0.0004150566606059
2017-12-17,0.0011620609491714
2017-12-18,0.0004199390490715
2017-12-19,0.0004675325035044
2017-12-20,0.0006982481398409
2017-12-21,0.000542918483869
2017-12-22,0.0015491070331532
2017-12-23,0.0027250944613945
2017-12-24,0.0015675926739504
2017-12-25,0.0011815086725578
2017-12-26,0.0009850424187832
2017-12-27,0.000373406177854
2017-12-28,0.0003747862632819
2017-12-29,0.0082686618634105
2017-12-30,0.0011496181025677
2017-12-31,0.0003886715837234
2018-01-01,0.0003920647976084
2018-01-02,0.000394030381832
2018-01-03,0.0003951972916841
2018-01-04,0.000395843003428
2018-01-05,0.0003962169246051
2018-01-06,0.0003963540051817
2018-01-07,0.0003964037885681
2018-01-08,0.0003961694928633
2018-01-09,0.0003957887855009
2018-01-10,0.0003953229550484
2018-01-11,0.0003947871564074
2018-01-12,0.0003940472656373
2018-01-13,0.0003931692151215
2018-01-14,0.0003922176144853
2018-01-15,0.0003914814536679
2018-01-16,0.0003906997766244
2018-01-17,0.0003897662365135
2018-01-18,0.0003888687184896
2018-01-19,0.0003880346774459
2018-01-20,0.0003873495141227
2018-01-21,0.0003867401846017
2018-01-22,0.0003863155786239
2018-01-23,0.0003859551529063
2018-01-24,0.0003854500071711
2018-01-25,0.0003849597202959
2018-01-26,0.000384497185163
2018-01-27,0.0003839163957382
2018-01-28,0.0003828694378104
2018-01-29,0.0003817175453745
2018-01-30,0.0003804756398146
2018-01-31,0.0003793886992164
2018-02-01,0.01324663793505
2018-02-02,0.0143292961846144
2018-02-03,0.0181654354146099
2018-02-04,0.0151225162746415
2018-02-05,0.0077317533797321
2018-02-06,0.0191418693544086
2018-02-07,0.0224050563124095
2018-02-08,0.0152466467785177
2018-02-09,0.014770080117057
2018-02-10,0.0139417803698134
2018-02-11,0.012937018053092
2018-02-12,0.0119270548409146
2018-02-13,0.0107166944600546
2018-02-14,0.009923276761974
2018-02-15,0.009496782824788
2018-02-16,0.0099245772905189
2018-02-17,0.0175121832993978
2018-02-18,0.010986496286465
2018-02-19,0.0103928226054488
2018-02-20,0.0262223349974432
2018-02-21,0.0169899512370551
2018-02-22,0.0155965416500622
2018-02-23,0.0146964518402652
2018-02-24,0.0133640181419777
2018-02-25,0.0118894810468848
2018-02-26,0.0105039113312121
2018-02-27,0.0092756285895297
2018-02-28,0.0082059157402725
2018-03-01,0.0072738680985591
2018-03-02,0.0064543823102544
2018-03-03,0.0057213466784598
2018-03-04,0.005087063416111
2018-03-05,0.0045387954462043
2018-03-06,0.0040600908799829
2018-03-07,0.0038328097472491
2018-03-08,0.0133493279532324
2018-03-09,0.0054184233408172
2018-03-10,0.0045293469345415
2018-03-11,0.0046194749982796
2018-03-12,0.0044527396663897
2018-03-13,0.0041611629656011
2018-03-14,0.0038198866607482
2018-03-15,0.0034895985214294
2018-03-16,0.0031859917159582
2018-03-17,0.0029269329865808
2018-03-18,0.0052592483691573
2018-03-19,0.0064058725660744
2018-03-20,0.0030480529195277
2018-03-21,0.0029686442988615
2018-03-22,0.0029072007957716
2018-03-23,0.0027716746782383
2018-03-24,0.0025897449488212
2018-03-25,0.0024028555716024
2018-03-26,0.002236264144247
2018-03-27,0.0020524927027309
2018-03-28,0.0018712086671735
2018-03-29,0.00169393131294
2018-03-30,0.0015124627036183
2018-03-31,0.0013425216379758
2018-04-01,0.0011806450972726
2018-04-02,0.0030641239208794
2018-04-03,0.001173834839279
2018-04-04,0.0011054514864417
2018-04-05,0.0009902845167689
2018-04-06,0.0009264232944179
2018-04-07,0.0008487708174748
2018-04-08,0.0007597368179173
2018-04-09,0.0006722821072529
2018-04-10,0.0005951264643283
2018-04-11,0.0005330996515065
2018-04-12,0.0004853696260652
2018-04-13,0.0004515778011893
2018-04-14,0.000461055398662
2018-04-15,0.0053065562073536
2018-04-16,0.0015679309168779
2018-04-17,0.0004321573485211
2018-04-18,0.0004252602281399
2018-04-19,0.0004196874591167
2018-04-20,0.0051139997266812
2018-04-21,0.0036485707099565
2018-04-22,0.0005200514653534
2018-04-23,0.0005643478545359
2018-04-24,0.0005654937105734
2018-04-25,0.0005470730429935
2018-04-26,0.0005653196974134
2018-04-27,0.0032257115768574
2018-04-28,0.0029481349346378
2018-04-29,0.0019370572902594
2018-04-30,0.0007237398528497
2018-05-01,0.0007315853756145
2018-05-02,0.0006877503694557
2018-05-03,0.0006308402423484
2018-05-04,0.0005737354937521
2018-05-05,0.0005266761774245
2018-05-06,0.000488445293065
2018-05-07,0.0004561415201823
2018-05-08,0.0004298996815923
2018-05-09,0.0004123376702319
2018-05-10,0.0004035676708624
2018-05-11,0.0004001123563268
2018-05-12,0.0003967118788231
2018-05-13,0.0003931264651106
2018-05-14,0.0003895710762041
2018-05-15,0.0003861557087484
2018-05-16,0.000382835555914
2018-05-17,0.0003795076320128
2018-05-18,0.0003760867677427
2018-05-19,0.000372152552079
2018-05-20,0.0003677331559339
2018-05-21,0.0003634089548268
2018-05-22,0.0003593509889439
2018-05-23,0.000355011775564
2018-05-24,0.0003506873195752
2018-05-25,0.0003465331891084
2018-05-26,0.0003423437112925
2018-05-27,0.0003382190000848
2018-05-28,0.0003339101512591
2018-05-29,0.0003298139814226
2018-05-30,0.0003256943503647
2018-05-31,0.0003215022004459
2018-06-01,0.000317154196633
2018-06-02,0.0003127437372884
2018-06-03,0.000308260043064
2018-06-04,0.0003037573523657
2018-06-05,0.0002990319509085
2018-06-06,0.0002937738512141
2018-06-07,0.0002888608910084
2018-06-08,0.0002841432144444
2018-06-09,0.0002790792670596
2018-06-10,0.000274176887423
2018-06-11,0.0002696095181983
2018-06-12,0.0002650426531791
2018-06-13,0.000260190473721
2018-06-14,0.0002556996764858
2018-06-15,0.000251420938797
2018-06-16,0.0002471976330675
2018-06-17,0.0002430272714006
2018-06-18,0.0002390558536325
2018-06-19,0.0002352243407741
2018-06-20,0.0002312851537732
2018-06-21,0.0002276004607012
2018-06-22,0.0002241214924889
2018-06-23,0.0002206717652304
2018-06-24,0.0002174936968299
2018-06-25,0.0002145420929242
2018-06-26,0.0002117559025006
2018-06-27,0.0002087135916586
2018-06-28,0.0002052654264107
2018-06-29,0.0002019806194731
2018-06-30,0.0001989634008437
2018-07-01,0.0001962784738023
2018-07-02,0.0001936759531924
2018-07-03,0.0001913547340646
2018-07-04,0.0001893094119872
2018-07-05,0.0001872314179318
2018-07-06,0.0001850609038694
2018-07-07,0.0001827071452415
2018-07-08,0.0001803114719444
2018-07-09,0.0001779939979339
2018-07-10,0.0001760053051038
2018-07-11,0.0001741846087092
2018-07-12,0.0001936940114065
2018-07-13,0.0001712746699525
2018-07-14,0.0001693919969164
2018-07-15,0.0001676496785367
2018-07-16,0.0001658613135197
2018-07-17,0.0001643495483624
2018-07-18,0.0001631113071223
2018-07-19,0.000162056314145
2018-07-20,0.0001610449654518
2018-07-21,0.0001600819146693
2018-07-22,0.0001593419994678
2018-07-23,0.000158693694489
2018-07-24,0.0001581491713699
2018-07-25,0.0001578627989103
2018-07-26,0.0001576019391497
2018-07-27,0.0001573223764069
2018-07-28,0.0001571218101421
2018-07-29,0.0001570351663672
2018-07-30,0.0001569497165695
2018-07-31,0.0001568637437937
2018-08-01,0.000156778324662
2018-08-02,0.0001566928748644
2018-08-03,0.0001566062310894
2018-08-04,0.0001565207812918
2018-08-05,0.0001564358851384
2018-08-06,0.0001563504353407
2018-08-07,0.0001562650162091
2018-08-08,0.0001561795664114
2018-08-09,0.0001560941472798
2018-08-10,0.0001560099221254
2018-08-11,0.000155925025972
2018-08-12,0.0001558396068403
2018-08-13,0.0001557541877086
2018-08-14,0.000155668737911
2018-08-15,0.0001555838417576
2018-08-16,0.000449374127829
2018-08-17,0.0001554142281375
2018-08-18,0.0001553293319841
2018-08-19,0.0001552451068297
2018-08-20,0.0001551602106763
2018-08-21,0.0001550747915447
2018-08-22,0.0001549911200345
2018-08-23,0.0001549057009029
2018-08-24,0.0001548220293927
2018-08-25,0.000154736610261
2018-08-26,0.0001546529387509
2018-08-27,0.0001545680732635
2018-08-28,0.0001544838787751
2018-08-29,0.0001543989826216
2018-08-30,0.0001543153111115
2018-08-31,0.0001542311166231
2018-09-01,0.0001541462204697
2018-09-02,0.0001540625796255
2018-09-03,0.0001539789081154
2018-09-04,0.000153894011962
2018-09-05,0.0001538103711178
2018-09-06,0.0001537266996076
2018-09-07,0.0001536425051192
2018-09-08,0.0001535588642751
2018-09-09,0.0005995056925735
2018-09-10,0.0001533903272775
2018-09-11,0.0001533066557673
2018-09-12,0.0001532230149232
2018-09-13,0.0001531398663913
2018-09-14,0.0001530562255471
2018-09-15,0.0001529725847029
2018-09-16,0.0001528889131928
2018-09-17,0.0001528052723486
2018-09-18,0.0001527216008385
2018-09-19,0.0001526397076158
2018-09-20,0.0001525560667717
2018-09-21,0.0001524724259275
2018-09-22,0.0001523887544173
2018-09-23,0.0001523056365514
2018-09-24,0.0001522232203505
2018-09-25,0.0001521395795064
2018-09-26,0.0001520564616404
2018-09-27,0.0001519740454395
2018-09-28,0.0001518909275736
2018-09-29,0.0001518072867294
2018-09-30,0.0001517253935068
2018-10-01,0.0001516417526626
2018-10-02,0.00015155985944
2018-10-03,0.000151476741574
2018-10-04,0.0001513943253731
2018-10-05,0.0001513112075072
2018-10-06,0.0001512287913063
2018-10-07,0.0001511457041064
2018-10-08,0.0001510638108837
2018-10-09,0.0001509806930178
2018-10-10,0.0001508982768169
2018-10-11,0.0001508164142602
2018-10-12,0.0001507345210376
2018-10-13,0.0001506514031716
2018-10-14,0.000150569540615
2018-10-15,0.0001504876473923
2018-10-16,0.0001504052311914
2018-10-17,0.0001503221439915
2018-10-18,0.0001502402507688
2018-10-19,0.0001501583882121
2018-10-20,0.0001500764949895
2018-10-21,0.0001499946324328
2018-10-22,0.0001499132621884
2018-10-23,0.0001498313996317
2018-10-24,0.0001497495370751
2018-10-25,0.0001496676438524
2018-10-26,0.0001495857812957
2018-10-27,0.0001495039187391
2018-10-28,0.0001494220255164
2018-10-29,0.0003612294698792
2018-10-30,0.0081133600862414
2018-10-31,0.000280658171718
2018-11-01,0.0001494755185507
2018-11-02,0.0001496809964675
2018-11-03,0.0001498801242314
2018-11-04,0.0001500657886924
2018-11-05,0.0001502398294698
2018-11-06,0.0005343757710714
2018-11-07,0.0045694834596365
2018-11-08,0.000635405883159
2018-11-09,0.000575480350015
2018-11-10,0.0005324651878729
2018-11-11,0.0001566612044522
2018-11-12,0.0001581518260871
2018-11-13,0.0001593744243133
2018-11-14,0.0001603891988428
2018-11-15,0.0001612327728076
2018-11-16,0.0010771033925221
2018-11-17,0.0001627203258925
2018-11-18,0.0001633961066206
2018-11-19,0.0001639437081065
2018-11-20,0.0001643907639302
2018-11-21,0.0055189903227853
2018-11-22,0.0001672691721
2018-11-23,0.000170021308132
2018-11-24,0.0001719962519456
2018-11-25,0.0001734217922014
2018-11-26,0.0001744983609054
2018-11-27,0.0001753570851426
2018-11-28,0.0001760182943818
2018-11-29,0.0001765290570071
2018-11-30,0.0001768744196967
2018-12-01,0.0001771388116488
2018-12-02,0.0097146234414655
2018-12-03,0.0001835094710604
2018-12-04,0.0007652499690283
2018-12-05,0.0075355833493535
2018-12-06,0.0050578419222581
2018-12-07,0.0047099623822113
2018-12-08,0.0002269351302933
2018-12-09,0.0005282137262749
2018-12-10,0.0036567938207929
2018-12-11,0.0003308283793216
2018-12-12,0.0002457843471086
2018-12-13,0.0064770284153656
2018-12-14,0.005830453629606
2018-12-15,0.0059290084732608
2018-12-16,0.0117560806899987
2018-12-17,0.0003997646100139
2018-12-18,0.0009257115660612
2018-12-19,0.0009911028640774
2018-12-20,0.0016099113822762
2018-12-21,0.0012730970324843
2018-12-22,0.0003262038696712
2018-12-23,0.0003280844741759
2018-12-24,0.0003291747210285
2018-12-25,0.0003298109134157
2018-12-26,0.0003302488000284
2018-12-27,0.0016552292159541
2018-12-28,0.0006375376923281
2018-12-29,0.0009012841490286
2018-12-30,0.0003333037166591
2018-12-31,0.0003336257935078
2019-01-01,0.0003337703573119
2019-01-02,0.0003338148160759
2019-01-03,0.0003337124542874
2019-01-04,0.0003336450224175
2019-01-05,0.0003335564649521
2019-01-06,0.0003333116594364
2019-01-07,0.0003501831097711
2019-01-08,0.0003330523326884
2019-01-09,0.000333067298628
2019-01-10,0.00033290118879
2019-01-11,0.0003325673769017
2019-01-12,0.0003320512792896
2019-01-13,0.0003313297659415
2019-01-14,0.0003305876025339
2019-01-15,0.0003298835584353
2019-01-16,0.0003291445696797
2019-01-17,0.0126029541888465
2019-01-18,0.0020203975650157
2019-01-19,0.0004131432487375
2019-01-20,0.000348252532241
2019-01-21,0.0003504917550208
2019-01-22,0.0003518663662042
2019-01-23,0.0003526917339593
2019-01-24,0.0003532051604916
2019-01-25,0.0003534614529714
2019-01-26,0.0003535944838532
2019-01-27,0.0003535280382196
2019-01-28,0.0003531532087455
2019-01-29,0.0003525568011165
2019-01-30,0.0003519230838103
2019-01-31,0.0003512117184392
2019-02-01,0.0003503777309545
2019-02-02,0.0003495862821218
2019-02-03,0.0003487481844178
2019-02-04,0.0003478503012473
2019-02-05,0.0004654328291158
2019-02-06,0.0012739149524983
2019-02-07,0.0007805795352197
2019-02-08,0.0077769395038162
2019-02-09,0.013835048891865
2019-02-10,0.0050198237298871
2019-02-11,0.0003877337013207
2019-02-12,0.0003966699247581
2019-02-13,0.0004113874291255
2019-02-14,0.0035823914863179
2019-02-15,0.0052011080821561
2019-02-16,0.0062143141352428
2019-02-17,0.0479602521472358
2019-02-18,0.0121735116489923
2019-02-19,0.0108751924832915
2019-02-20,0.0144352131023995
2019-02-21,0.0190972557093737
2019-02-22,0.019964955308269
2019-02-23,0.0192890019440279
2019-02-24,0.017000633889316
2019-02-25,0.0174599777546212
2019-02-26,0.017867830493222
2019-02-27,0.0188331332862949
2019-02-28,0.029608532835163
2019-03-01,0.0273969791546021
2019-03-02,0.0219839586306692
2019-03-03,0.0214423266938795
2019-03-04,0.0225119647205673
2019-03-05,0.0267931941383476
2019-03-06,0.021275436676333
2019-03-07,0.020746227217639
2019-03-08,0.0190614318474448
2019-03-09,0.0178529292392491
2019-03-10,0.0190563012719629
2019-03-11,0.0228812889098735
2019-03-12,0.0418477176769013
2019-03-13,0.0332777548740513
2019-03-14,0.0343604633944125
2019-03-15,0.0345435161071824
2019-03-16,0.0339120479005058
2019-03-17,0.0374312687740608
2019-03-18,0.1379037454005084
2019-03-19,0.0370868174052731
2019-03-20,0.0321854123331359
2019-03-21,0.0289123915517653
2019-03-22,0.0275378513190244
2019-03-23,0.0249614127612166
2019-03-24,0.021398057961684
2019-03-25,0.0181632326653141
2019-03-26,0.0160618608672698
2019-03-27,0.013890204529696
2019-03-28,0.0187577594885098
2019-03-29,0.0213039299083029
2019-03-30,0.027864674872472
2019-03-31,0.0227056320048848
2019-04-01,0.019590123348163
2019-04-02,0.0177361953918341
2019-04-03,0.0154835907263603
2019-04-04,0.0200951387562233
2019-04-05,0.0198789663075014
2019-04-06,0.0144704085518312
2019-04-07,0.0137333804499573
2019-04-08,0.0122756200621322
2019-04-09,0.0111173677017859
2019-04-10,0.010008507217286
2019-04-11,0.0088317878216701
2019-04-12,0.0078807877439244
2019-04-13,0.0069720763870855
2019-04-14,0.0061213862473141
2019-04-15,0.0054450868405645
2019-04-16,0.0049155542951471
2019-04-17,0.0044139340785184
2019-04-18,0.011664056591186
2019-04-19,0.0113868735054806
2019-04-20,0.0068654834017365
2019-04-21,0.0091619185957814
2019-04-22,0.0086403363787256
2019-04-23,0.0071109978605558
2019-04-24,0.0067376077509828
2019-04-25,0.01022373378061
2019-04-26,0.0066608753694425
2019-04-27,0.0062745148700773
2019-04-28,0.0057697901854609
2019-04-29,0.0051562654710501
2019-04-30,0.0045236118331479
2019-05-01,0.0038864357703053
2019-05-02,0.0032878219767801
2019-05-03,0.0027727184470861
2019-05-04,0.0023781171069716
2019-05-05,0.0020658720281884
2019-05-06,0.0017438866674575
2019-05-07,0.0014476953119159
2019-05-08,0.0011864660345999
2019-05-09,0.000950568397968
2019-05-10,0.0007582005458282
2019-05-11,0.0006084196719059
2019-05-12,0.0005083512403769
2019-05-13,0.000448749127224
2019-05-14,0.0004209295543142
2019-05-15,0.0004105669705316
2019-05-16,0.0004070881317862
2019-05-17,0.0004043848856915
2019-05-18,0.0010107673729329
2019-05-19,0.0032525570771191
2019-05-20,0.0004065248283114
2019-05-21,0.0004005823055693
2019-05-22,0.002149432935923
2019-05-23,0.000496218243356
2019-05-24,0.0003979331776084
2019-05-25,0.0003952812251389
2019-05-26,0.0003920280102122
2019-05-27,0.0003883419517912
2019-05-28,0.0003845152864171
2019-05-29,0.0003809219435491
2019-05-30,0.0003770254653129
2019-05-31,0.000373111529253
2019-06-01,0.0003693125476638
2019-06-02,0.0003657105528267
2019-06-03,0.0003622269848102
2019-06-04,0.0003585443536747
2019-06-05,0.0003548412013016
2019-06-06,0.0003509423661614
2019-06-07,0.000347107177685
2019-06-08,0.0003437648242923
2019-06-09,0.0003409688087456
2019-06-10,0.0003379990771327
2019-06-11,0.0004522859527823
2019-06-12,0.0003341930721029
2019-06-13,0.0003311499036872
2019-06-14,0.0003269325744026
2019-06-15,0.0003226332803265
2019-06-16,0.0003186543903943
2019-06-17,0.0003149981142551
2019-06-18,0.0003113541879724
2019-06-19,0.000307773163789
2019-06-20,0.0003042182341095
2019-06-21,0.0003003249460746
2019-06-22,0.0002962576638524
2019-06-23,0.0002919707526733
2019-06-24,0.0002875542805929
2019-06-25,0.0580811245577848
2019-06-26,0.0020469074935447
2019-06-27,0.0003605493825426
2019-06-28,0.000361758409059
2019-06-29,0.0003611723497629
2019-06-30,0.0003594301999753
2019-07-01,0.0003571798860173
2019-07-02,0.0003542759207539
2019-07-03,0.0003507510694744
2019-07-04,0.0003473803620575
2019-07-05,0.0003437743147187
2019-07-06,0.0003400159994965
2019-07-07,0.0003359482957202
2019-07-08,0.0003319267509668
2019-07-09,0.000328061779315
2019-07-10,0.0011822850058066
2019-07-11,0.001362346427597
2019-07-12,0.0007374379875326
2019-07-13,0.0003230456923059
2019-07-14,0.0003199050200259
2019-07-15,0.0003161628368998
2019-07-16,0.0003122151725856
2019-07-17,0.0003081602664224
2019-07-18,0.0003043017025996
2019-07-19,0.000300248266875
2019-07-20,0.000296140059148
2019-07-21,0.0002920797915765
2019-07-22,0.0002881731321888
2019-07-23,0.0002843408902325
2019-07-24,0.0002805819620718
2019-07-25,0.0002765813369122
2019-07-26,0.000272567530217
2019-07-27,0.0002685851353872
2019-07-28,0.0002647258443651
2019-07-29,0.0002610431966541
2019-07-30,0.0002573540209522
2019-07-31,0.000253646769262
2019-08-01,0.0002499491793532
2019-08-02,0.000246298200938
2019-08-03,0.0002426413658296
2019-08-04,0.0002389475440574
2019-08-05,0.0002354023371386
2019-08-06,0.0002318827937817
2019-08-07,0.0002283675263252
2019-08-08,0.0002252056707908
2019-08-09,0.000222058081146
2019-08-10,0.000218801189251
2019-08-11,0.0002158323199111
2019-08-12,0.0002132047501026
2019-08-13,0.0002107175043292
2019-08-14,0.0002082090441922
2019-08-15,0.0002056258762728
2019-08-16,0.0002033090610154
2019-08-17,0.0002010150061217
2019-08-18,0.0001986747992122
2019-08-19,0.000196491084575
2019-08-20,0.00019445672719
2019-08-21,0.0001924235110309
2019-08-22,0.0001905084399633
2019-08-23,0.000188555952482
2019-08-24,0.0001868792888258
2019-08-25,0.0001852279010796
2019-08-26,0.0001835554777811
2019-08-27,0.0001820630822627
2019-08-28,0.0001802975918493
2019-08-29,0.000178512114221
2019-08-30,0.0001767741515446
2019-08-31,0.0001753079932418
2019-09-01,0.00017397273428
2019-09-02,0.0001726893862528
2019-09-03,0.0001713144742149
2019-09-04,0.0001702452574366
2019-09-05,0.0001690728730119
2019-09-06,0.0001678941487126
2019-09-07,0.0001670724696163
2019-09-08,0.0001663301780104
2019-09-09,0.000165612635216
2019-09-10,0.0001649705046315
2019-09-11,0.0001643535362551
2019-09-12,0.0001636826688777
2019-09-13,0.0001629527360869
2019-09-14,0.0001623327758623
2019-09-15,0.0001618994540665
2019-09-16,0.0001615624824274
2019-09-17,0.0001611542648204
2019-09-18,0.0001606878489868
2019-09-19,0.0001603738122365
2019-09-20,0.0001601010760315
2019-09-21,0.0001597730142211
2019-09-22,0.0001594036192032
2019-09-23,0.0001591502012965
2019-09-24,0.0001588993896591
2019-09-25,0.0001586063558403
2019-09-26,0.0001583054548365
2019-09-27,0.0001580081357645
2019-09-28,0.0001577658356379
2019-09-29,0.0001575584138257
2019-09-30,0.0001573676447071
2019-10-01,0.0001571688567298
2019-10-02,0.000156968290465
2019-10-03,0.0001567604070066
2019-10-04,0.000156573834796
2019-10-05,0.0001564149370683
2019-10-06,0.0001562651041557
2019-10-07,0.0001561368225097
2019-10-08,0.0001560518956903
2019-10-09,0.0001559664765586
2019-10-10,0.0001558815497392
2019-10-11,0.0001557966535858
2019-10-12,0.0001557112344541
2019-10-13,0.0001556263076347
2019-10-14,0.0032834183159413
2019-10-15,0.0001558069932828
2019-10-16,0.0001553760561013
2019-10-17,0.0001628105309423
2019-10-18,0.000155213764984
2019-10-19,0.0001551338287356
2019-10-20,0.000155052667844
2019-10-21,0.0001549715069523
2019-10-22,0.0001548903460607
2019-10-23,0.0001548091851691
2019-10-24,0.0001547280242774
2019-10-25,0.000154647386364
2019-10-26,0.0001545661948064
2019-10-27,0.0001544850339147
2019-10-28,0.0001544026483798
2019-10-29,0.0001543202321789
2019-10-30,0.0001542395635996
2019-10-31,0.0001541571780647
2019-11-01,0.0001540747618638
2019-11-02,0.0001539911210196
2019-11-03,0.0001539092277969
2019-11-04,0.000153826811596
2019-11-05,0.0001537431707519
2019-11-06,0.0001536612775292
2019-11-07,0.0001535788613283
2019-11-08,0.0001534952204842
2019-11-09,0.0001534133272615
2019-11-10,0.0001533296864173
2019-11-11,0.0001532465685514
2019-11-12,0.0001531641523505
2019-11-13,0.0001530810344846
2019-11-14,0.0008094801243934
2019-11-15,0.0001529154697518
2019-11-16,0.0001528330535509
2019-11-17,0.000152749935685
2019-11-18,0.0001526680731283
2019-11-19,0.0001525856569274
2019-11-20,0.0001525037637047
2019-11-21,0.0001524218704821
2019-11-22,0.0001523382296379
2019-11-23,0.0001522563364152
2019-11-24,0.0011518702278698
2019-11-25,0.0001520925806359
2019-11-26,0.0001520119120565
2019-11-27,0.0001519324987864
2019-11-28,0.000151851860873
2019-11-29,0.0001517712229596
2019-11-30,0.0001516918096895
2019-12-01,0.0001516111717761
2019-12-02,0.0001515305338627
2019-12-03,0.0001514498652833
2019-12-04,0.0001513704520131
2019-12-05,0.000151290337078
2019-12-06,0.0001512096991646
2019-12-07,0.0044398919249436
2019-12-08,0.0005142768326309
2019-12-09,0.001804216131226
2019-12-10,0.0008898875034589
2019-12-11,0.0001696224038216
2019-12-12,0.0001521157059096
2019-12-13,0.0001525632988989
2019-12-14,0.0001529797528282
2019-12-15,0.0001533590618362
2019-12-16,0.0001536959217262
2019-12-17,0.0001539957847156
2019-12-18,0.0001542615617371
2019-12-19,0.0001544981820298
2019-12-20,0.000154707571902
2019-12-21,0.0001548927036186
2019-12-22,0.0001550550111754
2019-12-23,0.0001551984821279
2019-12-24,0.0037590034966673
2019-12-25,0.0001558142998057
2019-12-26,0.0001565741780108
2019-12-27,0.0001572993274511
2019-12-28,0.001150119289861
2019-12-29,0.0020902433689914
2019-12-30,0.0001601921710576
2019-12-31,0.0001617189651027
2020-01-01,0.0001630422001445
2020-01-02,0.0298658268493562
2020-01-03,0.0152484897105361
2020-01-04,0.0089731894095646
2020-01-05,0.0130898400632898
2020-01-06,0.0075057057481259
2020-01-07,0.0107776311766865
2020-01-08,0.0006316541272465
2020-01-09,0.0003318500905701
2020-01-10,0.0003357939592339
2020-01-11,0.0003378910090956
2020-01-12,0.0003391886428701
2020-01-13,0.0006807292309112
2020-01-14,0.0003414358065629
2020-01-15,0.0003419081862013
2020-01-16,0.0003420279325085
2020-01-17,0.0003419150175393
2020-01-18,0.0003416964312292
2020-01-19,0.0003416071577831
2020-01-20,0.0012790919706762
2020-01-21,0.0107360781386415
2020-01-22,0.0036344620244317
2020-01-23,0.0003610124591888
2020-01-24,0.0052741913554707
2020-01-25,0.0003737814922795
2020-01-26,0.0003784169932564
2020-01-27,0.0003808275096104
2020-01-28,0.0004088113680538
2020-01-29,0.0003848744471878
2020-01-30,0.0365567694954745
2020-01-31,0.0095070882496221
2020-02-01,0.0094700969109906
2020-02-02,0.0144187523372554
2020-02-03,0.0074421289906153
2020-02-04,0.0077734498654462
2020-02-05,0.0073945704979599
2020-02-06,0.0068354958417392
2020-02-07,0.0062612992122548
2020-02-08,0.0057022844061595
2020-02-09,0.0051877820046659
2020-02-10,0.0080088619382247
2020-02-11,0.0062795350892741
2020-02-12,0.0050967732266886
2020-02-13,0.0045664268418589
2020-02-14,0.004424458058412
2020-02-15,0.0042127461714528
2020-02-16,0.0039841095950483
2020-02-17,0.0037429041245985
2020-02-18,0.0035083064113583
2020-02-19,0.0045427584985239
2020-02-20,0.0067659694904206
2020-02-21,0.0044835415795597
2020-02-22,0.0034272734423292
2020-02-23,0.0037640345237822
2020-02-24,0.0042106341038306
2020-02-25,0.0035244101810715
2020-02-26,0.0034439818977496
2020-02-27,0.0033178768589737
2020-02-28,0.0031431608453257
2020-02-29,0.0029391994314698
2020-03-01,0.0027704654151936
2020-03-02,0.0025874817651355
2020-03-03,0.0024700147728494
2020-03-04,0.0023320458778369
2020-03-05,0.00219335889878
2020-03-06,0.008403270091363
2020-03-07,0.0036885625607558
2020-03-08,0.0045974207826833
2020-03-09,0.0052921583018834
2020-03-10,0.0052245886291231
2020-03-11,0.0060825713317012
2020-03-12,0.0061486260620314
2020-03-13,0.0064402059579785
2020-03-14,0.0075969673332233
2020-03-15,0.0066105136877267
2020-03-16,0.0069030709233695
2020-03-17,0.0102325062986919
2020-03-18,0.0089092151453702
2020-03-19,0.0108500142245932
2020-03-20,0.0150888221601829
2020-03-21,0.0445683349368589
2020-03-22,0.0251372395907244
2020-03-23,0.0254676309105809
2020-03-24,0.0226324224904249
2020-03-25,0.0196766780789054
2020-03-26,0.0183780172608505
2020-03-27,0.0153958027805908
2020-03-28,0.0133248879179639
2020-03-29,0.0114875735889948
2020-03-30,0.0114022317247385
2020-03-31,0.0089671126913554
2020-04-01,0.0078917588893462
2020-04-02,0.0152567243911498
2020-04-03,0.0074432516218741
2020-04-04,0.0074506895985885
2020-04-05,0.0069301012700461
2020-04-06,0.0062471727209544
2020-04-07,0.0055399310607328
2020-04-08,0.0048709349721448
2020-04-09,0.004278142153322
2020-04-10,0.0046739093649219
2020-04-11,0.0079697463975305
2020-04-12,0.0036359671399922
2020-04-13,0.0035042710686616
2020-04-14,0.0098227310173229
2020-04-15,0.0038619759067293
2020-04-16,0.004052497407021
2020-04-17,0.0038594894283118
2020-04-18,0.0035162650249242
2020-04-19,0.0031564656189153
2020-04-20,0.0027997118549262
2020-04-21,0.0024654239481384
2020-04-22,0.0021596759746533
2020-04-23,0.001875278114368
2020-04-24,0.0016137051433613
2020-04-25,0.0013923747584452
2020-04-26,0.0012034270157142
2020-04-27,0.0010232818425781
2020-04-28,0.000870938124755
2020-04-29,0.0007394545359706
2020-04-30,0.0006279879049213
2020-05-01,0.0005324427372913
2020-05-02,0.0004659752378439
2020-05-03,0.0004298100844479
2020-05-04,0.0004124452968182
2020-05-05,0.0004066277449322
2020-05-06,0.0004027107155138
2020-05-07,0.000399212335148
2020-05-08,0.0003967565698188
2020-05-09,0.0003941814942499
2020-05-10,0.0003908980103336
2020-05-11,0.000387375308099
2020-05-12,0.0003839309474399
2020-05-13,0.0003807832680218
2020-05-14,0.0003775156950832
2020-05-15,0.0003734375510271
2020-05-16,0.0003690474800193
2020-05-17,0.0003647317245926
2020-05-18,0.000360610125516
2020-05-19,0.0004148235747471
2020-05-20,0.0003557815634681
2020-05-21,0.0003526046447112
2020-05-22,0.0003485539244595
2020-05-23,0.0003439934000013
2020-05-24,0.0003392859412885
2020-05-25,0.0003346120307439
2020-05-26,0.0003298372530526
2020-05-27,0.0005564235249202
2020-05-28,0.0003254111395286
2020-05-29,0.0003220034429459
2020-05-30,0.0003175557846981
2020-05-31,0.0003125762234909
2020-06-01,0.0003078593879908
2020-06-02,0.0003028878529031
2020-06-03,0.0002977731815159
2020-06-04,0.0002929760609742
2020-06-05,0.000288094588068
2020-06-06,0.0002831831198775
2020-06-07,0.000278080907121
2020-06-08,0.0002729002668662
2020-06-09,0.0002677753947057
2020-06-10,0.000262864312091
2020-06-11,0.0002582479054932
2020-06-12,0.0002535775898682
2020-06-13,0.0002488314598406
2020-06-14,0.0002444057352339
2020-06-15,0.0002404371229433
2020-06-16,0.0002363742969264
2020-06-17,0.0002324960954892
2020-06-18,0.0002287020427544
2020-06-19,0.0002248369742597
2020-06-20,0.0002211564936035
2020-06-21,0.000217704052452
2020-06-22,0.0002148147638366
2020-06-23,0.0002120802770868
2020-06-24,0.0002086123052273
2020-06-25,0.0002051263803835
2020-06-26,0.0002019822692117
2020-06-27,0.0001989103870172
2020-06-28,0.0001957462836613
2020-06-29,0.0001926614088135
2020-06-30,0.0001898790792056
2020-07-01,0.0001873124248921
2020-07-02,0.0001848351612966
2020-07-03,0.0001825095685767
2020-07-04,0.0001801026848682
2020-07-05,0.000177409963867
2020-07-06,0.0001751491411032
2020-07-07,0.000173194692114
2020-07-08,0.0001714633860975
2020-07-09,0.0001700364349989
2020-07-10,0.000168827548421
2020-07-11,0.0001676901306687
2020-07-12,0.0001665887480855
2020-07-13,0.0001655187192657
2020-07-14,0.0001644911669584
2020-07-15,0.0001635754148989
2020-07-16,0.0001626265676126
2020-07-17,0.0001618229832837
2020-07-18,0.0001612401155753
2020-07-19,0.0001606588789411
2020-07-20,0.0001601139105293
2020-07-21,0.0001597014116682
2020-07-22,0.0001592267541244
2020-07-23,0.0001586380273036
2020-07-24,0.0001580796659273
2020-07-25,0.0001577912186743
2020-07-26,0.0001575913611676
2020-07-27,0.0001574120678392
2020-07-28,0.0001572517881455
2020-07-29,0.0001570961636934
2020-07-30,0.0001569738519338
2020-07-31,0.0001568884021361
2020-08-01,0.0001568029523385
2020-08-02,0.0001567170102286
2020-08-03,0.0001566320834092
2020-08-04,0.0001565466642775
2020-08-05,0.0001564612144799
2020-08-06,0.0001563757646822
2020-08-07,0.0001562903455506
2020-08-08,0.0001562049264189
2020-08-09,0.0001561194766213
2020-08-10,0.0001560340574896
2020-08-11,0.0001559491306702
2020-08-12,0.0001558637115385
2020-08-13,0.0001557782924069
2020-08-14,0.0001556928426092
2020-08-15,0.0001556091710991
2020-08-16,0.0001555237519674
2020-08-17,0.0001554383328358
2020-08-18,0.0001553534060164
2020-08-19,0.000155269211528
2020-08-20,0.0001551843153745
2020-08-21,0.0001550988962429
2020-08-22,0.0001550152247327
2020-08-23,0.0001549298056011
2020-08-24,0.0001548461340909
2020-08-25,0.0001547607149593
2020-08-26,0.0001546770434491
2020-08-27,0.0001545921472957
2020-08-28,0.0001545079528073
2020-08-29,0.0001544230566539
2020-08-30,0.0001543393851437
2020-08-31,0.0001542551906553
2020-09-01,0.0001541702945019
2020-09-02,0.0001540866536578
2020-09-03,0.0001540029821476
2020-09-04,0.0001539180859942
2020-09-05,0.0001538338915058
2020-09-06,0.0001537502506616
2020-09-07,0.0001536665791515
2020-09-08,0.0001535829076413
2020-09-09,0.0001534980421539
2020-09-10,0.0001534143706437
2020-09-11,0.0001533307297996
2020-09-12,0.0001532470582894
2020-09-13,0.0001531634174453
2020-09-14,0.0001530797459351
2020-09-15,0.0001529966280692
2020-09-16,0.000152912956559
2020-09-17,0.0001528293157149
2020-09-18,0.0001527456442047
2020-09-19,0.0001526620033606
2020-09-20,0.0001525801101379
2020-09-21,0.0001524964386277
2020-09-22,0.0001524127977836
2020-09-23,0.0001523291569394
2020-09-24,0.0001522460390735
2020-09-25,0.0001521636228726
2020-09-26,0.0181688902242057
2020-09-27,0.0062817550651375
2020-09-28,0.0001703745089703
2020-09-29,0.0001762969988957
2020-09-30,0.0001786499806337
2020-10-01,0.000179703033022
2020-10-02,0.000180168039358
2020-10-03,0.0001803600227523
2020-10-04,0.0001803362191912
2020-10-05,0.0001801245677258
2020-10-06,0.0001798704790357
2020-10-07,0.0001796716153724
2020-10-08,0.0001793352822027
2020-10-09,0.0004207802014268
2020-10-10,0.0001791641356199
2020-10-11,0.0061153837680322
2020-10-12,0.0059401879895125
2020-10-13,0.0001894497933918
2020-10-14,0.0001945515286256
2020-10-15,0.0001971499379071
2020-10-16,0.0001988260665879
2020-10-17,0.0001998372525982
2020-10-18,0.000200520505839
2020-10-19,0.0002005445553633
2020-10-20,0.0002003432416061
2020-10-21,0.0002000968005114
2020-10-22,0.0007631229335167
2020-10-23,0.0038436301497364
2020-10-24,0.0002020324788044
2020-10-25,0.0002032934660396
2020-10-26,0.000204030519525
2020-10-27,0.0002043510300623
2020-10-28,0.0002043384929386
2020-10-29,0.0002042018314076
2020-10-30,0.0002040388214229
2020-10-31,0.0002038594555937
2020-11-01,0.0002036135783801
2020-11-02,0.0002033291921615
2020-11-03,0.0002029831379162
2020-11-04,0.0002025847687278
2020-11-05,0.0002020503002331
2020-11-06,0.0002013158166987
2020-11-07,0.0002004370109556
2020-11-08,0.0001995524156693
2020-11-09,0.00019865594687
2020-11-10,0.0001977643459778
2020-11-11,0.0001968803636299
2020-11-12,0.0001959795621764
2020-11-13,0.0001950613703893
2020-11-14,0.0001941540278214
2020-11-15,0.0001932682769968
2020-11-16,0.0001924379385079
2020-11-17,0.0001916155015228
2020-11-18,0.0001907744749176
2020-11-19,0.0001899579432156
2020-11-20,0.0001892581974493
2020-11-21,0.0001887829571242
2020-11-22,0.0015798841586658
2020-11-23,0.0024225804709836
2020-11-24,0.0310916485790028
2020-11-25,0.0212399651541772
2020-11-26,0.0002674710751242
2020-11-27,0.0002775745494398
2020-11-28,0.0035912553197573
2020-11-29,0.0081186833221716
2020-11-30,0.0100633562615297
2020-12-01,0.0239079379383565
2020-12-02,0.0146879660242994
2020-12-03,0.021523892951683
2020-12-04,0.0038384742877803
2020-12-05,0.0026230625662381
2020-12-06,0.0033029259884772
2020-12-07,0.0033545380793835
2020-12-08,0.0040090698229114
2020-12-09,0.0042834732927196
2020-12-10,0.0032391889329159
2020-12-11,0.0032563215145693
2020-12-12,0.0031855901583019
2020-12-13,0.0030401476697819
2020-12-14,0.0028713408600957
2020-12-15,0.0027016127942113
2020-12-16,0.0025220643147694
2020-12-17,0.0023473174583839
2020-12-18,0.0021876290675011
2020-12-19,0.0020639240099164
2020-12-20,0.0019549954911168
2020-12-21,0.0018606984542273
2020-12-22,0.0017654002305364
2020-12-23,0.0016672843801846
2020-12-24,0.0015709661210551
2020-12-25,0.0064834450846062
2020-12-26,0.0025856732001991
2020-12-27,0.0074230907137417
2020-12-28,0.0342379568944223
2020-12-29,0.0285711720244351
2020-12-30,0.0166485527955198
2020-12-31,0.0172953636588602
2021-01-01,0.0242514487769037
2021-01-02,0.0620509159808997
2021-01-03,0.0349674874936426
2021-01-04,0.034547213222516
2021-01-05,0.0294041058894391
2021-01-06,0.0279091778343707
2021-01-07,0.0246923913328725
2021-01-08,0.0218545557599792
2021-01-09,0.0191720964870669
2021-01-10,0.0170546994644136
2021-01-11,0.0156671751228737
2021-01-12,0.0140034732253273
2021-01-13,0.0153165789761545
2021-01-14,0.0150998594477142
2021-01-15,0.0116179928704315
2021-01-16,0.011366288229568
2021-01-17,0.0107615331531711
2021-01-18,0.0103498584743971
2021-01-19,0.0096324354546322
2021-01-20,0.0097622009042022
2021-01-21,0.0099221803310299
2021-01-22,0.0111363573951517
2021-01-23,0.0134051910551831
2021-01-24,0.0116096906228025
2021-01-25,0.0135283232020082
2021-01-26,0.011243278073767
2021-01-27,0.0108243159475916
2021-01-28,0.0115231899685506
2021-01-29,0.013031838881167
2021-01-30,0.0195388025131839
2021-01-31,0.0197770293185241
2021-02-01,0.0154275724847955
2021-02-02,0.0161778312618814
2021-02-03,0.0141592222001985
2021-02-04,0.0132097317781473
2021-02-05,0.0121688345689636
2021-02-06,0.0112366106432756
2021-02-07,0.0111707758163176
2021-02-08,0.0136531036715699
2021-02-09,0.0139525222132536
2021-02-10,0.014862856539797
2021-02-11,0.0163626813729031
2021-02-12,0.0177837604149456
2021-02-13,0.016069799947372
2021-02-14,0.0150078074735875
2021-02-15,0.014010363549539
2021-02-16,0.0136788147915408
2021-02-17,0.0266794094454593
2021-02-18,0.0188039716704561
2021-02-19,0.0181165093059698
2021-02-20,0.0157517998884361
2021-02-21,0.0147511639602305
2021-02-22,0.0135534691017898
2021-02-23,0.0127508617900153
2021-02-24,0.0130120862261735
2021-02-25,0.0151004629306941
2021-02-26,0.0139058431162447
2021-02-27,0.0119898205929685
2021-02-28,0.0108483993493834
2021-03-01,0.0101165546466454
2021-03-02,0.0091770558155771
2021-03-03,0.0082271120103801
2021-03-04,0.0073521380806398
2021-03-05,0.0065679648403702
2021-03-06,0.0058695610574304
2021-03-07,0.0052950350365904
2021-03-08,0.0141680315115568
2021-03-09,0.0114633090930049
2021-03-10,0.0112549333199956
2021-03-11,0.0138745236230069
2021-03-12,0.0243480442775402
2021-03-13,0.0219288529841127
2021-03-14,0.0198197096760997
2021-03-15,0.0175427066432118
2021-03-16,0.0159278938353977
2021-03-17,0.0140692235715021
2021-03-18,0.0147585846700765
2021-03-19,0.0170704717155733
2021-03-20,0.0205221491535963
2021-03-21,0.0286604507366992
2021-03-22,0.0192688660230109
2021-03-23,0.0186176035875637
2021-03-24,0.0165946193216375
2021-03-25,0.0145081020802517
2021-03-26,0.0140545546009578
2021-03-27,0.0171997009940327
2021-03-28,0.0113091617071285
2021-03-29,0.0118552715842304
2021-03-30,0.0252408785323889
2021-03-31,0.0189577246216081
2021-04-01,0.015687564851366
2021-04-02,0.0147773438774959
2021-04-03,0.0131153812947615
2021-04-04,0.0114138623832342
2021-04-05,0.011447692522635
2021-04-06,0.0093934421918875
2021-04-07,0.0082036730622216
2021-04-08,0.0072343603918957
2021-04-09,0.0172873065647653
2021-04-10,0.007608444081153
2021-04-11,0.0080150845962281
2021-04-12,0.0075510002725967
2021-04-13,0.006792773363098
2021-04-14,0.0060143213663865
2021-04-15,0.0052850398964531
2021-04-16,0.0046352234746407
2021-04-17,0.0040511053079739
2021-04-18,0.0035783314959812
2021-04-19,0.0053422708428679
2021-04-20,0.0063247942487362
2021-04-21,0.0193758743024544
2021-04-22,0.0068909111556199
2021-04-23,0.0073509171079008
2021-04-24,0.0071228090788021
2021-04-25,0.0065331701485772
2021-04-26,0.0058052069859074
2021-04-27,0.0050914164387653
2021-04-28,0.0044457534781863
2021-04-29,0.0038455360517317
2021-04-30,0.0033367253496731
2021-05-01,0.0029305462736514
2021-05-02,0.0025547054823401
2021-05-03,0.0022140453700295
2021-05-04,0.0019463319402532
2021-05-05,0.0024749124968301
2021-05-06,0.0016644936121646
2021-05-07,0.001407856167836
2021-05-08,0.0011493869148189
2021-05-09,0.0009233246770824
2021-05-10,0.0007401048748636
2021-05-11,0.0005982289196326
2021-05-12,0.0004987216808124
2021-05-13,0.0004453525519634
2021-05-14,0.0004222912875115
2021-05-15,0.0004115957269167
2021-05-16,0.0004077869977758
2021-05-17,0.0004041751722813
2021-05-18,0.0004001523190857
2021-05-19,0.0003958924765028
2021-05-20,0.0003914315115916
2021-05-21,0.0003869678598389
2021-05-22,0.0003826608510555
2021-05-23,0.0003784655823354
2021-05-24,0.0003743311136509
2021-05-25,0.0003704776888491
2021-05-26,0.0003669047505884
2021-05-27,0.000363060575828
2021-05-28,0.0003585943700933
2021-05-29,0.0003539269848186
2021-05-30,0.000349283644268
2021-05-31,0.0003444260771162
2021-06-01,0.0003397442215301
2021-06-02,0.000335024411772
2021-06-03,0.0003299972906758
2021-06-04,0.0003253238520972
2021-06-05,0.0003209733102711
2021-06-06,0.0003169426332572
2021-06-07,0.0003131440209348
2021-06-08,0.0003093600797822
2021-06-09,0.0003050912324475
2021-06-10,0.0003004975419596
2021-06-11,0.0002960605534368
2021-06-12,0.000291640857133
2021-06-13,0.0002870086397163
2021-06-14,0.0002823366449031
2021-06-15,0.0003119135456959
2021-06-16,0.0005216892788932
2021-06-17,0.0008324568462273
2021-06-18,0.0002754443164843
2021-06-19,0.0002733264295623
2021-06-20,0.0002699362124691
2021-06-21,0.0002662785273093
2021-06-22,0.0002622545414685
2021-06-23,0.0002578938116082
2021-06-24,0.0002529892956274
2021-06-25,0.0002484350582731
2021-06-26,0.000244283511173
2021-06-27,0.000240351188726
2021-06-28,0.0002364729595095
2021-06-29,0.0002325310922098
2021-06-30,0.0002286546612871
2021-07-01,0.0002248833411368
2021-07-02,0.0002212679611848
2021-07-03,0.000217694125831
2021-07-04,0.0002139438879509
2021-07-05,0.0002103253255325
2021-07-06,0.0002068011795708
2021-07-07,0.0002033910889551
2021-07-08,0.000200204354782
2021-07-09,0.0001970572695647
2021-07-10,0.000193905334447
2021-07-11,0.0001913959308136
2021-07-12,0.0001888086811883
2021-07-13,0.0001859187370688
2021-07-14,0.000183610953725
2021-07-15,0.0001816378148422
2021-07-16,0.0001796045326517
2021-07-17,0.0001773774068843
2021-07-18,0.0001753750286149
2021-07-19,0.0001736241461884
2021-07-20,0.0001722339359996
2021-07-21,0.0001709216314782
2021-07-22,0.0001695138081393
2021-07-23,0.0001680172540403
2021-07-24,0.0001666514439975
2021-07-25,0.0001654861154823
2021-07-26,0.0001644676193268
2021-07-27,0.0001636445237449
2021-07-28,0.0001628558015505
2021-07-29,0.0001620448366614
2021-07-30,0.0001613033162579
2021-07-31,0.0001604880208768
2021-08-01,0.000159753113878
2021-08-02,0.0001592810700366
2021-08-03,0.0001588628867124
2021-08-04,0.0001584733653409
2021-08-05,0.0001580995602882
2021-08-06,0.0001577949027063
2021-08-07,0.0001575205863149
2021-08-08,0.0001572635208552
2021-08-09,0.0001570862228125
2021-08-10,0.0001570008036808
2021-08-11,0.0001569153538832
2021-08-12,0.0001568299040856
2021-08-13,0.0001567444849539
2021-08-14,0.0001566590351563
2021-08-15,0.0001565718684031
2021-08-16,0.0001564869415837
2021-08-17,0.000156401522452
2021-08-18,0.0001563160726544
2021-08-19,0.0001562306535227
2021-08-20,0.0001561464590343
2021-08-21,0.0001560610092367
2021-08-22,0.000155975590105
2021-08-23,0.0001558901709734
2021-08-24,0.000155805244154
2021-08-25,0.0001557198250223
2021-08-26,0.0001556344058907
2021-08-27,0.0001555502114023
2021-08-28,0.0001554653152488
2021-08-29,0.0001553798961172
2021-08-30,0.0001552956709628
2021-08-31,0.0001552107748094
2021-09-01,0.0001551253556777
2021-09-02,0.0001550416841676
2021-09-03,0.0001549562650359
2021-09-04,0.0001548725935258
2021-09-05,0.0001547871743941
2021-09-06,0.000154703502884
2021-09-07,0.0001546181144183
2021-09-08,0.0001545344429081
2021-09-09,0.0001544495467547
2021-09-10,0.0001543653522663
2021-09-11,0.0001542816807562
2021-09-12,0.0001541968152688
2021-09-13,0.0001541126207804
2021-09-14,0.0001540289492702
2021-09-15,0.0001539440531168
2021-09-16,0.0001538604122726
2021-09-17,0.0001537767407625
2021-09-18,0.0001536930999183
2021-09-19,0.0001536089054299
2021-09-20,0.0001535252339198
2021-09-21,0.0001534403684323
2021-09-22,0.0001533566969222
2021-09-23,0.000153273056078
2021-09-24,0.0001531894152339
2021-09-25,0.0001531057437237
2021-09-26,0.0001530221028796
2021-09-27,0.0001529384313694
2021-09-28,0.0003022577086353
2021-09-29,0.0001527728973026
2021-09-30,0.0001526892257924
2021-10-01,0.0001526055849483
2021-10-02,0.0001525219441041
2021-10-03,0.0001524388262382
2021-10-04,0.000152355185394
2021-10-05,0.0001522727691931
2021-10-06,0.0001521896206612
2021-10-07,0.000152105979817
2021-10-08,0.0001520235636161
2021-10-09,0.0001519404457502
2021-10-10,0.000151856804906
2021-10-11,0.0001517749116834
2021-10-12,0.0001516912708392
2021-10-13,0.0001516093776166
2021-10-14,0.0001515257367724
2021-10-15,0.0001514438742157
2021-10-16,0.0001513602333716
2021-10-17,0.0001512783401489
2021-10-18,0.0001511946993048
2021-10-19,0.0001511128060821
2021-10-20,0.0001510309435254
2021-10-21,0.0001509478256595
2021-10-22,0.0001508654094586
2021-10-23,0.0001507835162359
2021-10-24,0.000150700429036
2021-10-25,0.0001506185358133
2021-10-26,0.0001505361502784
2021-10-27,0.0001504542570558
2021-10-28,0.0001503723638331
2021-10-29,0.0001502905012764
2021-10-30,0.0001811812281421
2021-10-31,0.0001501255208539
2021-11-01,0.0001500436582972
2021-11-02,0.0001499617650745
2021-11-03,0.0001498799025179
2021-11-04,0.0001544268896532
2021-11-05,0.0003325581674299
2021-11-06,0.0001496342841819
2021-11-07,0.0001495523909592
2021-11-08,0.000149472276024
2021-11-09,0.0001493904134674
2021-11-10,0.0001493085509107
2021-11-11,0.0015815335760441
2021-11-12,0.0001491453181096
2021-11-13,0.0001490646801962
2021-11-14,0.0001489828176395
2021-11-15,0.0001785129273091
2021-11-16,0.0027167429980399
2021-11-17,0.0035964971919237
2021-11-18,0.0001487770535365
2021-11-19,0.0001489013647468
2021-11-20,0.0001490452502017
2021-11-21,0.00014919094461
2021-11-22,0.0001726762530284
2021-11-23,0.0001494778098111
2021-11-24,0.0001496146610318
2021-11-25,0.0001497422941074
2021-11-26,0.0001498624259935
2021-11-27,0.0016425212261971
2021-11-28,0.0024600390655075
2021-11-29,0.0028193880282045
2021-11-30,0.0032332606314329
2021-12-01,0.0002281643580122
2021-12-02,0.0001598670584897
2021-12-03,0.0001627390120271
2021-12-04,0.0001649186092003
2021-12-05,0.0001666486799903
2021-12-06,0.0001680742821636
2021-12-07,0.0001692760388949
2021-12-08,0.0008054185637513
2021-12-09,0.0062107344225158
2021-12-10,0.0066933566286888
2021-12-11,0.0046875121032552
2021-12-12,0.0009454106339262
2021-12-13,0.010815872236462
2021-12-14,0.0459319829001077
2021-12-15,0.0094641290794572
2021-12-16,0.0014973871618225
2021-12-17,0.0026379305597755
2021-12-18,0.0034414897818972
2021-12-19,0.0034154260661218
2021-12-20,0.0036484149718089
2021-12-21,0.0003580457439579
2021-12-22,0.0003618350037863
2021-12-23,0.0003636306772773
2021-12-24,0.0003646646457624
2021-12-25,0.0037192291925744
2021-12-26,0.0336037280337372
2021-12-27,0.0066007404380957
2021-12-28,0.0021125745140257
2021-12-29,0.0038625026391966
2021-12-30,0.0079221191648521
2021-12-31,0.0082294448131511
2022-01-01,0.0159999425457255
2022-01-02,0.0072154321381688
2022-01-03,0.0080673037107494
2022-01-04,0.0082028025405686
2022-01-05,0.0081797234789367
2022-01-06,0.0070571304853167
2022-01-07,0.0066043120750685
2022-01-08,0.0060979901051636
2022-01-09,0.0055795445650391
2022-01-10,0.0051100833102985
2022-01-11,0.0047131165123084
2022-01-12,0.0043582510503286
2022-01-13,0.004003784623702
2022-01-14,0.004380506202418
2022-01-15,0.0035119051027423
2022-01-16,0.0032587163255694
2022-01-17,0.0030043203575635
2022-01-18,0.0027485142784969
2022-01-19,0.0025145945997653
2022-01-20,0.0022953776267645
2022-01-21,0.0020995585730536
2022-01-22,0.0019211046763599
2022-01-23,0.0017481443560083
2022-01-24,0.0015970848647001
2022-01-25,0.0014721992531333
2022-01-26,0.0013711402794065
2022-01-27,0.0012717963271992
2022-01-28,0.001172759442483
2022-01-29,0.001080433506524
2022-01-30,0.0009960734078038
2022-01-31,0.0009240978783486
2022-02-01,0.0008749212324602
2022-02-02,0.0008443868566274
2022-02-03,0.0008098179582299
2022-02-04,0.0007734285059632
2022-02-05,0.0007410144619661
2022-02-06,0.0035294081117874
2022-02-07,0.020971270605818
2022-02-08,0.0024577456320027
2022-02-09,0.0032940521102013
2022-02-10,0.0038983272991841
2022-02-11,0.0039917844246429
2022-02-12,0.0040740812929975
2022-02-13,0.0039459085415393
2022-02-14,0.0037372529145448
2022-02-15,0.0161853874526156
2022-02-16,0.0121985501228669
2022-02-17,0.0079722000904335
2022-02-18,0.0083028358839413
2022-02-19,0.0080436509494601
2022-02-20,0.0075219176756423
2022-02-21,0.0080086447233191
2022-02-22,0.0089271432215243
2022-02-23,0.0266878702636705
2022-02-24,0.0349748979383002
2022-02-25,0.02566029104639
2022-02-26,0.022663595946288
2022-02-27,0.0204907963850933
2022-02-28,0.0180839620543897
2022-03-01,0.0157921405864449
2022-03-02,0.0138241466662944
2022-03-03,0.0121892997606068
2022-03-04,0.0106566513179319
2022-03-05,0.0093246737860632
2022-03-06,0.0082044200114269
2022-03-07,0.0072411008297971
2022-03-08,0.0064354319622268
2022-03-09,0.0057736939852978
2022-03-10,0.0051721118205065
2022-03-11,0.0046254733155725
2022-03-12,0.0041253659217665
2022-03-13,0.0036563140207412
2022-03-14,0.0032443193504658
2022-03-15,0.0069316841147837
2022-03-16,0.0054336674492046
2022-03-17,0.0028702203922299
2022-03-18,0.0028705137834405
2022-03-19,0.002782486337727
2022-03-20,0.0026806360132212
2022-03-21,0.0025366391592384
2022-03-22,0.002351683092436
2022-03-23,0.0021538117230293
2022-03-24,0.0019636169398147
2022-03-25,0.0017739906284351
2022-03-26,0.0015793218129361
2022-03-27,0.0014077310946958
2022-03-28,0.001274712984685
2022-03-29,0.001164512418646
2022-03-30,0.0010490775739213
2022-03-31,0.0009618267818521
2022-04-01,0.0008926561290506
2022-04-02,0.0008320849478003
2022-04-03,0.0007790850702819
2022-04-04,0.0021316229510107
2022-04-05,0.0007207017221594
2022-04-06,0.0006434615041867
2022-04-07,0.0076911251040215
2022-04-08,0.0051757329483535
2022-04-09,0.000929443651025
2022-04-10,0.0010855092560992
2022-04-11,0.0011173883725839
2022-04-12,0.0010842375826811
2022-04-13,0.0010200262333791
2022-04-14,0.0009401248337362
2022-04-15,0.0066446399522109
2022-04-16,0.0010141308272004
2022-04-17,0.0011515819473383
2022-04-18,0.0012156698051276
2022-04-19,0.0012103869067643
2022-04-20,0.0011354768261576
2022-04-21,0.0010209127551238
2022-04-22,0.0008985149413085
2022-04-23,0.0007805248873324
2022-04-24,0.0006825362711796
2022-04-25,0.0006098175240286
2022-04-26,0.0005566747349024
2022-04-27,0.0005171937331016
2022-04-28,0.0013777804178666
2022-04-29,0.0005665955752839
2022-04-30,0.0004705631524703
2022-05-01,0.0004453365869824
2022-05-02,0.0004232807660767
2022-05-03,0.0004099807709548
2022-05-04,0.0004053168350754
2022-05-05,0.0004016802759308
2022-05-06,0.0003980033059807
2022-05-07,0.0003943799062415
2022-05-08,0.0003908260408651
2022-05-09,0.000387404162452
2022-05-10,0.000383952427517
2022-05-11,0.0003805656847256
2022-05-12,0.0003773203696431
2022-05-13,0.0003745138908758
2022-05-14,0.0003713826589602
2022-05-15,0.0003678361807314
2022-05-16,0.000364194001727
2022-05-17,0.0003602328684161
2022-05-18,0.0003559094167181
2022-05-19,0.000351562933164
2022-05-20,0.0003472040318821
2022-05-21,0.0003428785664241
2022-05-22,0.0003384972846635
2022-05-23,0.0003339103394166
2022-05-24,0.0003292939524437
2022-05-25,0.0003247262326483
2022-05-26,0.00032037882419
2022-05-27,0.0003162529186236
2022-05-28,0.0003123118163651
2022-05-29,0.0003083047956128
2022-05-30,0.0003036571358749
2022-05-31,0.0002985324339482
2022-06-01,0.0002935013385033
2022-06-02,0.0002885966347111
2022-06-03,0.0002836011077784
2022-06-04,0.000278587168682
2022-06-05,0.0002735259088665
2022-06-06,0.0002686422635197
2022-06-07,0.0002636665728944
2022-06-08,0.0002589262520081
2022-06-09,0.0004631789538621
2022-06-10,0.0002530618817866
2022-06-11,0.0002491647645677
2022-06-12,0.0002457497771585
2022-06-13,0.0002421546205325
2022-06-14,0.0002386479662489
2022-06-15,0.0002350299009875
2022-06-16,0.0002310551625524
2022-06-17,0.0002271679727935
2022-06-18,0.0002234491609255
2022-06-19,0.0002196418031422
2022-06-20,0.0002160084276083
2022-06-21,0.0002123383757647
2022-06-22,0.0002091750594462
2022-06-23,0.0002060490025141
2022-06-24,0.0002030879534406
2022-06-25,0.0002003014713942
2022-06-26,0.0001974233059446
2022-06-27,0.0001949151027865
2022-06-28,0.0001924462754802
2022-06-29,0.0007492456931203
2022-06-30,0.0002752747905234
2022-07-01,0.0001880004891526
2022-07-02,0.0001857191969296
2022-07-03,0.0001833728657985
2022-07-04,0.0001813686654934
2022-07-05,0.0001794551632011
2022-07-06,0.0001777061776887
2022-07-07,0.0001762247354646
2022-07-08,0.0001747892564155
2022-07-09,0.0001732580045992
2022-07-10,0.0001715030492451
2022-07-11,0.0001699012523631
2022-07-12,0.0001686533550385
2022-07-13,0.0001674914619632
2022-07-14,0.0001661094750167
2022-07-15,0.0001644641133188
2022-07-16,0.000163301335304
2022-07-17,0.0001626085090052
2022-07-18,0.000161970232274
2022-07-19,0.0001611080034058
2022-07-20,0.0001602117814166
2022-07-21,0.0001596083139363
2022-07-22,0.0001591400776437
2022-07-23,0.0001587440552085
2022-07-24,0.0001584041578183
2022-07-25,0.0001580545925301
2022-07-26,0.0001576952362537
2022-07-27,0.0001574169467025
2022-07-28,0.0001571869889993
2022-07-29,0.00015707092312
2022-07-30,0.0001569855039883
2022-07-31,0.0001569000541907
2022-08-01,0.000156814635059
2022-08-02,0.0001567291852614
2022-08-03,0.0001566437354637
2022-08-04,0.0001565570916888
2022-08-05,0.0001564716418912
2022-08-06,0.0001563862227595
2022-08-07,0.0001563008036278
2022-08-08,0.0001562153538302
2022-08-09,0.0001561299346985
2022-08-10,0.0001560457095442
2022-08-11,0.0001559602904125
2022-08-12,0.0001558753942591
2022-08-13,0.0001557899444614
2022-08-14,0.0001557045253298
2022-08-15,0.0001556191061981
2022-08-16,0.000155535434688
2022-08-17,0.0001554500155563
2022-08-18,0.0001553651194029
2022-08-19,0.0001552808942485
2022-08-20,0.0001551954751169
2022-08-21,0.0001551105789634
2022-08-22,0.0001550263844751
2022-08-23,0.0001549414883216
2022-08-24,0.0001548572938333
2022-08-25,0.0001547723976798
2022-08-26,0.0001546875015264
2022-08-27,0.000154603337704
2022-08-28,0.0001545196661939
2022-08-29,0.0001544342470622
2022-08-30,0.0001543505755521
2022-08-31,0.0001542656793986
2022-09-01,0.0001541820078885
2022-09-02,0.0001540978440661
2022-09-03,0.0001540129479127
2022-09-04,0.0001539292764025
2022-09-05,0.0001538456355583
2022-09-06,0.0001537619640482
2022-09-07,0.000153678292538
2022-09-08,0.0001535934270506
2022-09-09,0.0001535097555405
2022-09-10,0.0001534255917181
2022-09-11,0.0001533419202079
2022-09-12,0.000153258802342
2022-09-13,0.0001531751308318
2022-09-14,0.0001530914899877
2022-09-15,0.0001530078491435
2022-09-16,0.0001529241776333
2022-09-17,0.0001528405367892
2022-09-18,0.000152756895945
2022-09-19,0.0001526732244349
2022-09-20,0.0001525901065689
2022-09-21,0.000152507690368
2022-09-22,0.0001524240495239
2022-09-23,0.000152340900992
2022-09-24,0.0001522572601478
2022-09-25,0.0001521748439469
2022-09-26,0.000152091726081
2022-09-27,0.0001520080852368
2022-09-28,0.0001519256690359
2022-09-29,0.00015184255117
2022-09-30,0.0001517589103258
2022-10-01,0.0001516770171032
2022-10-02,0.000151593376259
2022-10-03,0.0001515114830364
2022-10-04,0.0001514283651704
2022-10-05,0.0001513459489695
2022-10-06,0.0001512628617696
2022-10-07,0.0025598445811597
2022-10-08,0.0017002542923779
2022-10-09,0.0001510197233861
2022-10-10,0.0002224342679938
2022-10-11,0.0001508705512803
2022-10-12,0.0001507972052037
2022-10-13,0.0001507243821053
2022-10-14,0.0001506498113854
2022-10-15,0.0001505739853562
2022-10-16,0.0001504976363489
2022-10-17,0.0001504218103197
2022-10-18,0.0001503454306463
2022-10-19,0.0001502683493079
2022-10-20,0.0001501907449913
2022-10-21,0.0001501119160313
2022-10-22,0.005702090127256
2022-10-23,0.0001512042378157
2022-10-24,0.0001503424016022
2022-10-25,0.0001505755572351
2022-10-26,0.0001507884116014
2022-10-27,0.0001509767371273
2022-10-28,0.0001511496599597
2022-10-29,0.0001513017585475
2022-10-30,0.0001514354515112
2022-10-31,0.0001515487818764
2022-11-01,0.0001516431836392
2022-11-02,0.0001517209273993
2022-11-03,0.0001517809978663
2022-11-04,0.0001518293395698
2022-11-05,0.0001518654908634
2022-11-06,0.0001518924240119
2022-11-07,0.0001519131419462
2022-11-08,0.0017661075120549
2022-11-09,0.0087389933431274
2022-11-10,0.0333560480669052
2022-11-11,0.0002070535938838
2022-11-12,0.0002182230135977
2022-11-13,0.0002221983349373
2022-11-14,0.0002244543483126
2022-11-15,0.0002737687549107
2022-11-16,0.0002274195370282
2022-11-17,0.0051135288226137
2022-11-18,0.0002316351841383
2022-11-19,0.0047037929498207
2022-11-20,0.0002405935547545
2022-11-21,0.0002444740838374
2022-11-22,0.0002463349092605
2022-11-23,0.000247257014398
2022-11-24,0.000247574549653
2022-11-25,0.0041173405830182
2022-11-26,0.000250336304305
2022-11-27,0.000252365836682
2022-11-28,0.0002536455983109
2022-11-29,0.0002545328110849
2022-11-30,0.0002551876284224
2022-12-01,0.0051784456843898
2022-12-02,0.000675368247498
2022-12-03,0.000262277740869
2022-12-04,0.0018785120320124
2022-12-05,0.0004301203888743
2022-12-06,0.0003310204964414
2022-12-07,0.0002867374669034
2022-12-08,0.000274974468855
2022-12-09,0.0002738159415237
2022-12-10,0.00027477427373
2022-12-11,0.0002891610970595
2022-12-12,0.0002759920895044
2022-12-13,0.0002759647740101
2022-12-14,0.0002757189160367
2022-12-15,0.0002755457347559
2022-12-16,0.0002755182626602
2022-12-17,0.0002755630947635
2022-12-18,0.0050732529412214
2022-12-19,0.0006057732833462
2022-12-20,0.0127167749099963
2022-12-21,0.0085348526653621
2022-12-22,0.0003151657352302
2022-12-23,0.0003233839708372
2022-12-24,0.0003275731966136
2022-12-25,0.0003303420818124
2022-12-26,0.0003323768687572
2022-12-27,0.0003339656882716
2022-12-28,0.000335253017932
2022-12-29,0.0003363252921606
2022-12-30,0.000337235157917
2022-12-31,0.000338017688639
2023-01-01,0.0003387006045954
2023-01-02,0.0003393006120386
2023-01-03,0.0003398312662696
2023-01-04,0.0003403049846348
2023-01-05,0.0003407271633287
2023-01-06,0.0003411078571
2023-01-07,0.000341451206834
2023-01-08,0.0003417607691056
2023-01-09,0.0003420418481114
2023-01-10,0.0003422962528047
2023-01-11,0.0007412261282511
2023-01-12,0.0030403024015248
2023-01-13,0.0043848638539487
2023-01-14,0.0106532397942965
2023-01-15,0.0115150065210672
2023-01-16,0.0052531634370386
2023-01-17,0.0063954390080074
2023-01-18,0.0069913439776589
2023-01-19,0.0072906041022351
2023-01-20,0.0078560572936648
2023-01-21,0.0067041491492416
2023-01-22,0.0070763172727564
2023-01-23,0.0067010749594478
2023-01-24,0.0058949611185473
2023-01-25,0.0059578182901419
2023-01-26,0.0070284048072099
2023-01-27,0.0094702922371102
2023-01-28,0.0120573201141628
2023-01-29,0.0102866072514475
2023-01-30,0.0099818350705774
2023-01-31,0.0090687690339887
2023-02-01,0.0083765221598442
2023-02-02,0.0077446614326032
2023-02-03,0.0070928608745615
2023-02-04,0.0064550879305413
2023-02-05,0.0058404012497593
2023-02-06,0.005289382535339
2023-02-07,0.0048323784775241
2023-02-08,0.0044243805021041
2023-02-09,0.0040408070800315
2023-02-10,0.0036751201600928
2023-02-11,0.0033372275059792
2023-02-12,0.0030183397617672
2023-02-13,0.0027283543111852
2023-02-14,0.0024727946724147
2023-02-15,0.0022630690116808
2023-02-16,0.0020773753779462
2023-02-17,0.0019205090036797
2023-02-18,0.0018051271343895
2023-02-19,0.0016818211095282
2023-02-20,0.0015542589868317
2023-02-21,0.0037349526689003
2023-02-22,0.0014021290499928
2023-02-23,0.0286144146006302
2023-02-24,0.047348599869323
2023-02-25,0.0477396138459173
2023-02-26,0.0329893991607685
2023-02-27,0.0280518659089742
2023-02-28,0.0271006524671274
2023-03-01,0.0253913694421997
2023-03-02,0.0212141933023442
2023-03-03,0.0187512328670732
2023-03-04,0.0165789446386244
2023-03-05,0.0146986413967239
2023-03-06,0.0184479974562018
2023-03-07,0.0148973774508972
2023-03-08,0.0186829673281611
2023-03-09,0.0209633269906195
2023-03-10,0.0221982330653129
2023-03-11,0.0215393498007544
2023-03-12,0.0349430728004713
2023-03-13,0.0927658602868085
2023-03-14,0.0480971220692485
2023-03-15,0.0366032446532827
2023-03-16,0.0384844432341827
2023-03-17,0.0861463229574982
2023-03-18,0.030822692645172
2023-03-19,0.0297324836129486
2023-03-20,0.0300822291525423
2023-03-21,0.0283823767637819
2023-03-22,0.0243121152463133
2023-03-23,0.0209686474021924
2023-03-24,0.0201579359127692
2023-03-25,0.0163583794527158
2023-03-26,0.0152312685364375
2023-03-27,0.0150651456441832
2023-03-28,0.0133273529396588
2023-03-29,0.0111611451216476
2023-03-30,0.0100654232683557
2023-03-31,0.0090493952239389
2023-04-01,0.0111838773415412
2023-04-02,0.0110690005372091
2023-04-03,0.0093743627488169
2023-04-04,0.0154903723212231
2023-04-05,0.0114246954544685
2023-04-06,0.0101163657320992
2023-04-07,0.0094273428072877
2023-04-08,0.0084640103142501
2023-04-09,0.0074950499293628
2023-04-10,0.006562409017222
2023-04-11,0.0057641856887043
2023-04-12,0.0050935943618934
2023-04-13,0.0045038537226561
2023-04-14,0.003924776265951
2023-04-15,0.02062748121817
2023-04-16,0.0091329425964608
2023-04-17,0.0165599595860423
2023-04-18,0.011326269543521
2023-04-19,0.0106743305363887
2023-04-20,0.0098840963097246
2023-04-21,0.0087948971446065
2023-04-22,0.0108322028951748
2023-04-23,0.0076485763231602
2023-04-24,0.0069475127459298
2023-04-25,0.0062174576565344
2023-04-26,0.0055242629579745
2023-04-27,0.0048528207114527
2023-04-28,0.00424097045427
2023-04-29,0.0036680822155498
2023-04-30,0.0032153799199611
2023-05-01,0.0029175332203473
2023-05-02,0.002720419109789
2023-05-03,0.0024505324711613
2023-05-04,0.0020746429930995
2023-05-05,0.0016989869575419
2023-05-06,0.0013713151485319
2023-05-07,0.0011070260208402
2023-05-08,0.0008882784612136
2023-05-09,0.0007101062192138
2023-05-10,0.0005808650106881
2023-05-11,0.0004948865300199
2023-05-12,0.0004409059394702
2023-05-13,0.0004162587113915
2023-05-14,0.000409141325057
2023-05-15,0.0004052032315027
2023-05-16,0.0004017440296089
2023-05-17,0.0017434200143797
2023-05-18,0.0003994795915411
2023-05-19,0.000397443292749
2023-05-20,0.000394005835887
2023-05-21,0.0003902780049962
2023-05-22,0.0003864755362769
2023-05-23,0.0003827879480816
2023-05-24,0.0003789099964357
2023-05-25,0.0003746800735371
2023-05-26,0.0003703611581969
2023-05-27,0.0003660276031603
2023-05-28,0.0003617387469448
2023-05-29,0.0003571954447517
2023-05-30,0.0003524530868279
2023-05-31,0.0003477046363537
2023-06-01,0.0003429250693312
2023-06-02,0.0003380516762788
2023-06-03,0.0003330343040789
2023-06-04,0.0003279009711212
2023-06-05,0.0003226756726498
2023-06-06,0.0003179456057525
2023-06-07,0.0003131303789412
2023-06-08,0.0003082315280206
2023-06-09,0.0003031996048509
2023-06-10,0.0002983448553622
2023-06-11,0.0002938093589807
2023-06-12,0.0002891380969661
2023-06-13,0.000284704576673
2023-06-14,0.0002805994749221
2023-06-15,0.0002766300643904
2023-06-16,0.0002724547723561
2023-06-17,0.0002676402111964
2023-06-18,0.0002626142812322
2023-06-19,0.0002574301560542
2023-06-20,0.0002522720966212
2023-06-21,0.0002476454787902
2023-06-22,0.0002437863830686
2023-06-23,0.0002398571109532
2023-06-24,0.0002360290241946
2023-06-25,0.0002323837666086
2023-06-26,0.0002289550659406
2023-06-27,0.0002256888219944
2023-06-28,0.0002223992910535
2023-06-29,0.0002191454501828
2023-06-30,0.0002156431805803
2023-07-01,0.0002121198707994
2023-07-02,0.0002085578541279
2023-07-03,0.0002053776528702
2023-07-04,0.000202074183049
2023-07-05,0.0001989443275267
2023-07-06,0.0001964139128073
2023-07-07,0.0001940340743313
2023-07-08,0.0001915013828127
2023-07-09,0.0001888255143901
2023-07-10,0.0001863672096369
2023-07-11,0.000183882670132
2023-07-12,0.0001815266653326
2023-07-13,0.000179326169287
2023-07-14,0.0001772451775334
2023-07-15,0.0001749958998007
2023-07-16,0.0001725701492032
2023-07-17,0.0001707463307838
2023-07-18,0.0001692392960959
2023-07-19,0.0001677489982851
2023-07-20,0.000166382613491
2023-07-21,0.0001652802797117
2023-07-22,0.0001643422341194
2023-07-23,0.0001635252572521
2023-07-24,0.0001627989791636
2023-07-25,0.0001621205422673
2023-07-26,0.0001615248237301
2023-07-27,0.0001609170415672
2023-07-28,0.0001601624504053
2023-07-29,0.0001593998895249
2023-07-30,0.0001588742549574
2023-07-31,0.00015851467905
2023-08-01,0.0001582121800636
2023-08-02,0.0001579365034104
2023-08-03,0.0001576470698765
2023-08-04,0.0001573397111374
2023-08-05,0.0001571610604783
2023-08-06,0.0001570756413467
2023-08-07,0.000156990191549
2023-08-08,0.0001569047417514
2023-08-09,0.0001568193226197
2023-08-10,0.0001567338728221
2023-08-11,0.0001566467060689
2023-08-12,0.0001565612562713
2023-08-13,0.0001564758371396
2023-08-14,0.000156390387342
2023-08-15,0.0001563049682103
2023-08-16,0.0001562200413909
2023-08-17,0.0001561358469025
2023-08-18,0.0001560503971049
2023-08-19,0.0001559649779732
2023-08-20,0.0001558795588416
2023-08-21,0.0001557941090439
2023-08-22,0.0001557092128905
2023-08-23,0.0001556250184021
2023-08-24,0.0001555395992705
2023-08-25,0.0001554541801388
2023-08-26,0.0001553692533194
2023-08-27,0.000155285058831
2023-08-28,0.0001551996396993
2023-08-29,0.0001551147435459
2023-08-30,0.0001550305490575
2023-08-31,0.0001549456529041
2023-09-01,0.0001548614584157
2023-09-02,0.0001547765622623
2023-09-03,0.0001546923677739
2023-09-04,0.0001546074716205
2023-09-05,0.0001545238001103
2023-09-06,0.000154439605622
2023-09-07,0.0001543547401345
2023-09-08,0.0001542705456461
2023-09-09,0.000154186874136
2023-09-10,0.0001541019779826
2023-09-11,0.0001540183371384
2023-09-12,0.00015393414265
2023-09-13,0.0001538492464966
2023-09-14,0.0001537655749864
2023-09-15,0.0001536819341423
2023-09-16,0.0001535982626321
2023-09-17,0.000153514621788
2023-09-18,0.0001534309502778
2023-09-19,0.0001533473094336
2023-09-20,0.0001532636379235
2023-09-21,0.0001531799970793
2023-09-22,0.0001530963255692
2023-09-23,0.000153012684725
2023-09-24,0.0001529290132149
2023-09-25,0.0001528453723707
2023-09-26,0.0061078135475434
2023-09-27,0.0017797761564578
2023-09-28,0.000152745576839
2023-09-29,0.0001528409750335
2023-09-30,0.0002363133293802
2023-10-01,0.0001606690020825
2023-10-02,0.000153147278307
2023-10-03,0.0001532377718118
2023-10-04,0.0001533153985985
2023-10-05,0.0001533778574015
2023-10-06,0.0001534261941772
2023-10-07,0.0001534593936352
2023-10-08,0.0001534822369936
2023-10-09,0.0001534947855845
2023-10-10,0.0001534982027192
2023-10-11,0.0001534943280171
2023-10-12,0.0001534808602125
2023-10-13,0.0001534600392391
2023-10-14,0.0001534331510723
2023-10-15,0.0001534002263779
2023-10-16,0.0001533607115118
2023-10-17,0.0001533174613839
2023-10-18,0.000153270624015
2023-10-19,0.0001532195284061
2023-10-20,0.0001531666238437
2023-10-21,0.0001531107163506
2023-10-22,0.0001530517752607
2023-10-23,0.0001529898312401
2023-10-24,0.0001529278565534
2023-10-25,0.000152862878936
2023-10-26,0.0001527978706526
2023-10-27,0.0001527298901045
2023-10-28,0.0001526613252461
2023-10-29,0.0001525915357444
2023-10-30,0.0002642148272359
2023-10-31,0.0001524482214794
2023-11-01,0.0001523766536902
2023-11-02,0.0001523043535701
2023-11-03,0.0027067967677495
2023-11-04,0.0059614982139301
2023-11-05,0.0050938752751643
2023-11-06,0.0003727309911455
2023-11-07,0.0001621674460514
2023-11-08,0.0001648506746295
2023-11-09,0.000166674000148
2023-11-10,0.0001679886234775
2023-11-11,0.0001688936850398
2023-11-12,0.0001695585195743
2023-11-13,0.000170096344167
2023-11-14,0.0001704855539923
2023-11-15,0.0001707952585496
2023-11-16,0.0001710289277248
2023-11-17,0.0001712015937558
2023-11-18,0.0001712871151191
2023-11-19,0.0001712884334136
2023-11-20,0.0001713313756481
2023-11-21,0.0001714296758102
2023-11-22,0.0026214787471184
2023-11-23,0.0001719129169426
2023-11-24,0.0001723213865828
2023-11-25,0.0001725727584868
2023-11-26,0.0001728083825986
2023-11-27,0.0001730310663857
2023-11-28,0.0001731452047232
2023-11-29,0.0001732342507652
2023-11-30,0.0001733110405636
2023-12-01,0.0009459982716566
2023-12-02,0.0001737638590397
2023-12-03,0.0001738843491451
2023-12-04,0.0001739353302444
2023-12-05,0.0001739727437682
2023-12-06,0.0001740196583965
2023-12-07,0.0028265182585008
2023-12-08,0.0157299112450473
2023-12-09,0.0021914778065254
2023-12-10,0.0003412937521664
2023-12-11,0.0004515837150751
2023-12-12,0.00039576288281
2023-12-13,0.0003361686185308
2023-12-14,0.0004588490718281
2023-12-15,0.0011317523790463
2023-12-16,0.0003228510580808
2023-12-17,0.0002236781237379
2023-12-18,0.000242613615674
2023-12-19,0.0003156923851198
2023-12-20,0.0002723750479975
2023-12-21,0.0025002144185748
2023-12-22,0.0134072406536625
2023-12-23,0.0089966791318326
2023-12-24,0.0025289379016141
2023-12-25,0.0056801524066691
2023-12-26,0.0003369699150027
2023-12-27,0.000293244910245
2023-12-28,0.0004457193340046
2023-12-29,0.0009147287338985
2023-12-30,0.0004128947196619
2023-12-31,0.0006266403082407
2024-01-01,0.0014747962137077
2024-01-02,0.0025506753259267
2024-01-03,0.0031235178552543
2024-01-04,0.0034637724283522
2024-01-05,0.0016636696287456
2024-01-06,0.0003263785579532
2024-01-07,0.0003289521754027
2024-01-08,0.0003302848858254
2024-01-09,0.0003311041373011
2024-01-10,0.0043456191670923
2024-01-11,0.0004133174074542
2024-01-12,0.0003371300342558
2024-01-13,0.0003386407911763
2024-01-14,0.000339327654347
2024-01-15,0.0003396107591833
2024-01-16,0.0003396487200274
2024-01-17,0.0003395464072102
2024-01-18,0.000339184806288
2024-01-19,0.0003385928200397
2024-01-20,0.0003379052809953
2024-01-21,0.0003371002498484
2024-01-22,0.0003361613732186
2024-01-23,0.000335084710993
2024-01-24,0.0003338698436585
2024-01-25,0.000332773520541
2024-01-26,0.0003317824463644
2024-01-27,0.0003308578320512
2024-01-28,0.0036111704515958
2024-01-29,0.0003305287562751
2024-01-30,0.0003304839243045
2024-01-31,0.0011318486662002
2024-02-01,0.0087105408052274
2024-02-02,0.0003377389130747
2024-02-03,0.000533663612042
2024-02-04,0.0003466084738933
2024-02-05,0.0003484386831613
2024-02-06,0.0003493641068163
2024-02-07,0.0003497625972278
2024-02-08,0.000349775577905
2024-02-09,0.0003494338578873
2024-02-10,0.0003489467361932
2024-02-11,0.0003483908648374
2024-02-12,0.0003476468744664
2024-02-13,0.0003467935780712
2024-02-14,0.0003459492422185
2024-02-15,0.0003450969680794
2024-02-16,0.0003443442245223
2024-02-17,0.0003435363671352
2024-02-18,0.0003815720896038
2024-02-19,0.0056692050309081
2024-02-20,0.0003436087220925
2024-02-21,0.0046910293280204
2024-02-22,0.0152088410522529
2024-02-23,0.0003729468600931
2024-02-24,0.0040947573151919
2024-02-25,0.0004140938473136
2024-02-26,0.0004669849228477
2024-02-27,0.0005055359217731
2024-02-28,0.0005270227126369
2024-02-29,0.0025286723901658
2024-03-01,0.0011677626571311
2024-03-02,0.0006241642296245
2024-03-03,0.0110383324277795
2024-03-04,0.0038554371510906
2024-03-05,0.0029764431997414
2024-03-06,0.0034465789183867
2024-03-07,0.0023046964119041
2024-03-08,0.0023981543728858
2024-03-09,0.0025257068020389
2024-03-10,0.0077659654616229
2024-03-11,0.0077587234344428
2024-03-12,0.0053513821995243
2024-03-13,0.0068513048709482
2024-03-14,0.00569269559902
2024-03-15,0.0074595654344153
2024-03-16,0.0063289489641678
2024-03-17,0.0054657990227956
2024-03-18,0.0052421951340188
2024-03-19,0.0048830739119009
2024-03-20,0.0045154177204773
2024-03-21,0.0041848894067393
2024-03-22,0.0038443349288694
2024-03-23,0.0034975998831752
2024-03-24,0.0031574118987162
2024-03-25,0.0035577732913022
2024-03-26,0.00267806317679
2024-03-27,0.0037496257215695
2024-03-28,0.0029536073869767
2024-03-29,0.0022809816752929
2024-03-30,0.0021762221350152
2024-03-31,0.007490345330725
2024-04-01,0.0022458873579754
2024-04-02,0.0025177858829057
2024-04-03,0.0024015566161327
2024-04-04,0.0022575709086462
2024-04-05,0.0107635670690118
2024-04-06,0.0037975550232191
2024-04-07,0.0055540974934554
2024-04-08,0.0037888518964155
2024-04-09,0.0037689081821884
2024-04-10,0.0035094361784285
2024-04-11,0.0031722166998263
2024-04-12,0.0028132445929618
2024-04-13,0.0024725870233214
2024-04-14,0.0021646739736604
2024-04-15,0.001913595180745
2024-04-16,0.0128193478595607
2024-04-17,0.0044598725174142
2024-04-18,0.0030143833803904
2024-04-19,0.003113514823159
2024-04-20,0.0029936276969227
2024-04-21,0.0027959176553046
2024-04-22,0.0025654177288493
2024-04-23,0.0041655430055702
2024-04-24,0.0063824815631758
2024-04-25,0.0025653703163923
2024-04-26,0.0026475792460665
2024-04-27,0.0025286274365765
2024-04-28,0.0022937765951972
2024-04-29,0.0020344307543413
2024-04-30,0.0017874986552835
2024-05-01,0.0015534561616851
2024-05-02,0.0012933707322863
2024-05-03,0.001068753005545
2024-05-04,0.0008791321413152
2024-05-05,0.0007276196847183
2024-05-06,0.0006104323821142
2024-05-07,0.000524419522907
2024-05-08,0.0004641378244211
2024-05-09,0.0004256190345933
2024-05-10,0.0004067381604898
2024-05-11,0.0004008780704854
2024-05-12,0.0003966852425099
2024-05-13,0.000392708090808
2024-05-14,0.0003886082192593
2024-05-15,0.0003847171539939
2024-05-16,0.0003809741375355
2024-05-17,0.0003768439757669
2024-05-18,0.0003726249271012
2024-05-19,0.0003687027195493
2024-05-20,0.0003646913576038
2024-05-21,0.000360551773348
2024-05-22,0.000356364874531
2024-05-23,0.0003520456598779
2024-05-24,0.0015764033181872
2024-05-25,0.0062228214576448
2024-05-26,0.0151266347112978
2024-05-27,0.0003625590575413
2024-05-28,0.0003688798989926
2024-05-29,0.0006684437215588
2024-05-30,0.0003718236787336
2024-05-31,0.0003705072577106
2024-06-01,0.0003679057693863
2024-06-02,0.0003647862694578
2024-06-03,0.0003613218729461
2024-06-04,0.0003577925433726
2024-06-05,0.0003545317752645
2024-06-06,0.0003515708953719
2024-06-07,0.0003961347268673
2024-06-08,0.0003484210182374
2024-06-09,0.0003464872922907
2024-06-10,0.0003443806078381
2024-06-11,0.0003410566674133
2024-06-12,0.0003377345432922
2024-06-13,0.000334730464796
2024-06-14,0.0003313205041116
2024-06-15,0.0003274999949562
2024-06-16,0.0003237213841198
2024-06-17,0.0003197811331174
2024-06-18,0.0003156370386267
2024-06-19,0.0003115303311139
2024-06-20,0.0003074095252328
2024-06-21,0.000303413395747
2024-06-22,0.0002991397332535
2024-06-23,0.0002943801039626
2024-06-24,0.0002897721728559
2024-06-25,0.0002852009746321
2024-06-26,0.0002807980512602
2024-06-27,0.0002763583485395
2024-06-28,0.000271727045956
2024-06-29,0.0002672189640675
2024-06-30,0.0002628221689608
2024-07-01,0.0002584391267803
2024-07-02,0.000253908727221
2024-07-03,0.0002493890830958
2024-07-04,0.0002452042545515
2024-07-05,0.0002410670781927
2024-07-06,0.000237064589319
2024-07-07,0.0002335512956642
2024-07-08,0.0002301201163951
2024-07-09,0.0002265810319267
2024-07-10,0.0002229841737999
2024-07-11,0.0002194670344142
2024-07-12,0.000216048550059
2024-07-13,0.0002127215606924
2024-07-14,0.0002095222339582
2024-07-15,0.0002063984188203
2024-07-16,0.0002032021768194
2024-07-17,0.0002000422398649
2024-07-18,0.0001970527813778
2024-07-19,0.0001942730320343
2024-07-20,0.0001916173845865
2024-07-21,0.0001889820138558
2024-07-22,0.0001864082513934
2024-07-23,0.0001841164299833
2024-07-24,0.0001818006852795
2024-07-25,0.0001795144154317
2024-07-26,0.0001775085450546
2024-07-27,0.000175698743065
2024-07-28,0.0001737619473596
2024-07-29,0.0001718260520536
2024-07-30,0.0001700042055511
2024-07-31,0.0001683956141074
2024-08-01,0.0001668719318993
2024-08-02,0.0001652325730818
2024-08-03,0.0001638235525709
2024-08-04,0.0001629023086183
2024-08-05,0.0001621233730283
2024-08-06,0.0001614647721345
2024-08-07,0.0001609253066505
2024-08-08,0.0001603370750254
2024-08-09,0.000159647544383
2024-08-10,0.0001591568028654
2024-08-11,0.0001588435049474
2024-08-12,0.0001585789429273
2024-08-13,0.0001583201704504
2024-08-14,0.0001580448029592
2024-08-15,0.0001577016774377
2024-08-16,0.0001574119208873
2024-08-17,0.000157177095277
2024-08-18,0.0001569459129305
2024-08-19,0.0001568580138463
2024-08-20,0.0001567725947147
2024-08-21,0.0001566859202738
2024-08-22,0.0001566004704761
2024-08-23,0.0001565150513445
2024-08-24,0.0001564296015468
2024-08-25,0.0001563441824152
2024-08-26,0.0001655933451511
2024-08-27,0.000932777173349
2024-08-28,0.0035129610206597
2024-08-29,0.0002321699903348
2024-08-30,0.0001559320094127
2024-08-31,0.0001558550454291
2024-09-01,0.000155779859733
2024-09-02,0.0001557028957494
2024-09-03,0.0001556247071225
2024-09-04,0.0001555465184957
2024-09-05,0.0001554670745595
2024-09-06,0.0001553871383112
2024-09-07,0.0001553064697318
2024-09-08,0.0001552252781742
2024-09-09,0.0001551433849515
2024-09-10,0.0001550621627279
2024-09-11,0.000154979746527
2024-09-12,0.0001548961056828
2024-09-13,0.0001548136588159
2024-09-14,0.000154731242615
2024-09-15,0.0001546475711049
2024-09-16,0.000154564453239
2024-09-17,0.0001544820063721
2024-09-18,0.0001543983348619
2024-09-19,0.0001543146940178
2024-09-20,0.0001542310225076
2024-09-21,0.0001541473816634
2024-09-22,0.0001540637101533
2024-09-23,0.0001539800386431
2024-09-24,0.000153896397799
2024-09-25,0.0001538127262888
2024-09-26,0.0001537290854447
2024-09-27,0.0001536454139345
2024-09-28,0.0001535617730903
2024-09-29,0.0001534781015802
2024-09-30,0.000153394460736
2024-10-01,0.0001533107892259
2024-10-02,0.0001532276713599
2024-10-03,0.0001531439998498
2024-10-04,0.0001530603590056
2024-10-05,0.0001529767181615
2024-10-06,0.0001528930466513
2024-10-07,0.0001528099287854
2024-10-08,0.0001527262879412
2024-10-09,0.0001526426470971
2024-10-10,0.0001525607232084
2024-10-11,0.0001524770823643
2024-10-12,0.0001523939644983
2024-10-13,0.0001523103236542
2024-10-14,0.0001522272057882
2024-10-15,0.0032921686688461
2024-10-16,0.0005091059145165
2024-10-17,0.0001519892979946
2024-10-18,0.00015191741658
2024-10-19,0.0001518443105221
2024-10-20,0.0001517724291076
2024-10-21,0.0001516993230497
2024-10-22,0.0001516249616826
2024-10-23,0.0001515505696495
2024-10-24,0.0001514761776164
2024-10-25,0.00015140056094
2024-10-26,0.0001513249135977
2024-10-27,0.000151248041612
2024-10-28,0.0001511711696264
2024-10-29,0.0001510942669748
2024-10-30,0.0001510161396799
2024-10-31,0.0001509392676943
2024-11-01,0.0001508611097334
2024-11-02,0.0001507829824385
2024-11-03,0.0025104357346375
2024-11-04,0.0001506359459938
2024-11-05,0.0001505775409643
2024-11-06,0.0001505228405306
2024-11-07,0.0001504681400969
2024-11-08,0.0001504127379982
2024-11-09,0.0001503567822552
2024-11-10,0.000150299601869
2024-11-11,0.0013270978950213
2024-11-12,0.0016341683225006
2024-11-13,0.0001502202318827
2024-11-14,0.0001502860333648
2024-11-15,0.0001503593973684
2024-11-16,0.0001504307430657
2024-11-17,0.0001504933629302
2024-11-18,0.000150547866629
2024-11-19,0.0001505960937814
2024-11-20,0.0184258676519728
2024-11-21,0.0027342432722171
2024-11-22,0.0004714511166667
2024-11-23,0.0024394306676355
2024-11-24,0.0167995509491191
2024-11-25,0.0075886489717591
2024-11-26,0.001961859766018
2024-11-27,0.00266401252964
2024-11-28,0.0031233918199266
2024-11-29,0.0043702794545324
2024-11-30,0.0049304543154022
2024-12-01,0.0389862345799136
2024-12-02,0.0009286996527032
2024-12-03,0.0009910323518046
2024-12-04,0.0012596253557156
2024-12-05,0.0008441710055195
2024-12-06,0.0003611087968546
2024-12-07,0.000363095169148
2024-12-08,0.0003643168441742
2024-12-09,0.0003649556477117
2024-12-10,0.0003651565913596
2024-12-11,0.0003650875591261
2024-12-12,0.0003649512422743
2024-12-13,0.0003648618891496
2024-12-14,0.0037579529274495
2024-12-15,0.0003659298165454
2024-12-16,0.0003667877845419
2024-12-17,0.0003674284841414
2024-12-18,0.0003677893317977
2024-12-19,0.0003677541193458
2024-12-20,0.0003675570013523
2024-12-21,0.0003673524533121
2024-12-22,0.0003671360837029
2024-12-23,0.0003667863392189
2024-12-24,0.00036654256577
2024-12-25,0.0003664827021951
2024-12-26,0.0041089840782008
2024-12-27,0.0382991247329822
2024-12-28,0.0043960582295003
2024-12-29,0.0030896373644772
2024-12-30,0.0170652612087311
2024-12-31,0.0076043649772464
2025-01-01,0.0447862667640857
2025-01-02,0.0329126557737807
2025-01-03,0.054634739349986
2025-01-04,0.0305890241526891
2025-01-05,0.0285670689774781
2025-01-06,0.0278142855879304
2025-01-07,0.0261183189034901
2025-01-08,0.0257786027318103
2025-01-09,0.0244752918785747
2025-01-10,0.0246417651263808
2025-01-11,0.0232360119345378
2025-01-12,0.01961696278858
2025-01-13,0.0178898475635928
2025-01-14,0.0159910854765194
2025-01-15,0.0142171581896303
2025-01-16,0.0126394839729972
2025-01-17,0.0114553797579409
2025-01-18,0.0101652983357712
2025-01-19,0.0091976551599416
2025-01-20,0.0083060250935656
2025-01-21,0.0074986107621171
2025-01-22,0.0067430917047055
2025-01-23,0.0060674715960398
2025-01-24,0.0055035926834429
2025-01-25,0.0050288748311077
2025-01-26,0.004594965025507
2025-01-27,0.0064497137776393
2025-01-28,0.0254964538613244
2025-01-29,0.0101072225078297
2025-01-30,0.0097266276037883
2025-01-31,0.0099410984346965
2025-02-01,0.0101205092699285
2025-02-02,0.0099186662150859
2025-02-03,0.0112559191879415
2025-02-04,0.0324420909824638
2025-02-05,0.0177002156015272
2025-02-06,0.0167447158812922
2025-02-07,0.0168082212699735
2025-02-08,0.0355813908312304
2025-02-09,0.0218581697169319
2025-02-10,0.0222236027888937
2025-02-11,0.0190828172542697
2025-02-12,0.0169830430531468
2025-02-13,0.0149350941276056
2025-02-14,0.0130808853836259
2025-02-15,0.0114701468955852
2025-02-16,0.0112560756706493
2025-02-17,0.0091869555980883
2025-02-18,0.0083298507309743
2025-02-19,0.0075725240763124
2025-02-20,0.006858805087818
2025-02-21,0.00623706482173
2025-02-22,0.0057118476377388
2025-02-23,0.0052088545317402
2025-02-24,0.0047107895434417
2025-02-25,0.0042327854784559
2025-02-26,0.0038128827777232
2025-02-27,0.0034657665264197
2025-02-28,0.0032045940954294
2025-03-01,0.0081129590498965
2025-03-02,0.0031907124436644
2025-03-03,0.0029167675820361
2025-03-04,0.0028234595230809
2025-03-05,0.0026487028720288
2025-03-06,0.0024316039634951
2025-03-07,0.0022160077511941
2025-03-08,0.0020155753511644
2025-03-09,0.0018315914406482
2025-03-10,0.0016590465442282
2025-03-11,0.0015055206264652
2025-03-12,0.0013750970604906
2025-03-13,0.0012623632385022
2025-03-14,0.0011717017889935
2025-03-15,0.0010878278920247
2025-03-16,0.0009957935592271
2025-03-17,0.00091129456464
2025-03-18,0.0008406700905423
2025-03-19,0.0007882772470568
2025-03-20,0.0007233938188524
2025-03-21,0.0006602071026691
2025-03-22,0.0006112021740605
2025-03-23,0.0005775879178542
2025-03-24,0.0005461033777294
2025-03-25,0.0005112422262119
2025-03-26,0.0004790965353945
2025-03-27,0.0004579965345849
2025-03-28,0.0004454787716797
2025-03-29,0.0004780865940178
2025-03-30,0.0019162691754539
2025-03-31,0.0022832917667469
2025-04-01,0.0025431674654798
2025-04-02,0.0039515148599784
2025-04-03,0.0031931700454065
2025-04-04,0.0035062007978273
2025-04-05,0.0013765133666941
2025-04-06,0.0007929295063275
2025-04-07,0.0080116590667034
2025-04-08,0.0012722214823196
2025-04-09,0.0015733085301732
2025-04-10,0.0016010015028322
2025-04-11,0.0015121712172707
2025-04-12,0.0013735961659287
2025-04-13,0.0012185126086005
2025-04-14,0.0024705477262947
2025-04-15,0.0034009370594692
2025-04-16,0.0015404291037677
2025-04-17,0.0012275543244637
2025-04-18,0.0011574545270112
2025-04-19,0.00105875255978
2025-04-20,0.0009466998460062
2025-04-21,0.0008346043375661
2025-04-22,0.0007350582676903
2025-04-23,0.0006481211726861
2025-04-24,0.0005782206421847
2025-04-25,0.0005190397791445
2025-04-26,0.0004720769747661
2025-04-27,0.0004410044394675
2025-04-28,0.0004218414519707
2025-04-29,0.0004100065600252
2025-04-30,0.0004052765508272
2025-05-01,0.0004017058213635
2025-05-02,0.000397826250575
2025-05-03,0.0003937872443866
2025-05-04,0.0003898873457444
2025-05-05,0.0003859128783787
2025-05-06,0.0003820564645326
2025-05-07,0.0003782163154233
2025-05-08,0.0003742479091759
2025-05-09,0.0003701823967022
2025-05-10,0.0003662181640055
2025-05-11,0.0003624463224951
2025-05-12,0.000358570771546
2025-05-13,0.0003540648829181
2025-05-14,0.0003495734459118
2025-05-15,0.0003453105959378
2025-05-16,0.0003410505763245
2025-05-17,0.0003368427559142
2025-05-18,0.0003325160127183
2025-05-19,0.000328109076479
2025-05-20,0.0003238312425172
2025-05-21,0.0003193716372293
2025-05-22,0.0003148131879459
2025-05-23,0.0003101081903683
2025-05-24,0.0003052984942672
2025-05-25,0.0003004265430253
2025-05-26,0.0002956945228097
2025-05-27,0.000290729872448
2025-05-28,0.0002861530584847
2025-05-29,0.0002815596617404
2025-05-30,0.0002766611603789
2025-05-31,0.0002717164840671
2025-06-01,0.0002678807277168
2025-06-02,0.0002649906662585
2025-06-03,0.0002608587446798
2025-06-04,0.0002564455521989
2025-06-05,0.0002520334523527
2025-06-06,0.0002473210025556
2025-06-07,0.0002429772866213
2025-06-08,0.0002391247081893
2025-06-09,0.0002355794132749
2025-06-10,0.0002323363430093
2025-06-11,0.0002291861938724
2025-06-12,0.0002260413059913
2025-06-13,0.0002228578563951
2025-06-14,0.0002196957646402
2025-06-15,0.0002165927305224
2025-06-16,0.0002132554297924
2025-06-17,0.0002097333871694
2025-06-18,0.0002063766766074
2025-06-19,0.0002034012172412
2025-06-20,0.0002003940937577
2025-06-21,0.000197300244312
2025-06-22,0.0001943457195384
2025-06-23,0.0001917441596867
2025-06-24,0.0001892723735792
2025-06-25,0.0001870806438401
2025-06-26,0.0001848639849461
2025-06-27,0.0001826240626717
2025-06-28,0.0001806445951679
2025-06-29,0.000178413204961
2025-06-30,0.0001760561762875
2025-07-01,0.0001740372190205
2025-07-02,0.0001724315199588
2025-07-03,0.0001710729623405
2025-07-04,0.000169829088848
2025-07-05,0.0001684590971912
2025-07-06,0.0001670394893677
2025-07-07,0.0001660778585736
2025-07-08,0.0001651856975391
2025-07-09,0.0001642661143151
2025-07-10,0.0001634060679585
2025-07-11,0.0001626364566614
2025-07-12,0.0001619546393684
2025-07-13,0.0001613233464562
2025-07-14,0.0001607133876848
2025-07-15,0.0001602072226218
2025-07-16,0.0001598112304297
2025-07-17,0.0001594160879234
2025-07-18,0.0001590129641901
2025-07-19,0.0001586694165705
2025-07-20,0.0001583356554788
2025-07-21,0.000157979947734
2025-07-22,0.0001576334616595
2025-07-23,0.0001573266216923
2025-07-24,0.0001570819682699
2025-07-25,0.00015696348377
2025-07-26,0.0001568780339723
2025-07-27,0.0001567926148407
2025-07-28,0.000156707165043
2025-07-29,0.0001566217459114
2025-07-30,0.0001565362961137
2025-07-31,0.0001564508769821
2025-08-01,0.0001563654271844
2025-08-02,0.0001562800080528
2025-08-03,0.0001561945582551
2025-08-04,0.0001561091391235
2025-08-05,0.0001560237199918
2025-08-06,0.0001559387931724
2025-08-07,0.0001558533740408
2025-08-08,0.0001557679549091
2025-08-09,0.0001556825357774
2025-08-10,0.0001555988642673
2025-08-11,0.0001555134144696
2025-08-12,0.000155427995338
2025-08-13,0.0001553430991846
2025-08-14,0.0001552589046962
2025-08-15,0.0001551740085428
2025-08-16,0.0001550898140544
2025-08-17,0.000155004917901
2025-08-18,0.0001549194987693
2025-08-19,0.0001548358272591
2025-08-20,0.0001547504081275
2025-08-21,0.0001546667366173
2025-08-22,0.0001545813174857
2025-08-23,0.0001544976459755
2025-08-24,0.0006923397436517
2025-08-25,0.0001543285859997
2025-08-26,0.0001542449144896
2025-08-27,0.0001541600183361
2025-08-28,0.000154076377492
2025-08-29,0.0001539921830036
2025-08-30,0.0001539085114934
2025-08-31,0.000153823646006
2025-09-01,0.0001537399744959
2025-09-02,0.0001536563336517
2025-09-03,0.0001535726621415
2025-09-04,0.0001534889906314
2025-09-05,0.0001534053497872
2025-09-06,0.0001533217089431
2025-09-07,0.0001532380374329
2025-09-08,0.0001531531719455
2025-09-09,0.0001530695004353
2025-09-10,0.0001529870842344
2025-09-11,0.0001529034433903
2025-09-12,0.0001528197718801
2025-09-13,0.0001527366540142
2025-09-14,0.00015265301317
2025-09-15,0.0001525693416599
2025-09-16,0.0001524857008157
2025-09-17,0.0001524025829498
2025-09-18,0.0001523201667489
2025-09-19,0.0001522365259047
2025-09-20,0.0001521534080388
2025-09-21,0.0001520709918379
2025-09-22,0.0001519873509937
2025-09-23,0.0001519042331278
2025-09-24,0.0001518218169269
2025-09-25,0.000151738699061
2025-09-26,0.0001516550582168
2025-09-27,0.0001515731649942
2025-09-28,0.00015148952415
2025-09-29,0.0001514076309273
2025-09-30,0.0001513245130614
2025-10-01,0.0001512420968605
2025-10-02,0.0001511602343038
2025-10-03,0.0001510771164379
2025-10-04,0.000150994700237
2025-10-05,0.0001509128070144
2025-10-06,0.0001508297198144
2025-10-07,0.0001507478265918
2025-10-08,0.0001506654103909
2025-10-09,0.0001505823231909
2025-10-10,0.0001505004299683
2025-10-11,0.0001504185674116
2025-10-12,0.000150336674189
2025-10-13,0.0001502548116323
2025-10-14,0.0001501729184096
2025-10-15,0.000150091055853
2025-10-16,0.0001500091626303
2025-10-17,0.0001499273000736
2025-10-18,0.000149845437517
2025-10-19,0.0001497635442943
2025-10-20,0.0001496816817376
2025-10-21,0.000149599819181
2025-10-22,0.0001495179259583
2025-10-23,0.0001494365863799
2025-10-24,0.0001493547238232
2025-10-25,0.0001492728612665
2025-10-26,0.0001491909987099
2025-10-27,0.0001491108531087
2025-10-28,0.000149028990552
2025-10-29,0.0001489471279954
2025-10-30,0.0001488657884169
2025-10-31,0.0014691124838638
2025-11-01,0.0017924188104839
2025-11-02,0.0005492261795219
2025-11-03,0.0001485457342997
2025-11-04,0.0023901958670825
2025-11-05,0.0001484086704166
2025-11-06,0.0001483650858081
2025-11-07,0.0051058854216041
2025-11-08,0.0078439698479127
2025-11-09,0.000438701479583
2025-11-10,0.0029945056336299
2025-11-11,0.003496086804611
2025-11-12,0.0010318626283467
2025-11-13,0.0003511877383998
2025-11-14,0.0231302669475191
2025-11-15,0.0259299581878565
2025-11-16,0.0136789022399565
2025-11-17,0.0005070912653197
2025-11-18,0.000303145777768
2025-11-19,0.0181538046277464
2025-11-20,0.0291118751269601
2025-11-21,0.0305780976927177
2025-11-22,0.0023198188526536
2025-11-23,0.0025247437158828
2025-11-24,0.0032138292225174
2025-11-25,0.0042436330283935
2025-11-26,0.0042364569293691
2025-11-27,0.0065863843843198
2025-11-28,0.0037904280902121
2025-11-29,0.0037723558035134
2025-11-30,0.0039825258461849
2025-12-01,0.00452446144717
2025-12-02,0.0056084779090266
2025-12-03,0.0040971280885017
2025-12-04,0.004307657698894
2025-12-05,0.0074794620324024
2025-12-06,0.0094072456027988
2025-12-07,0.0079842899932689
2025-12-08,0.007636394228117
2025-12-09,0.0066566495310704
2025-12-10,0.0119293522872717
2025-12-11,0.0186785170978055
2025-12-12,0.0104148530590559
2025-12-13,0.0157560039909109
2025-12-14,0.0290931062117764
2025-12-15,0.0174548717714369
2025-12-16,0.0172557967469274
2025-12-17,0.0157933371680511
2025-12-18,0.0142027249955915
2025-12-19,0.0147399382237985
2025-12-20,0.0135028222856332
2025-12-21,0.0110550575466972
2025-12-22,0.0103394932007031
2025-12-23,0.0110567431534011
2025-12-24,0.0090221890588431
2025-12-25,0.0093607002102796
2025-12-26,0.0080386467119642
2025-12-27,0.0112506599094701
2025-12-28,0.0090630228493373
2025-12-29,0.0101125463560175
2025-12-30,0.0106096120496434
2025-12-31,0.0087670389379846
2026-01-01,0.0082722281423815
2026-01-02,0.0079103434656455
2026-01-03,0.0074160117216477
2026-01-04,0.0069071519560837
2026-01-05,0.0064076495861652
2026-01-06,0.0058890690803408
2026-01-07,0.0053728402016523
2026-01-08,0.004929729677159
2026-01-09,0.0045453192601048
2026-01-10,0.0041866224280698
2026-01-11,0.0038691198400909
2026-01-12,0.0035664599555189
2026-01-13,0.0032717533271829
2026-01-14,0.0029893236278575
2026-01-15,0.002731511218755
2026-01-16,0.0025048781537138
2026-01-17,0.0023068888059015
2026-01-18,0.0021374664468469
2026-01-19,0.0019954532217318
2026-01-20,0.0055055610252059
2026-01-21,0.0052008983489057
2026-01-22,0.0237029562191148
2026-01-23,0.0715814026763568
2026-01-24,0.1133535960593834
2026-01-25,0.0591865653966227
2026-01-26,0.0524671867557108
2026-01-27,0.0502112341056828
2026-01-28,0.0299513405906898
2026-01-29,0.0299513405906898
2026-01-30,0.0297893150318167
2026-01-31,0.027384303491744
2026-02-01,0.0235064829411312
2026-02-02,0.0199730044786491
2026-02-03,0.0170264684643292
2026-02-04,0.0146244351772653
2026-02-05,0.0202663154462601
2026-02-06,0.0190634472269474
2026-02-07,0.014412854139715
2026-02-08,0.0138874308048425
2026-02-09,0.012837787235075
2026-02-10,0.0118257116011625
2026-02-11,0.0107004682500619
2026-02-12,0.0096641484590766
2026-02-13,0.0087203338870203
2026-02-14,0.0078584641592409
2026-02-15,0.00708815288676
2026-02-16,0.0064130272208952
2026-02-17,0.0058153220860867
2026-02-18,0.0073272743834213
2026-02-19,0.0062533702737414
2026-02-20,0.0051898207080439
2026-02-21,0.0092964736736354
2026-02-22,0.0048809481822084
2026-02-23,0.0049775554369845
2026-02-24,0.0048484178658838
2026-02-25,0.0201468400272262
2026-02-26,0.0074943076124333
2026-02-27,0.0083057095343632
2026-02-28,0.0098589786648383
2026-03-01,0.0133615550776042
2026-03-02,0.0094721388948998
2026-03-03,0.0089856558062661
2026-03-04,0.0087160493418522
2026-03-05,0.0198634376476467
2026-03-06,0.0101582329685298
2026-03-07,0.0152719175881347
2026-03-08,0.0184052998003186
2026-03-09,0.0144661085222574
2026-03-10,0.0157310778535174
2026-03-11,0.0169158834131343
2026-03-12,0.0258931396326856
2026-03-13,0.029286978545553
2026-03-14,0.0214947103030494
2026-03-15,0.0203242174779466
2026-03-16,0.0178927297772765
2026-03-17,0.0155288693226273
2026-03-18,0.013422646960058
2026-03-19,0.0116018409933242
2026-03-20,0.0122349489078486
2026-03-21,0.0183329157647164
2026-03-22,0.0104265923715721
2026-03-23,0.0104100580729945
2026-03-24,0.0097238727119919
2026-03-25,0.0088364017712645
2026-03-26,0.0079531621309414
2026-03-27,0.0071489594635529
2026-03-28,0.0063695903724074
2026-03-29,0.0056168482567951
2026-03-30,0.0049319872256752
2026-03-31,0.0043271074101124
2026-04-01,0.0037773205231229
2026-04-02,0.003252218278244
2026-04-03,0.0027979497517405
2026-04-04,0.0024130067533569
2026-04-05,0.0069182590868097
2026-04-06,0.0021746760864591
2026-04-07,0.0023237550458446
2026-04-08,0.0020197430772958
2026-04-09,0.0018682815604264
2026-04-10,0.0016879440885577
2026-04-11,0.0014942601129883
2026-04-12,0.0021830763882858
2026-04-13,0.0013233976455443
2026-04-14,0.0012172699281979
2026-04-15,0.0010858819469114
2026-04-16,0.0031245553254336
2026-04-17,0.0012363176346677
2026-04-18,0.004232677219669
2026-04-19,0.0040942923589918
2026-04-20,0.0015142159963323
2026-04-21,0.0015608638377653
2026-04-22,0.0015556651504523
2026-04-23,0.0014811202876893
2026-04-24,0.0040024953897952
2026-04-25,0.0018817625476403
2026-04-26,0.0020924718567485
2026-04-27,0.0021660941927245
2026-04-28,0.0034701703023084
2026-04-29,0.0019849289018275
2026-04-30,0.0018612289747806
2026-05-01,0.0017123019218494
2026-05-02,0.001516185324826
2026-05-03,0.0013461418908929
2026-05-04,0.0012139515262203
2026-05-05,0.0010480790620751
2026-05-06,0.0009030647120364
2026-05-07,0.0007801923087907
2026-05-08,0.0006741368290578
2026-05-09,0.0005780370813172
2026-05-10,0.0005012056843889
2026-05-11,0.0004486634426372
2026-05-12,0.000419182556035
2026-05-13,0.0004083373318798
2026-05-14,0.0004044385002143
2026-05-15,0.0004005681683845
2026-05-16,0.0003967099647837
2026-05-17,0.000392831321325
2026-05-18,0.0003886101422245
2026-05-19,0.0003844840796307
2026-05-20,0.0003805657393064
2026-05-21,0.0003766336077411
2026-05-22,0.0003728390471098
2026-05-23,0.0003694131093601
2026-05-24,0.0003666069779399
2026-05-25,0.0003636306025931
2026-05-26,0.0003596112225136
2026-05-27,0.0003554755962116
2026-05-28,0.0003523637737848
2026-05-29,0.0003509067225821
2026-05-30,0.0003491657549201
2026-05-31,0.0003464421637693
2026-06-01,0.0003438443784323
2026-06-02,0.0003401642939318
2026-06-03,0.000336282097128
2026-06-04,0.0003327889261983
2026-06-05,0.0003344977047575
2026-06-06,0.000455850220761
2026-06-07,0.0003280930947783
2026-06-08,0.0003262684804986
2026-06-09,0.0003235337399699
2026-06-10,0.0003195321758952
2026-06-11,0.0003149907308639
2026-06-12,0.0003101872311215
2026-06-13,0.0003053703932454
2026-06-14,0.0003005623497982
2026-06-15,0.0002954021040828
2026-06-16,0.0002901567475521
2026-06-17,0.0002849934355362
2026-06-18,0.0002796872720904
2026-06-19,0.0002745696452147
2026-06-20,0.0002694045582209
2026-06-21,0.0002641996456222
2026-06-22,0.0002595882148602
2026-06-23,0.0002557082783312
2026-06-24,0.0002508623710357
2026-06-25,0.0002461335301288
2026-06-26,0.0002417835307656
2026-06-27,0.0002377367256864
2026-06-28,0.0002338150218661
2026-06-29,0.000229864252126
2026-06-30,0.0002260278395057
2026-07-01,0.0002223664706786
2026-07-02,0.0002187327967221
2026-07-03,0.000215030998234
2026-07-04,0.0002115802135518
2026-07-05,0.0002087290487408
2026-07-06,0.000205917060621
2026-07-07,0.0002031869641089
2026-07-08,0.000200586359189
2026-07-09,0.0001977250329341
2026-07-10,0.0001945035377982
2026-07-11,0.0001915007221177
2026-07-12,0.000188717580754
2026-07-13,0.0001860812996121
2026-07-14,0.0001834400794618
2026-07-15,0.0001808450542648
2026-07-16,0.0001785625992394
2026-07-17,0.0001767221119419
2026-07-18,0.0001750195026197
2026-07-19,0.0001733161172183
2026-07-20,0.0001716839770186
2026-07-21,0.0001701674954185
2026-07-22,0.000168788528688
2026-07-23,0.000167382538852
2026-07-24,0.0001657954916297
2026-07-25,0.0001644362789748
2026-07-26,0.0001635374546677
2026-07-27,0.0001627237419419
2026-07-28,0.0001619813815359
2026-07-29,0.0001613029561036
2026-07-30,0.0001607037358221
2026-07-31,0.0001601984311047
2026-08-01,0.0001597123825462
2026-08-02,0.0001592672035526
2026-08-03,0.0001588309298861
2026-08-04,0.0001584582795642
2026-08-05,0.0001581640600087
2026-08-06,0.0001578700428819
2026-08-07,0.0001576266061173
2026-08-08,0.0001573960291052
2026-08-09,0.0001571760812137
2026-08-10,0.0001569988138369
2026-08-11,0.0001569054932015
2026-08-12,0.0001568200434038
2026-08-13,0.0001567346242722
2026-08-14,0.0001566491744745
2026-08-15,0.0001565642783211
2026-08-16,0.0001564788285234
2026-08-17,0.0001563934093918
2026-08-18,0.0001563079595941
2026-08-19,0.0001562225404625
2026-08-20,0.0001561370906648
2026-08-21,0.0001560516715332
2026-08-22,0.0001559667753798
2026-08-23,0.0001558813255821
2026-08-24,0.0001557959064505
2026-08-25,0.0001557117119621
2026-08-26,0.0001556267851427
2026-08-27,0.000155541366011
2026-08-28,0.0001554564698576
2026-08-29,0.0001553722753692
2026-08-30,0.0001552868562375
2026-08-31,0.0001552019294181
2026-09-01,0.0001551177349297
2026-09-02,0.0001550328387763
2026-09-03,0.0001549474196447
2026-09-04,0.0001548637481345
2026-09-05,0.0001547788519811
2026-09-06,0.0001546946574927
2026-09-07,0.0001546097613393
2026-09-08,0.0001545260898291
2026-09-09,0.0001544407013635
2026-09-10,0.0001543570298533
2026-09-11,0.0001542733583432
2026-09-12,0.0001541884621897
2026-09-13,0.0001541042677014
2026-09-14,0.0001540206268572
2026-09-15,0.0001539357307038
2026-09-16,0.0001538520591936
2026-09-17,0.0001537683876835
2026-09-18,0.0001536847468393
2026-09-19,0.0001535998506859
2026-09-20,0.0001535162098417
2026-09-21,0.0001534325383316
2026-09-22,0.0001533488974874
2026-09-23,0.0001532652259773
2026-09-24,0.0001531815851331
2026-09-25,0.0001530979136229
2026-09-26,0.0001530142727788
2026-09-27,0.0001529306012686
2026-09-28,0.0001528474834027
2026-09-29,0.0001527638118925
2026-09-30,0.0001526801710484
2026-10-01,0.0001525965302042
2026-10-02,0.0001525134123383
2026-10-03,0.0001524309654714
2026-10-04,0.0001523473246272
2026-10-05,0.0001522642067613
2026-10-06,0.0001521805659171
2026-10-07,0.0001520981497163
2026-10-08,0.0001520150318503
2026-10-09,0.0001519313603402
2026-10-10,0.0001518494671175
2026-10-11,0.0001517658262734
2026-10-12,0.0001516827084074
2026-10-13,0.0001516008151848
2026-10-14,0.0001515171743406
2026-10-15,0.0001514352811179
2026-10-16,0.0001513516709398
2026-10-17,0.0001512697777171
2026-10-18,0.0001511866598512
2026-10-19,0.0001511047666285
2026-10-20,0.0001510223504276
2026-10-21,0.0001509392325617
2026-10-22,0.000150857370005
2026-10-23,0.0001507754767824
2026-10-24,0.0001506923589164
2026-10-25,0.0027254670197072
2026-10-26,0.0028460356803652
2026-10-27,0.00015046275825
2026-10-28,0.0008216455917918
2026-10-29,0.0001503777741775
2026-10-30,0.0001503551090829
2026-10-31,0.0001503337299637
2026-11-01,0.0001503115878474
2026-11-02,0.0001502852181571
2026-11-03,0.0001502570395133
2026-11-04,0.0074027457646123
2026-11-05,0.0024882741695052
2026-11-06,0.0007282649298279
2026-11-07,0.000157698050778
2026-11-08,0.0001600713362208
2026-11-09,0.000161773583331
2026-11-10,0.0001630264409867
2026-11-11,0.0001639694243985
2026-11-12,0.0058587779286979
2026-11-13,0.0067847558345178
2026-11-14,0.0001790921452642
2026-11-15,0.0147411310090732
2026-11-16,0.0002081889596884
2026-11-17,0.0002171389074713
2026-11-18,0.0002212251606862
2026-11-19,0.0002236781478591
2026-11-20,0.0002248539716123
2026-11-21,0.000225334710236
2026-11-22,0.0002253827083662
2026-11-23,0.000225283345808
2026-11-24,0.0002251287582229
2026-11-25,0.0056558418690164
2026-11-26,0.0002276675293571
2026-11-27,0.0048296098158239
2026-11-28,0.0103001419925031
2026-11-29,0.0013636011371045
2026-11-30,0.0031042636446573
2026-12-01,0.0002786659672705
2026-12-02,0.0002751983550437
2026-12-03,0.0002780408883148
2026-12-04,0.0002798586439148
2026-12-05,0.0002809595431891
2026-12-06,0.0002815648391999
2026-12-07,0.0007170575469549
2026-12-08,0.0010501520732006
2026-12-09,0.0009885659958256
2026-12-10,0.0002850926774381
2026-12-11,0.000285638445671
2026-12-12,0.0086265063548467
2026-12-13,0.0002926965504703
2026-12-14,0.009482441483186
2026-12-15,0.0057690506781633
2026-12-16,0.0367648806190673
2026-12-17,0.009754346099242
2026-12-18,0.0063481838695922
2026-12-19,0.0146973394588071
2026-12-20,0.0029054228480999
2026-12-21,0.0035838962762571
2026-12-22,0.0037237682798855
2026-12-23,0.0037012053592126
2026-12-24,0.0035932893171567
2026-12-25,0.0034233489388152
2026-12-26,0.0032396856324998
2026-12-27,0.0030619173650551
2026-12-28,0.0088142320713595
2026-12-29,0.0150149785794507
2026-12-30,0.0088174593969985
2026-12-31,0.0273287874661217
2027-01-01,0.045172194801252
2027-01-02,0.0504530411508244
2027-01-03,0.0320437611810881
2027-01-04,0.0288707814315203
2027-01-05,0.0277652083170961
2027-01-06,0.0251298337929077
2027-01-07,0.0249755316766873
2027-01-08,0.0200654046991971
2027-01-09,0.019087083261474
2027-01-10,0.0173318239015659
2027-01-11,0.0171998467249366
2027-01-12,0.0154392715352755
2027-01-13,0.0185067176573162
2027-01-14,0.0263208951433818
2027-01-15,0.0204362168346464
2027-01-16,0.0341806645670683
2027-01-17,0.0241503599290482
2027-01-18,0.0224931151149069
2027-01-19,0.0200170984144573
2027-01-20,0.0175457930166739
2027-01-21,0.0153421322544548
2027-01-22,0.0134492062663903
2027-01-23,0.0163682077244295
2027-01-24,0.0111764254028272
2027-01-25,0.0106698962780354
2027-01-26,0.0097525625130341
2027-01-27,0.008966063388888
2027-01-28,0.0081719683243267
2027-01-29,0.0074071404155664
2027-01-30,0.0067126436948295
2027-01-31,0.0060934174384311
2027-02-01,0.0055306468747912
2027-02-02,0.005005589662289
2027-02-03,0.0045312257000319
2027-02-04,0.004598995184983
2027-02-05,0.0039248285508506
2027-02-06,0.0038992895957607
2027-02-07,0.0137586778128471
2027-02-08,0.0068613367489992
2027-02-09,0.0065743427477921
2027-02-10,0.0067639799559521
2027-02-11,0.0059804330561813
2027-02-12,0.015474582430295
2027-02-13,0.0252791507972834
2027-02-14,0.0623182381056969
2027-02-15,0.1045144968237287
2027-02-16,0.0696232244940591
2027-02-17,0.0309012075204679
2027-02-18,0.0402438974491455
2027-02-19,0.0313780394806441
2027-02-20,0.0322889001037193
2027-02-21,0.0342719582902886
2027-02-22,0.0309112079076626
2027-02-23,0.038089340699982
2027-02-24,0.0316588768597582
2027-02-25,0.0296505624672981
2027-02-26,0.0266335542510446
2027-02-27,0.0316954493913007
2027-02-28,0.0238199558050763
2027-03-01,0.0258068979731316
2027-03-02,0.0228947669355027
2027-03-03,0.021137111590147
2027-03-04,0.0180468318008214
2027-03-05,0.0161601360808494
2027-03-06,0.0141920204508898
2027-03-07,0.0123912665848558
2027-03-08,0.0108395813215528
2027-03-09,0.0095126204408609
2027-03-10,0.0083512093207148
2027-03-11,0.0073124600870524
2027-03-12,0.0064187156595415
2027-03-13,0.005637831213259
2027-03-14,0.0049594885988648
2027-03-15,0.0048751920963875
2027-03-16,0.0092836420722332
2027-03-17,0.0084995892232396
2027-03-18,0.0044692073781894
2027-03-19,0.0045864968746702
2027-03-20,0.0044253156200423
2027-03-21,0.0041566679522289
2027-03-22,0.0041858685981071
2027-03-23,0.003698551238582
2027-03-24,0.0033663601088149
2027-03-25,0.0039086313301767
2027-03-26,0.0037228829013529
2027-03-27,0.0028507337053316
2027-03-28,0.0026400997804206
2027-03-29,0.0024025053721773
2027-03-30,0.0021844965037017
2027-03-31,0.0069842881030854
2027-04-01,0.0071532645827988
2027-04-02,0.0026778806970737
2027-04-03,0.0029147087825028
2027-04-04,0.0028385412267379
2027-04-05,0.003403254039652
2027-04-06,0.0027040144313059
2027-04-07,0.0031091017140031
2027-04-08,0.0025058282281268
2027-04-09,0.002306932339732
2027-04-10,0.0021284365272724
2027-04-11,0.0020130548092935
2027-04-12,0.0018799056002845
2027-04-13,0.0016738218908238
2027-04-14,0.0014662806123825
2027-04-15,0.0012707292666412
2027-04-16,0.0010873636232984
2027-04-17,0.0019731839127754
2027-04-18,0.0075542215034535
2027-04-19,0.0010463713698674
2027-04-20,0.0011545267151199
2027-04-21,0.0011759416719029
2027-04-22,0.0011191314245121
2027-04-23,0.0010196414851122
2027-04-24,0.0009313349725034
2027-04-25,0.003684371451359
2027-04-26,0.002825501389027
2027-04-27,0.0019052952166996
2027-04-28,0.0138141480773286
2027-04-29,0.0027535900588714
2027-04-30,0.0030513110830151
2027-05-01,0.0030157151549674
2027-05-02,0.0027883738579272
2027-05-03,0.0047601820885383
2027-05-04,0.0112626514276233
2027-05-05,0.0265121559724992
2027-05-06,0.0099610399852949
2027-05-07,0.0105522155289849
2027-05-08,0.0096500358199296
2027-05-09,0.008579745432531
2027-05-10,0.0075605229353073
2027-05-11,0.0065485515948578
2027-05-12,0.0055691115751672
2027-05-13,0.0046650380638502
2027-05-14,0.0038640606979443
2027-05-15,0.0031888245310926
2027-05-16,0.0026399706466206
2027-05-17,0.0021827098980687
2027-05-18,0.0018122431102838
2027-05-19,0.0015294546621967
2027-05-20,0.001293020545638
2027-05-21,0.0010801550735523
2027-05-22,0.0109839217115306
2027-05-23,0.0012455653223364
2027-05-24,0.0013020001796978
2027-05-25,0.001281414008535
2027-05-26,0.0011425722733371
2027-05-27,0.000959882293116
2027-05-28,0.0007849185281022
2027-05-29,0.0006417746143922
2027-05-30,0.0005386711067822
2027-05-31,0.0004648207635862
2027-06-01,0.0004268233826474
2027-06-02,0.0004121194422466
2027-06-03,0.0004079415744732
2027-06-04,0.0004038446813058
2027-06-05,0.0003998395468048
2027-06-06,0.0003958003165665
2027-06-07,0.0003917062959343
2027-06-08,0.0003875654072259
2027-06-09,0.000383678363793
2027-06-10,0.0003801961373486
2027-06-11,0.0003766185858521
2027-06-12,0.0003729952564067
2027-06-13,0.000369292761483
2027-06-14,0.0003656506379925
2027-06-15,0.0004301104015612
2027-06-16,0.0003625149705419
2027-06-17,0.0003587324232568
2027-06-18,0.0003546702918597
2027-06-19,0.0003499807607299
2027-06-20,0.0003452072150702
2027-06-21,0.0003406265066971
2027-06-22,0.0003359954248093
2027-06-23,0.000331308586679
2027-06-24,0.0003265969220548
2027-06-25,0.0003216581825442
2027-06-26,0.0003167394184382
2027-06-27,0.0003121164902647
2027-06-28,0.0003071915440328
2027-06-29,0.0003025132375025
2027-06-30,0.0002980266874299
2027-07-01,0.0002932315450577
2027-07-02,0.0002881776217174
2027-07-03,0.0002832251652079
2027-07-04,0.0002783276212006
2027-07-05,0.0002735491340687
2027-07-06,0.000268689703597
2027-07-07,0.0002638563868216
2027-07-08,0.000258980641828
2027-07-09,0.0002543266098898
2027-07-10,0.0002498722358654
2027-07-11,0.0002458698355174
2027-07-12,0.0002420850692252
2027-07-13,0.0002384266893595
2027-07-14,0.0002348453986053
2027-07-15,0.0002313145533161
2027-07-16,0.0002278943629732
2027-07-17,0.0002246077825961
2027-07-18,0.0002212798886332
2027-07-19,0.0002178301220485
2027-07-20,0.0002143314130998
2027-07-21,0.0002109636072278
2027-07-22,0.0002079446515983
2027-07-23,0.0002052585988389
2027-07-24,0.0002027708964924
2027-07-25,0.0002001964219303
2027-07-26,0.0001973925016436
2027-07-27,0.0001950413013369
2027-07-28,0.00019265501328
2027-07-29,0.0001903396637651
2027-07-30,0.0001884562541151
2027-07-31,0.0001864840711456
2027-08-01,0.0001842110934031
2027-08-02,0.0001822854672209
2027-08-03,0.0001806638170894
2027-08-04,0.0001788559427775
2027-08-05,0.0001767423804732
2027-08-06,0.0001747567943439
2027-08-07,0.0001729336992968
2027-08-08,0.0001713476178018
2027-08-09,0.0001699488240275
2027-08-10,0.000168619871276
2027-08-11,0.0001673504324574
2027-08-12,0.0001661620564158
2027-08-13,0.000165033867004
2027-08-14,0.0001640715436758
2027-08-15,0.00016324147069
2027-08-16,0.0001625043486915
2027-08-17,0.0001618371650228
2027-08-18,0.0001610585719913
2027-08-19,0.0001600835790232
2027-08-20,0.0001594789450049
2027-08-21,0.0001591018617904
2027-08-22,0.0001587492006798
2027-08-23,0.0001584310749087
2027-08-24,0.0001581583705203
2027-08-25,0.0001578911183491
2027-08-26,0.000157651881681
2027-08-27,0.0001574115443054
2027-08-28,0.0001572162732752
2027-08-29,0.0001571014320391
2027-08-30,0.0001570159822414
2027-08-31,0.0001569305631098
2027-09-01,0.0001568451133121
2027-09-02,0.0001567591712023
2027-09-03,0.0001566737214046
2027-09-04,0.0001565870469637
2027-09-05,0.000156501627832
2027-09-06,0.0001564161780344
2027-09-07,0.000156331281881
2027-09-08,0.0001562458627493
2027-09-09,0.0001561604129517
2027-09-10,0.0001560762184633
2027-09-11,0.0001559907993316
2027-09-12,0.000155905349534
2027-09-13,0.0001558204533806
2027-09-14,0.0001557350342489
2027-09-15,0.0001556495844513
2027-09-16,0.0001555653899629
2027-09-17,0.0001554804938094
2027-09-18,0.0001553950746778
2027-09-19,0.0001553096555461
2027-09-20,0.000155225984036
2027-09-21,0.0001551405649043
2027-09-22,0.0001550568627282
2027-09-23,0.0001549714435965
2027-09-24,0.0001548865474431
2027-09-25,0.0001548023836207
2027-09-26,0.0001547174874673
2027-09-27,0.0001546332929789
2027-09-28,0.0001545496214687
2027-09-29,0.0001544647253153
2027-09-30,0.0001543805308269
2027-10-01,0.0001542956346735
2027-10-02,0.0001542119631634
2027-10-03,0.0001541283223192
2027-10-04,0.0001540429031875
2027-10-05,0.0001539592316774
2027-10-06,0.0001538755908332
2027-10-07,0.0001537919193231
2027-10-08,0.0001537070231697
2027-10-09,0.0001536233823255
2027-10-10,0.0001535397108153
2027-10-11,0.0001534560699712
2027-10-12,0.0007390229666115
2027-10-13,0.0001532882346386
2027-10-14,0.0001532050861067
2027-10-15,0.0001531214452625
2027-10-16,0.0001530377737524
2027-10-17,0.000319868697186
2027-10-18,0.0001528704920641
2027-10-19,0.0003260189571037
2027-10-20,0.0026993529823095
2027-10-21,0.0019468378856053
2027-10-22,0.0001525528819242
2027-10-23,0.0001524952031091
2027-10-24,0.0001524387489373
2027-10-25,0.0001523815931004
2027-10-26,0.0001523233913071
2027-10-27,0.0001522627095613
2027-10-28,0.0001522008338381
2027-10-29,0.0001521378814926
2027-10-30,0.0001520724798604
2027-10-31,0.0001520060322718
2027-11-01,0.0001519376583749
2027-11-02,0.0024417039616312
2027-11-03,0.0003407559608089
2027-11-04,0.0008990971021439
2027-11-05,0.0001518246278763
2027-11-06,0.0004974075402354
2027-11-07,0.0001519347988752
2027-11-08,0.0001520109259566
2027-11-09,0.0001559518928607
2027-11-10,0.000152158669586
2027-11-11,0.0001522262679126
2027-11-12,0.0001522857991308
2027-11-13,0.0001523372632406
2027-11-14,0.0001523819155511
2027-11-15,0.0001524195467096
2027-11-16,0.0001524486184474
2027-11-17,0.0001524731183198
2027-11-18,0.0001524900740619
2027-11-19,0.0001524995163397
2027-11-20,0.0001525026391306
2027-11-21,0.0001524999960788
2027-11-22,0.0001524903318749
2027-11-23,0.0001524761264716
2027-11-24,0.001797939831165
2027-11-25,0.0020064280157609
2027-11-26,0.0176833894942442
2027-11-27,0.0001705455004591
2027-11-28,0.0001799283675434
2027-11-29,0.0001840220597287
2027-11-30,0.0001864677062645
2027-12-01,0.005572718993389
2027-12-02,0.0091405051856152
2027-12-03,0.0002650521569034
2027-12-04,0.000216661432518
2027-12-05,0.0312780096447291
2027-12-06,0.0020083131080355
2027-12-07,0.0003383484834174
2027-12-08,0.0004178150095086
2027-12-09,0.0005767501507459
2027-12-10,0.0024611730640194
2027-12-11,0.0004832152830039
2027-12-12,0.0033896871930713
2027-12-13,0.0005086748922616
2027-12-14,0.0080419014489781
2027-12-15,0.0108577604211441
2027-12-16,0.0003359223394083
2027-12-17,0.0003442488034775
2027-12-18,0.0003515816310799
2027-12-19,0.0015163057805453
2027-12-20,0.0019323327208341
2027-12-21,0.0003557754922505
2027-12-22,0.0003579781881046
2027-12-23,0.0003593144009293
2027-12-24,0.0062446746200265
2027-12-25,0.0039154215156584
2027-12-26,0.007432010976945
2027-12-27,0.0218771185573419
2027-12-28,0.0127106216892227
2027-12-29,0.0029972988718982
2027-12-30,0.0035272308326469
2027-12-31,0.0037725535009197
2028-01-01,0.0106352441706328
2028-01-02,0.0044638162219394
2028-01-03,0.0047846832487604
2028-01-04,0.0049257210464233
2028-01-05,0.0055181355635892
2028-01-06,0.0048106679693213
2028-01-07,0.0046868877783208
2028-01-08,0.004537027391632
2028-01-09,0.0043713292800577
2028-01-10,0.0042242164009909
2028-01-11,0.0086852723782581
2028-01-12,0.0095340000947053
2028-01-13,0.0102765373051919
2028-01-14,0.0434336464772616
2028-01-15,0.0264889264068797
2028-01-16,0.0373583157192279
2028-01-17,0.0314619351939182
2028-01-18,0.0265275746031212
2028-01-19,0.0255957866227535
2028-01-20,0.0223059345942016
2028-01-21,0.0216143772248129
2028-01-22,0.0202461486167682
2028-01-23,0.0198097503886322
2028-01-24,0.0186107452047766
2028-01-25,0.0250444554552792
2028-01-26,0.0176259220597043
2028-01-27,0.0173893413397316
2028-01-28,0.0180655008543864
2028-01-29,0.0182478954400058
2028-01-30,0.0279292625519616
2028-01-31,0.0188731491910558
2028-02-01,0.0192470735694995
2028-02-02,0.0190918184969577
2028-02-03,0.0193596517335025
2028-02-04,0.0206087646916625
2028-02-05,0.0195071762719942
2028-02-06,0.0178962828437241
2028-02-07,0.0222704912932035
2028-02-08,0.016034537832841
2028-02-09,0.0150070963168775
2028-02-10,0.0135186809886872
2028-02-11,0.0120141860807803
2028-02-12,0.0105991259195814
2028-02-13,0.0093928345504097
2028-02-14,0.0083582455008934
2028-02-15,0.0074936376259109
2028-02-16,0.0104877940455723
2028-02-17,0.0123407520406818
2028-02-18,0.0120686947587604
2028-02-19,0.0083822814844133
2028-02-20,0.0118074023198865
2028-02-21,0.0154603612754048
2028-02-22,0.0205082204081597
2028-02-23,0.0142816913962712
2028-02-24,0.0165335038632328
2028-02-25,0.015781204125749
2028-02-26,0.0174752330489913
2028-02-27,0.0142327027033415
2028-02-28,0.0131023871288473
2028-02-29,0.0119823853164539
2028-03-01,0.0109493680372209
2028-03-02,0.0129163447024926
2028-03-03,0.0116311787803048
2028-03-04,0.0105946267582701
2028-03-05,0.0121395409652317
2028-03-06,0.0104576684126649
2028-03-07,0.0105614676428916
2028-03-08,0.0116178836910581
2028-03-09,0.0105837371040891
2028-03-10,0.0091616636760843
2028-03-11,0.0196913090556249
2028-03-12,0.0157086826716559
2028-03-13,0.012465398877558
2028-03-14,0.0135511674537769
2028-03-15,0.0192827740341964
2028-03-16,0.0144131046841224
2028-03-17,0.0143912938911533
2028-03-18,0.0134164627701206
2028-03-19,0.0119571687833214
2028-03-20,0.0107879772399198
2028-03-21,0.0095869394858461
2028-03-22,0.0084657760346637
2028-03-23,0.0074700329467148
2028-03-24,0.0065778922821645
2028-03-25,0.0070990967448617
2028-03-26,0.0062597302725319
2028-03-27,0.0050160374669956
2028-03-28,0.0045760778370086
2028-03-29,0.0041296749169961
2028-03-30,0.0037359362770352
2028-03-31,0.0034216094721059
2028-04-01,0.0031259342090824
2028-04-02,0.0028421301830083
2028-04-03,0.0025073347358275
2028-04-04,0.0021808949759111
2028-04-05,0.0018811023975583
2028-04-06,0.0016069872010554
2028-04-07,0.0013768072510794
2028-04-08,0.0028574811962794
2028-04-09,0.0011723781882012
2028-04-10,0.0013876756517833
2028-04-11,0.0023627309272393
2028-04-12,0.0046695267612503
2028-04-13,0.0027486555021664
2028-04-14,0.0013382795266676
2028-04-15,0.0013283132483685
2028-04-16,0.0030104637845677
2028-04-17,0.0035110663971412
2028-04-18,0.0016077623096044
2028-04-19,0.0016421741872296
2028-04-20,0.0015566625141308
2028-04-21,0.0014248130388611
2028-04-22,0.001278801122464
2028-04-23,0.0066554755930514
2028-04-24,0.0034391202267139
2028-04-25,0.0016206477316611
2028-04-26,0.0016848932149055
2028-04-27,0.0016123006299509
2028-04-28,0.013293196517793
2028-04-29,0.0025876047472321
2028-04-30,0.0030644500919363
2028-05-01,0.0030229716362638
2028-05-02,0.0147535964896096
2028-05-03,0.0044954161092667
2028-05-04,0.0051980960336465
2028-05-05,0.0189691910214774
2028-05-06,0.0081246947106978
2028-05-07,0.0086495284081326
2028-05-08,0.0079796668240831
2028-05-09,0.0070051129517299
2028-05-10,0.0060152963135142
2028-05-11,0.0050957891712153
2028-05-12,0.0042736130494771
2028-05-13,0.0035677329577937
2028-05-14,0.0029453920716032
2028-05-15,0.0024016747082487
2028-05-16,0.0019281633511299
2028-05-17,0.0015446462840665
2028-05-18,0.0012352620746266
2028-05-19,0.0009702929273411
2028-05-20,0.0007641975400446
2028-05-21,0.000613740942603
2028-05-22,0.0005127157799961
2028-05-23,0.0004526612091217
2028-05-24,0.0004223657311151
2028-05-25,0.0004099184823287
2028-05-26,0.0004056772508978
2028-05-27,0.0004015577563488
2028-05-28,0.0003975130087427
2028-05-29,0.0003935595720877
2028-05-30,0.0003895735349821
2028-05-31,0.0003856528860865
2028-06-01,0.0003813812696786
2028-06-02,0.0003770877454794
2028-06-03,0.0003728249821113
2028-06-04,0.0003684782843214
2028-06-05,0.0003636697854274
2028-06-06,0.0003586726008334
2028-06-07,0.0003540116842968
2028-06-08,0.0003493068461658
2028-06-09,0.0003445200551779
2028-06-10,0.0003397375731438
2028-06-11,0.0003347872847867
2028-06-12,0.0003297100641319
2028-06-13,0.0003249094757036
2028-06-14,0.0003201805801924
2028-06-15,0.0003155738737768
2028-06-16,0.0003112448844062
2028-06-17,0.0003068771554412
2028-06-18,0.0003024152754397
2028-06-19,0.0002977698617935
2028-06-20,0.0002930031471734
2028-06-21,0.0003463554197505
2028-06-22,0.0002869124974286
2028-06-23,0.0002822730108939
2028-06-24,0.0002771022934221
2028-06-25,0.0002716654077486
2028-06-26,0.0002666273188862
2028-06-27,0.0002617500132367
2028-06-28,0.0002567161315161
2028-06-29,0.0002517562719253
2028-06-30,0.0002474651431858
2028-07-01,0.0002441724573887
2028-07-02,0.0002405258491029
2028-07-03,0.0002366724868188
2028-07-04,0.0002327019043475
2028-07-05,0.0002287626641722
2028-07-06,0.0002249716859338
2028-07-07,0.0002212461146781
2028-07-08,0.000217556955164
2028-07-09,0.0002140647513514
2028-07-10,0.0002107178968865
2028-07-11,0.0002074326752807
2028-07-12,0.0002041620565473
2028-07-13,0.0002009032437954
2028-07-14,0.0001979397069995
2028-07-15,0.0001954051485083
2028-07-16,0.0001932109666787
2028-07-17,0.0001909984826487
2028-07-18,0.0001882880732759
2028-07-19,0.0001855103850996
2028-07-20,0.0001830724621818
2028-07-21,0.0001809695556683
2028-07-22,0.0001787655566449
2028-07-23,0.0001764523701825
2028-07-24,0.0001743693244843
2028-07-25,0.0001724861576537
2028-07-26,0.0001708981644614
2028-07-27,0.0001696748960915
2028-07-28,0.0001684971660329
2028-07-29,0.0001670178263432
2028-07-30,0.0001655179866525
2028-07-31,0.0001643848736093
2028-08-01,0.0001633691451245
2028-08-02,0.0001624957908773
2028-08-03,0.000161805952691
2028-08-04,0.0001613124621542
2028-08-05,0.0001608416105476
2028-08-06,0.0001602862929603
2028-08-07,0.0001595793257786
2028-08-08,0.0001588742206419
2028-08-09,0.0001584248593512
2028-08-10,0.0001581547551154
2028-08-11,0.0001578958407375
2028-08-12,0.0001575780605328
2028-08-13,0.0001572546694271
2028-08-14,0.0001570969963426
2028-08-15,0.000157011546545
2028-08-16,0.0001569260967473
2028-08-17,0.0001568406776157
2028-08-18,0.000156755227818
2028-08-19,0.0001566692550421
2028-08-20,0.0001565826112672
2028-08-21,0.0001564971614696
2028-08-22,0.0001564117423379
2028-08-23,0.0001563268155185
2028-08-24,0.0001562413963868
2028-08-25,0.0001561572018985
2028-08-26,0.0001560717521008
2028-08-27,0.0001559863329692
2028-08-28,0.0001559009138375
2028-08-29,0.0001558154640399
2028-08-30,0.0001557305678864
2028-08-31,0.0001556451487548
2028-09-01,0.0001555609542664
2028-09-02,0.0001554755044687
2028-09-03,0.0001553906083153
2028-09-04,0.0001553064138269
2028-09-05,0.0001552215176735
2028-09-06,0.0001551360985419
2028-09-07,0.0001550519040535
2028-09-08,0.0001549670079001
2028-09-09,0.0001548828134117
2028-09-10,0.0001547979172582
2028-09-11,0.0001547137227699
2028-09-12,0.0001546288266164
2028-09-13,0.0001545451551063
2028-09-14,0.0001544597359746
2028-09-15,0.0001543760644645
2028-09-16,0.0001542924236203
2028-09-17,0.0001542070044887
2028-09-18,0.0001541233329785
2028-09-19,0.0001540396614683
2028-09-20,0.0001539547959809
2028-09-21,0.0001538706014925
2028-09-22,0.0001537869299824
2028-09-23,0.0001537032891382
2028-09-24,0.0001536196176281
2028-09-25,0.0001535359767839
2028-09-26,0.0001534510806305
2028-09-27,0.0001533674091203
2028-09-28,0.0001532837682762
2028-09-29,0.000153200127432
2028-09-30,0.0001531164559218
2028-10-01,0.0001530328150777
2028-10-02,0.0001529491435675
2028-10-03,0.0001528655027234
2028-10-04,0.0001527830865225
2028-10-05,0.0001526994150123
2028-10-06,0.0002442760492897
2028-10-07,0.0001525326563022
2028-10-08,0.0001524490154581
2028-10-09,0.0001523653439479
2028-10-10,0.0001522834507253
2028-10-11,0.0001521998098811
2028-10-12,0.0001521161690369
2028-10-13,0.0001520342758143
2028-10-14,0.0001519506349701
2028-10-15,0.0001518669941259
2028-10-16,0.0001517851009033
2028-10-17,0.0001517014600591
2028-10-18,0.0001516195668365
2028-10-19,0.0001515359259923
2028-10-20,0.0001514540327696
2028-10-21,0.0001513703919255
2028-10-22,0.0001512884987028
2028-10-23,0.0001512053808369
2028-10-24,0.000151122964636
2028-10-25,0.0001510411020793
2028-10-26,0.0001509579842134
2028-10-27,0.0001508755680125
2028-10-28,0.0001507937054558
2028-10-29,0.0001507105875899
2028-10-30,0.0001506286943672
2028-10-31,0.0001505468318106
2028-11-01,0.0028091747752599
2028-11-02,0.0021840917389094
2028-11-03,0.0043387933833196
2028-11-04,0.0001504439642017
2028-11-05,0.0021150694432693
2028-11-06,0.0002836346526924
2028-11-07,0.0009980247509298
2028-11-08,0.0002595708653927
2028-11-09,0.0001543639113852
2028-11-10,0.0001553584564327
2028-11-11,0.0001562267152889
2028-11-12,0.0001569845882687
2028-11-13,0.0026742947039549
2028-11-14,0.0001587605467731
2028-11-15,0.0001600617479596
2028-11-16,0.0002190590568501
2028-11-17,0.004611979014478
2028-11-18,0.0001650841295626
2028-11-19,0.0001680766558676
2028-11-20,0.0001701816931975
2028-11-21,0.0001716639851872
2028-11-22,0.0001727333370572
2028-11-23,0.0001734891795771
2028-11-24,0.0001740879055468
2028-11-25,0.0001746047436029
2028-11-26,0.0001750766873749
2028-11-27,0.000175487093557
2028-11-28,0.0039010087606925
2028-11-29,0.0004445408574051
2028-11-30,0.0002040743760335
2028-12-01,0.0001805638652607
2028-12-02,0.0001819026514384
2028-12-03,0.0001830190793445
2028-12-04,0.0001839407964488
2028-12-05,0.0001846919235045
2028-12-06,0.0001851995130927
2028-12-07,0.0001855608435457
2028-12-08,0.0018484403877577
2028-12-09,0.0015630349219556
2028-12-10,0.0001889586630969
2028-12-11,0.0001889530482154
2028-12-12,0.0043796072457381
2028-12-13,0.0111242195141664
2028-12-14,0.0002092864111156
2028-12-15,0.0008267864283733
2028-12-16,0.0067539624920986
2028-12-17,0.0040832379649126
2028-12-18,0.0002421986949356
2028-12-19,0.0002475581203473
2028-12-20,0.0002504062260242
2028-12-21,0.0002521192015023
2028-12-22,0.0002532498971968
2028-12-23,0.0002538291618164
2028-12-24,0.0002540987365313
2028-12-25,0.000254289335073
2028-12-26,0.0002544249976638
2028-12-27,0.0057857954846024
2028-12-28,0.000257274645224
2028-12-29,0.0019019621682446
2028-12-30,0.0002632009216624
2028-12-31,0.0002650611143162
2029-01-01,0.0002661634743013
2029-01-02,0.0002669631087033
2029-01-03,0.0002674552939831
2029-01-04,0.0002677378122526
2029-01-05,0.0002677482455701
2029-01-06,0.0002675398681463
2029-01-07,0.0002673007842991
2029-01-08,0.0038919037688296
2029-01-09,0.0039279122502828
2029-01-10,0.0002726110030465
2029-01-11,0.0002758473511279
2029-01-12,0.0002778468645407
2029-01-13,0.0002791187233377
2029-01-14,0.0002798883501777
2029-01-15,0.0002802702640906
2029-01-16,0.0005368956454953
2029-01-17,0.0029065075314405
2029-01-18,0.0002827564373471
2029-01-19,0.0002838139318068
2029-01-20,0.0025295396427711
2029-01-21,0.0005607263799253
2029-01-22,0.0004648291970232
2029-01-23,0.0002904336236182
2029-01-24,0.0002917162160751
2029-01-25,0.0002922712251834
2029-01-26,0.0002923640124412
2029-01-27,0.0039257333046189
2029-01-28,0.0137652210373583
2029-01-29,0.004297312021423
2029-01-30,0.0310437031524168
2029-01-31,0.0045870466932283
2029-02-01,0.0009379864583896
2029-02-02,0.0015612504775536
2029-02-03,0.001006394711499
2029-02-04,0.0005182573889235
2029-02-05,0.0005523206030553
2029-02-06,0.0005721585313965
2029-02-07,0.0005825655524398
2029-02-08,0.0005880085396561
2029-02-09,0.0005916600855452
2029-02-10,0.0005857759211676
2029-02-11,0.0005746473213209
2029-02-12,0.0006675364868056
2029-02-13,0.0120873391416293
2029-02-14,0.0122030025142493
2029-02-15,0.0055537649766354
2029-02-16,0.0030881585556839
2029-02-17,0.0034537592024242
2029-02-18,0.0034718462714833
2029-02-19,0.0033496688675765
2029-02-20,0.0031743360569252
2029-02-21,0.0029724951424005
2029-02-22,0.0027587244134282
2029-02-23,0.0025460456284684
2029-02-24,0.0102623100885444
2029-02-25,0.0443337062752352
2029-02-26,0.0259598602831919
2029-02-27,0.0203838767139706
2029-02-28,0.0189738905025929
2029-03-01,0.0182049885100967
2029-03-02,0.0169371758349923
2029-03-03,0.0159828280301111
2029-03-04,0.0137548513504734
2029-03-05,0.0173482682344553
2029-03-06,0.0188137299306172
2029-03-07,0.0174393591461102
2029-03-08,0.0180032406784157
2029-03-09,0.0153451436006934
2029-03-10,0.0141628074828948
2029-03-11,0.020499922990784
2029-03-12,0.0192070911054785
2029-03-13,0.0148943662593611
2029-03-14,0.0143513115258086
2029-03-15,0.0204184798291649
2029-03-16,0.0166538192367929
2029-03-17,0.0139356774069682
2029-03-18,0.0130938866965214
2029-03-19,0.0119019044118382
2029-03-20,0.0107447562078718
2029-03-21,0.0095228497574398
2029-03-22,0.0084717698757669
2029-03-23,0.0152491926137092
2029-03-24,0.0081578597094197
2029-03-25,0.0079757621627486
2029-03-26,0.0074831947580872
2029-03-27,0.0068797516494534
2029-03-28,0.0062788518448056
2029-03-29,0.0057672233282012
2029-03-30,0.0052742113363095
2029-03-31,0.0047102924525604
2029-04-01,0.0041530147619047
2029-04-02,0.0036154801272535
2029-04-03,0.003155610713434
2029-04-04,0.0027953081537654
2029-04-05,0.0025131726619572
2029-04-06,0.0064817302757598
2029-04-07,0.0024314646281477
2029-04-08,0.0021678654455857
2029-04-09,0.0020364320729106
2029-04-10,0.0018756766108034
2029-04-11,0.0020065709812239
2029-04-12,0.0068033330530634
2029-04-13,0.0030359097690626
2029-04-14,0.0020801291689022
2029-04-15,0.0020772327641249
2029-04-16,0.0019537474318672
2029-04-17,0.0017882613352525
2029-04-18,0.0016277877895773
2029-04-19,0.0016172007333877
2029-04-20,0.0083660700553435
2029-04-21,0.0020420212410576
2029-04-22,0.0019192402177369
2029-04-23,0.0018953224012541
2029-04-24,0.0017535163787369
2029-04-25,0.0015715871774647
2029-04-26,0.0014001443654871
2029-04-27,0.0012654914740833
2029-04-28,0.0011481952104342
2029-04-29,0.0010154353066369
2029-04-30,0.0008733930810271
2029-05-01,0.0007354712425078
2029-05-02,0.000611511882255
2029-05-03,0.0005203729782319
2029-05-04,0.0004657876514833
2029-05-05,0.0004362579521954
2029-05-06,0.0004187606593066
2029-05-07,0.0004101804981002
2029-05-08,0.0004074354044756
2029-05-09,0.0004052602320394
2029-05-10,0.0004024421107298
2029-05-11,0.0003991906147518
2029-05-12,0.0003953143109979
2029-05-13,0.0003912762002398
2029-05-14,0.0003871664562404
2029-05-15,0.0003833718297722
2029-05-16,0.0003797612897855
2029-05-17,0.0003761796219116
2029-05-18,0.0003720707672706
2029-05-19,0.0003678326280506
2029-05-20,0.000363825074929
2029-05-21,0.0003596910957944
2029-05-22,0.0003553287177436
2029-05-23,0.0003508574540307
2029-05-24,0.0003463812573399
2029-05-25,0.0003420163129878
2029-05-26,0.0003373557161932
2029-05-27,0.00033317799012
2029-05-28,0.0003288264269315
2029-05-29,0.0003240388074976
2029-05-30,0.0003191303749449
2029-05-31,0.0003142122634083
2029-06-01,0.0003093539794301
2029-06-02,0.0003043101222229
2029-06-03,0.0002993987808166
2029-06-04,0.0002947976337331
2029-06-05,0.0002900071463039
2029-06-06,0.0002851070057967
2029-06-07,0.0002802673073598
2029-06-08,0.000275104822941
2029-06-09,0.0002701961797606
2029-06-10,0.0002653427084262
2029-06-11,0.0002602354608384
2029-06-12,0.000255237214185
2029-06-13,0.0002504625064318
2029-06-14,0.0002457505402273
2029-06-15,0.0002414981881231
2029-06-16,0.0002375237837012
2029-06-17,0.0002334533321744
2029-06-18,0.0002296519401987
2029-06-19,0.0002257717122561
2029-06-20,0.0002219403326831
2029-06-21,0.0002184109205793
2029-06-22,0.000215042141124
2029-06-23,0.0002118419371881
2029-06-24,0.0002089072525819
2029-06-25,0.0002058844075533
2029-06-26,0.0002026820683409
2029-06-27,0.0001995502349924
2029-06-28,0.0001965498525913
2029-06-29,0.0001937494190117
2029-06-30,0.0001908332392948
2029-07-01,0.0001879619088837
2029-07-02,0.0001854564203909
2029-07-03,0.0001829427597095
2029-07-04,0.000180295012719
2029-07-05,0.0001776219121329
2029-07-06,0.0001752229025272
2029-07-07,0.0001732873316838
2029-07-08,0.0001715468748847
2029-07-09,0.0001697945036697
2029-07-10,0.0001681495391423
2029-07-11,0.0001665922533466
2029-07-12,0.000165174025277
2029-07-13,0.000164063786424
2029-07-14,0.0001630798791222
2029-07-15,0.0001622292538069
2029-07-16,0.0001615382728628
2029-07-17,0.0001609430548751
2029-07-18,0.0001603595280195
2029-07-19,0.0001597421425588
2029-07-20,0.000159098238198
2029-07-21,0.0001586145297703
2029-07-22,0.000158268353796
2029-07-23,0.0001578894216601
2029-07-24,0.0001575549893091
2029-07-25,0.000157269180686
2029-07-26,0.0001570784115673
2029-07-27,0.0001569929617697
2029-07-28,0.000156907542638
2029-07-29,0.0001568215698622
2029-07-30,0.0001567361507305
2029-07-31,0.0001566507009329
2029-08-01,0.0001565640264919
2029-08-02,0.0001564786073603
2029-08-03,0.0001563936805409
2029-08-04,0.0001563082614092
2029-08-05,0.0001562228422776
2029-08-06,0.0001561373924799
2029-08-07,0.0001560531979915
2029-08-08,0.0001559677481939
2029-08-09,0.0001558823290622
2029-08-10,0.0001557974329088
2029-08-11,0.0001557119831112
2029-08-12,0.0001556265639795
2029-08-13,0.0001555428924694
2029-08-14,0.0001554574733377
2029-08-15,0.000155372054206
2029-08-16,0.0001552883520299
2029-08-17,0.0001552029328982
2029-08-18,0.0001551180367448
2029-08-19,0.0001550338422564
2029-08-20,0.000154948946103
2029-08-21,0.0001548647516146
2029-08-22,0.0001547798554612
2029-08-23,0.0001546944363296
2029-08-24,0.0001546107648194
2029-08-25,0.0001545270933092
2029-08-26,0.0001544417048436
2029-08-27,0.0001543580333334
2029-08-28,0.00015427313718
2029-08-29,0.0001541889426916
2029-08-30,0.0001541052711815
2029-08-31,0.000154020405694
2029-09-01,0.0001539367341839
2029-09-02,0.0001538530626737
2029-09-03,0.0001537688988513
2029-09-04,0.0001536852273412
2029-09-05,0.0001536003311878
2029-09-06,0.0001535166903436
2029-09-07,0.0001534330188334
2029-09-08,0.0001533493779893
2029-09-09,0.0001532657064791
2029-09-10,0.000153182065635
2029-09-11,0.0001530983941248
2029-09-12,0.0001530147532807
2029-09-13,0.0001529316047487
2029-09-14,0.0001528479639046
2029-09-15,0.0001527643230604
2029-09-16,0.0001526806515503
2029-09-17,0.0001525970107061
2029-09-18,0.0001525151174834
2029-09-19,0.0001524314766393
2029-09-20,0.0001523478051291
2029-09-21,0.0001522646872632
2029-09-22,0.0001521822710623
2029-09-23,0.000190467488347
2029-09-24,0.0001520155123522
2029-09-25,0.0001519330961513
2029-09-26,0.0011159010936584
2029-09-27,0.0206126559073324
2029-09-28,0.0393747043454926
2029-09-29,0.0038196835615909
2029-09-30,0.0003675923070807
2029-10-01,0.0019159331501873
2029-10-02,0.0002511129233705
2029-10-03,0.0002534154718767
2029-10-04,0.0002544070819032
2029-10-05,0.0002547408212493
2029-10-06,0.0002546276666013
2029-10-07,0.0002542302889615
2029-10-08,0.0002536552629156
2029-10-09,0.0002529409661827
2029-10-10,0.0002520311244667
2029-10-11,0.0002509170601845
2029-10-12,0.0002495599315069
2029-10-13,0.0002482179164467
2029-10-14,0.0002468495316962
2029-10-15,0.0002453811539513
2029-10-16,0.000243740175583
2029-10-17,0.0002420031267494
2029-10-18,0.0015474406971333
2029-10-19,0.0002408557525786
2029-10-20,0.0002402241083711
2029-10-21,0.0002389612146597
2029-10-22,0.0002373273118513
2029-10-23,0.0002354954638305
2029-10-24,0.0002336487324004
2029-10-25,0.000231796008191
2029-10-26,0.0002299386499766
2029-10-27,0.000228103960128
2029-10-28,0.0002263535338729
2029-10-29,0.0002248156050301
2029-10-30,0.0002237639377929
2029-10-31,0.0005988629076889
2029-11-01,0.0005050011664089
2029-11-02,0.0002229220871987
2029-11-03,0.0002217750373131
2029-11-04,0.0002207565119375
2029-11-05,0.0002199604544567
2029-11-06,0.0031660935416938
2029-11-07,0.0015198947470217
2029-11-08,0.0002360364531477
2029-11-09,0.0009685944347543
2029-11-10,0.0003554272433257
2029-11-11,0.0002211012161962
2029-11-12,0.0002210450810418
2029-11-13,0.0002209172116448
2029-11-14,0.0046861967530121
2029-11-15,0.0284195663629896
2029-11-16,0.0301262155390261
2029-11-17,0.0051380260226527
2029-11-18,0.0063756009611825
2029-11-19,0.000348852882794
2029-11-20,0.0003549993040766
2029-11-21,0.0003579478775676
2029-11-22,0.000359631109377
2029-11-23,0.0003605559610762
2029-11-24,0.0003609355286588
2029-11-25,0.0003608849951885
2029-11-26,0.0003605634296883
2029-11-27,0.0003602807902422
2029-11-28,0.0003601607735488
2029-11-29,0.0003600074817529
2029-11-30,0.0003597135241359
2029-12-01,0.000359415505357
2029-12-02,0.0142924158556301
2029-12-03,0.0003707481163021
2029-12-04,0.0317156521496131
2029-12-05,0.0334797852668024
2029-12-06,0.0106943856134858
2029-12-07,0.0089139784027573
2029-12-08,0.0091408926488617
2029-12-09,0.0105728920749163
2029-12-10,0.0091494012196585
2029-12-11,0.0082000807932358
2029-12-12,0.0081752468179465
2029-12-13,0.0105276751403502
2029-12-14,0.0084782975368716
2029-12-15,0.0072543785792098
2029-12-16,0.0084405106797883
2029-12-17,0.0201669223785027
2029-12-18,0.0145786553403429
2029-12-19,0.0117129239515931
2029-12-20,0.0116021170537883
2029-12-21,0.0108646306258276
2029-12-22,0.0099949269782673
2029-12-23,0.0098589054348767
2029-12-24,0.0088557572595457
2029-12-25,0.0078557110513579
2029-12-26,0.0071755806990851
2029-12-27,0.0065279891352385
2029-12-28,0.0059337000578388
2029-12-29,0.0054004454166611
2029-12-30,0.0049384810278401
2029-12-31,0.0045261903418623
2030-01-01,0.0061449391921907
2030-01-02,0.0105016950160352
2030-01-03,0.0189045797749089
2030-01-04,0.0105252554435575
2030-01-05,0.0120720166607667
2030-01-06,0.0370991775367995
2030-01-07,0.025052965662229
2030-01-08,0.0257770741537795
2030-01-09,0.0212019594418605
2030-01-10,0.0193805545054361
2030-01-11,0.0171748094004771
2030-01-12,0.0150770383648566
2030-01-13,0.0132719625813691
2030-01-14,0.0117564212981029
2030-01-15,0.020372257585725
2030-01-16,0.0205586905145062
2030-01-17,0.0171554948554581
2030-01-18,0.0167570963277122
2030-01-19,0.0202042608567981
2030-01-20,0.0171723363376567
2030-01-21,0.0318504513598103
2030-01-22,0.0205304618252694
2030-01-23,0.0198509485614079
2030-01-24,0.0236981632156349
2030-01-25,0.0192571716865974
2030-01-26,0.017019088122884
2030-01-27,0.0155305934262052
2030-01-28,0.0139675425079781
2030-01-29,0.012441945625336
2030-01-30,0.0111778730310464
2030-01-31,0.0100059511866165
2030-02-01,0.0089863626838577
2030-02-02,0.0080743496515113
2030-02-03,0.0145401531929575
2030-02-04,0.0142304064231013
2030-02-05,0.0092784738413514
2030-02-06,0.0094059123232609
2030-02-07,0.0117813147896607
2030-02-08,0.0088714138412909
2030-02-09,0.0085867584176068
2030-02-10,0.0080449518035315
2030-02-11,0.007488247243592
2030-02-12,0.0068922735367368
2030-02-13,0.0063376048329063
2030-02-14,0.009092866030067
2030-02-15,0.0124019814681595
2030-02-16,0.0197097964317579
2030-02-17,0.0189119659185919
2030-02-18,0.0222382873506735
2030-02-19,0.019456596202463
2030-02-20,0.017077385593073
2030-02-21,0.0160067301333831
2030-02-22,0.0144396780453621
2030-02-23,0.0134611144558465
2030-02-24,0.0116672083436843
2030-02-25,0.0104285186650514
2030-02-26,0.0092650252041671
2030-02-27,0.0103870592142616
2030-02-28,0.0076482753368339
2030-03-01,0.0070536701194107
2030-03-02,0.0064741708605334
2030-03-03,0.0059037021166843
2030-03-04,0.0053903148990566
2030-03-05,0.0062053988883521
2030-03-06,0.0094900800251048
2030-03-07,0.0047812463855295
2030-03-08,0.0048368547916374
2030-03-09,0.0047373166916546
2030-03-10,0.0059351285081185
2030-03-11,0.0080963439990585
2030-03-12,0.0079972988214141
2030-03-13,0.0152400891274989
2030-03-14,0.0150096101390741
2030-03-15,0.0104188463173713
2030-03-16,0.0105174466638126
2030-03-17,0.009843634899755
2030-03-18,0.0117100212492839
2030-03-19,0.0235893335090288
2030-03-20,0.0122512959555883
2030-03-21,0.0124957745301687
2030-03-22,0.013971826391194
2030-03-23,0.0255913017168449
2030-03-24,0.0285087481091679
2030-03-25,0.0199394843666805
2030-03-26,0.0190352266350055
2030-03-27,0.0168074913086285
2030-03-28,0.0146241157902206
2030-03-29,0.0126108214923225
2030-03-30,0.0108374088125107
2030-03-31,0.0093032707554761
2030-04-01,0.0080057120394349
2030-04-02,0.0069558078803188
2030-04-03,0.0061466267154031
2030-04-04,0.0054212946594241
2030-04-05,0.0047562742678188
2030-04-06,0.0041817349789326
2030-04-07,0.0037149460124002
2030-04-08,0.0033232232262561
2030-04-09,0.0030005164034365
2030-04-10,0.0026188855079788
2030-04-11,0.0022641665873666
2030-04-12,0.0019471874427131
2030-04-13,0.0016620815330822
2030-04-14,0.001660402962165
2030-04-15,0.0013378462121088
2030-04-16,0.0011600382460524
2030-04-17,0.0009832722724525
2030-04-18,0.0008364242987931
2030-04-19,0.0048867779293104
2030-04-20,0.0105413709761303
2030-04-21,0.0010839957028822
2030-04-22,0.006753997746551
2030-04-23,0.0332031174219958
2030-04-24,0.0202097121687029
2030-04-25,0.0140959343260952
2030-04-26,0.0136277338668997
2030-04-27,0.0122386286555697
2030-04-28,0.0107306176524046
2030-04-29,0.0141085530462424
2030-04-30,0.0106133877325019
2030-05-01,0.0089833251687537
2030-05-02,0.008214998229252
2030-05-03,0.0072313165999379
2030-05-04,0.0062260323100254
2030-05-05,0.0053273441465495
2030-05-06,0.0045079802135711
2030-05-07,0.0037599800367482
2030-05-08,0.003126268403931
2030-05-09,0.0025998205653389
2030-05-10,0.0021465073524817
2030-05-11,0.0017296447328591
2030-05-12,0.0013737226651085
2030-05-13,0.0010861267930862
2030-05-14,0.0008530283645457
2030-05-15,0.0006880874365277
2030-05-16,0.0005858308812637
2030-05-17,0.0005217336062769
2030-05-18,0.0004805594695273
2030-05-19,0.0004427345165034
2030-05-20,0.0004215323258814
2030-05-21,0.0004130071813503
2030-05-22,0.0004094087180072
2030-05-23,0.000406127141159
2030-05-24,0.0004026212358584
2030-05-25,0.0003991687937337
2030-05-26,0.0086332978597009
2030-05-27,0.0012156999933804
2030-05-28,0.000398713899679
2030-05-29,0.0003983323491829
2030-05-30,0.0009427260449682
2030-05-31,0.0003992263152375
2030-06-01,0.0003980321833031
2030-06-02,0.0003960040603141
2030-06-03,0.0003938543841022
2030-06-04,0.0003911411792527
2030-06-05,0.0003875906904927
2030-06-06,0.0003836691902134
2030-06-07,0.0003796329738673
2030-06-08,0.0003757092844891
2030-06-09,0.0003718898136416
2030-06-10,0.0003678318972006
2030-06-11,0.0003637039013745
2030-06-12,0.0011490796248266
2030-06-13,0.000359199974095
2030-06-14,0.0003568645047214
2030-06-15,0.0003532781730256
2030-06-16,0.0003496010709821
2030-06-17,0.0003457788857741
2030-06-18,0.0003418655245535
2030-06-19,0.0003379726927664
2030-06-20,0.0003339917530098
2030-06-21,0.0003300055634646
2030-06-22,0.0003260792851938
2030-06-23,0.0003220706836136
2030-06-24,0.0003180226383101
2030-06-25,0.0003137623867941
2030-06-26,0.0003091003163342
2030-06-27,0.0003043765370275
2030-06-28,0.0002997342367811
2030-06-29,0.0002951667656647
2030-06-30,0.0002904255776331
2030-07-01,0.0002858342437092
2030-07-02,0.0002812090706743
2030-07-03,0.0002766415061606
2030-07-04,0.000271942765123
2030-07-05,0.000267281990106
2030-07-06,0.00026253860181
2030-07-07,0.0002576723722335
2030-07-08,0.0002529793362507
2030-07-09,0.0002484234809077
2030-07-10,0.0002442489882143
2030-07-11,0.0002405494342031
2030-07-12,0.0002369402677676
2030-07-13,0.00023331607606
2030-07-14,0.0002297705023031
2030-07-15,0.0002262909930644
2030-07-16,0.0002230578500803
2030-07-17,0.0002199844385376
2030-07-18,0.0002169656668626
2030-07-19,0.0002138226007569
2030-07-20,0.0002106307370782
2030-07-21,0.0002073617845865
2030-07-22,0.0002042390429388
2030-07-23,0.0002012237362637
2030-07-24,0.0001984495772295
2030-07-25,0.0001957067860606
2030-07-26,0.0001928970876118
2030-07-27,0.0001902859315107
2030-07-28,0.0001880134931382
2030-07-29,0.0001857341929773
2030-07-30,0.000183910262134
2030-07-31,0.0001820262121509
2030-08-01,0.0001801507989308
2030-08-02,0.0001785798384416
2030-08-03,0.0001770605840358
2030-08-04,0.0001755146921416
2030-08-05,0.0001738309664019
2030-08-06,0.0001721086964894
2030-08-07,0.0001706706287134
2030-08-08,0.0001691945786496
2030-08-09,0.0001678459613534
2030-08-10,0.0001665672570302
2030-08-11,0.0001656051221996
2030-08-12,0.0058663451318979
2030-08-13,0.0002568533091133
2030-08-14,0.0001638375640655
2030-08-15,0.0001627529543345
2030-08-16,0.0001619896556449
2030-08-17,0.0001611881583044
2030-08-18,0.0001603029199227
2030-08-19,0.0001596720466065
2030-08-20,0.0001590586040593
2030-08-21,0.0001584140940656
2030-08-22,0.0001578878658446
2030-08-23,0.0001574740798576
2030-08-24,0.0001572567226045
2030-08-25,0.0001571800556389
2030-08-26,0.0001571061182866
2030-08-27,0.0001570296703157
2030-08-28,0.0001569524593477
2030-08-29,0.0001568734394263
2030-08-30,0.0001567931641957
2030-08-31,0.000156712827633
2030-09-01,0.0001566312357611
2030-09-02,0.0001565489115582
2030-09-03,0.0001564672890203
2030-09-04,0.0001563844111732
2030-09-05,0.0001563003086828
2030-09-06,0.0001562174001696
2030-09-07,0.0001561337899914
2030-09-08,0.0001560508508123
2030-09-09,0.0001559666869899
2030-09-10,0.0001558830461458
2030-09-11,0.0001557988823234
2030-09-12,0.0001557134938577
2030-09-13,0.0001556298530135
2030-09-14,0.0001555456891911
2030-09-15,0.0001554614947027
2030-09-16,0.0010336024096295
2030-09-17,0.0001552924347269
2030-09-18,0.0001552087938828
2030-09-19,0.0099755486361115
2030-09-20,0.0051214101454383
2030-09-21,0.0001602172490384
2030-09-22,0.0018129968492668
2030-09-23,0.0015639003820633
2030-09-24,0.0001710385272769
2030-09-25,0.0001731295940936
2030-09-26,0.0001741079387888
2030-09-27,0.0001743637986733
2030-09-28,0.0001742713284865
2030-09-29,0.0001742211962623
2030-09-30,0.000174100977306
2030-10-01,0.0032258151976712
2030-10-02,0.0012845813271281
2030-10-03,0.0025428724866013
2030-10-04,0.0001796136291482
2030-10-05,0.0001816154954008
2030-10-06,0.0024025446345452
2030-10-07,0.0001853983033852
2030-10-08,0.0001869358244985
2030-10-09,0.0001876808878507
2030-10-10,0.0001878978322196
2030-10-11,0.000187877009507
2030-10-12,0.0001876972588681
2030-10-13,0.0001874821236301
2030-10-14,0.0001871241280002
2030-10-15,0.0001866896304558
2030-10-16,0.0001862619516762
2030-10-17,0.0110864947239329
2030-10-18,0.0001928397318963
2030-10-19,0.0001984499160493
2030-10-20,0.0002009894221709
2030-10-21,0.0002023335466004
2030-10-22,0.0002030258798177
2030-10-23,0.0002031814621749
2030-10-24,0.0002031486372484
2030-10-25,0.0002030625757427
2030-10-26,0.0002029734839115
2030-10-27,0.0002027754426224
2030-10-28,0.0002023522220477
2030-10-29,0.0002016735467443
2030-10-30,0.0002008072316558
2030-10-31,0.0001998155806404
2030-11-01,0.0001988109946094
2030-11-02,0.0001979394603569
2030-11-03,0.0001970631142202
2030-11-04,0.0001961260883754
2030-11-05,0.0001951743132524
2030-11-06,0.0001942229691097
2030-11-07,0.0001932780487266
2030-11-08,0.0001923551649568
2030-11-09,0.0001914670978295
2030-11-10,0.0001906141732448
2030-11-11,0.0001897913262175
2030-11-12,0.0001889990973097
2030-11-13,0.0001882625129833
2030-11-14,0.0069494684281419
2030-11-15,0.0001885289313526
2030-11-16,0.0001894517628332
2030-11-17,0.0001901039003311
2030-11-18,0.0001906056189084
2030-11-19,0.0001909132996378
2030-11-20,0.000191030396478
2030-11-21,0.0002635322754057
2030-11-22,0.0001915090270903
2030-11-23,0.0001915651096589
2030-11-24,0.0001915106705635
2030-11-25,0.0001914109176293
2030-11-26,0.000191228371073
2030-11-27,0.0001909746807422
2030-11-28,0.0001906490836401
2030-11-29,0.0001903358433598
2030-11-30,0.0001900334007777
2030-12-01,0.0001897223673014
2030-12-02,0.0001894207527424
2030-12-03,0.0001891679954735
2030-12-04,0.000188990946879
2030-12-05,0.000188799207493
2030-12-06,0.0001886490957412
2030-12-07,0.0001883842678812
2030-12-08,0.0001880334288063
2030-12-09,0.0001878184490189
2030-12-10,0.0001877341547595
2030-12-11,0.000187561922977
2030-12-12,0.0001872265479274
2030-12-13,0.0001868447946914
2030-12-14,0.0001865307774831
2030-12-15,0.0001862216588478
2030-12-16,0.0001859138875198
2030-12-17,0.0007685128566081
2030-12-18,0.0039525651846482
2030-12-19,0.0002739920407939
2030-12-20,0.000203941657094
2030-12-21,0.0002235802381068
2030-12-22,0.0002868902634224
2030-12-23,0.0002035913366782
2030-12-24,0.0003288649118161
2030-12-25,0.0005061373436601
2030-12-26,0.0005097375999446
2030-12-27,0.00139862343951
2030-12-28,0.0029457691246598
2030-12-29,0.0002519431702967
2030-12-30,0.0003552548411799
2030-12-31,0.0008718351152075
2031-01-01,0.0022498899649411
2031-01-02,0.0011150158739209
2031-01-03,0.0003033400835515
2031-01-04,0.0002066708630412
2031-01-05,0.0002082390732821
2031-01-06,0.0002094581764375
2031-01-07,0.0002105022934342
2031-01-08,0.0002113958942446
2031-01-09,0.0002121783559509
2031-01-10,0.0002127653544351
2031-01-11,0.0002131352051485
2031-01-12,0.0002132663470136
2031-01-13,0.0002132108774248
2031-01-14,0.0002129189581617
2031-01-15,0.0002124794561567
2031-01-16,0.0002118878118189
2031-01-17,0.0002112306468378
2031-01-18,0.0002106529106729
2031-01-19,0.0002102016754026
2031-01-20,0.0002098509736887
2031-01-21,0.0008741675710242
2031-01-22,0.0080551307906558
2031-01-23,0.0138061446995821
2031-01-24,0.021897189188903
2031-01-25,0.002839703685791
2031-01-26,0.0002883223497197
2031-01-27,0.001035069627015
2031-01-28,0.0036263353075707
2031-01-29,0.001075881820753
2031-01-30,0.0005474457095432
2031-01-31,0.0008081808956636
2031-02-01,0.0007064562041948
2031-02-02,0.0003145912105495
2031-02-03,0.0003155813706174
2031-02-04,0.0003159856890558
2031-02-05,0.0003160920570542
2031-02-06,0.0003162665176465
2031-02-07,0.0003163652769113
2031-02-08,0.0003162507067032
2031-02-09,0.0003159686107091
2031-02-10,0.0003154471299432
2031-02-11,0.0003146783903378
2031-02-12,0.0003138700790359
2031-02-13,0.0003130455844598
2031-02-14,0.0003120298444249
2031-02-15,0.0003110506723481
2031-02-16,0.0003102516572997
2031-02-17,0.0003093107227357
2031-02-18,0.0003084411290243
2031-02-19,0.0003077665360397
2031-02-20,0.0003070704065271
2031-02-21,0.0023906998964786
2031-02-22,0.0003869038925838
2031-02-23,0.0004623477964967
2031-02-24,0.0003759097143201
2031-02-25,0.0003063714013897
2031-02-26,0.0003056203252665
2031-02-27,0.0003046198370589
2031-02-28,0.0003035600978301
2031-03-01,0.0003024452922136
2031-03-02,0.0003012262439431
2031-03-03,0.0003000067033604
2031-03-04,0.0002989844754301
2031-03-05,0.0002982372204915
2031-03-06,0.0002971485486253
2031-03-07,0.0048805115063049
2031-03-08,0.0002967405356801
2031-03-09,0.0002972413628428
2031-03-10,0.008315563780708
2031-03-11,0.0008031871345827
2031-03-12,0.0003101823002944
2031-03-13,0.0011648083591139
2031-03-14,0.0004385648907315
2031-03-15,0.0003169212522213
2031-03-16,0.0003174747858388
2031-03-17,0.0003169992050524
2031-03-18,0.0003161086642665
2031-03-19,0.0003149072527637
2031-03-20,0.0003134137249196
2031-03-21,0.000311794595773
2031-03-22,0.0003168906199604
2031-03-23,0.0003332016059239
2031-03-24,0.0003088571325067
2031-03-25,0.0003077907654332
2031-03-26,0.0014339355824998
2031-03-27,0.000306736506967
2031-03-28,0.000305178460348
2031-03-29,0.0003033243413061
2031-03-30,0.0003015293678651
2031-03-31,0.0002999141212797
2031-04-01,0.0039170079827921
2031-04-02,0.0002991003908521
2031-04-03,0.0002981819189604
2031-04-04,0.0002964402856084
2031-04-05,0.0002943916038715
2031-04-06,0.0002923086828368
2031-04-07,0.0002907476783516
2031-04-08,0.0002898495244994
2031-04-09,0.0006875492402143
2031-04-10,0.0002886611952235
2031-04-11,0.0002869428579525
2031-04-12,0.0002850098806426
2031-04-13,0.0002829626275925
2031-04-14,0.0002806865548799
2031-04-15,0.0002783033220378
2031-04-16,0.0002760801175277
2031-04-17,0.0002739348755568
2031-04-18,0.0002716919074971
2031-04-19,0.0002695377863634
2031-04-20,0.0003032131108923
2031-04-21,0.0002671501522744
2031-04-22,0.0158066457239744
2031-04-23,0.0032574767569831
2031-04-24,0.0002858913994582
2031-04-25,0.000288863853947
2031-04-26,0.0002890977744425
2031-04-27,0.0002881340140625
2031-04-28,0.0002864711859221
2031-04-29,0.0002843295495389
2031-04-30,0.0002819556551217
2031-05-01,0.0002792652051431
2031-05-02,0.0002761585713292
2031-05-03,0.0002728600189781
2031-05-04,0.0002695731340173
2031-05-05,0.0002666142770952
2031-05-06,0.0002639040746113
2031-05-07,0.0002608676433555
2031-05-08,0.0002573374382602
2031-05-09,0.0002536787381703
2031-05-10,0.0002502091581947
2031-05-11,0.0002467006423955
2031-05-12,0.0002434199141921
2031-05-13,0.0016475751773506
2031-05-14,0.0058746026771954
2031-05-15,0.0061350221272768
2031-05-16,0.000248570832317
2031-05-17,0.0002508241947313
2031-05-18,0.0002505451427813
2031-05-19,0.0002489877424793
2031-05-20,0.0002467634537396
2031-05-21,0.0002443006266425
2031-05-22,0.0002415223267199
2031-05-23,0.0002387625850268
2031-05-24,0.0002362416203551
2031-05-25,0.0002336583048888
2031-05-26,0.0002309273069924
2031-05-27,0.0002278439624183
2031-05-28,0.0002246434094674
2031-05-29,0.0002216814125022
2031-05-30,0.0002189472744416
2031-05-31,0.0003727313607243
2031-06-01,0.0002158199308833
2031-06-02,0.0002131234904979
2031-06-03,0.0002099905321763
2031-06-04,0.0002068704545005
2031-06-05,0.000203721747493
2031-06-06,0.0002007943694411
2031-06-07,0.0001981757220262
2031-06-08,0.0001957317304065
2031-06-09,0.0001938116269662
2031-06-10,0.0001926877438637
2031-06-11,0.0001912580963966
2031-06-12,0.0001889283342635
2031-06-13,0.0001864423797597
2031-06-14,0.0001841789968232
2031-06-15,0.0001819924641682
2031-06-16,0.0001797675443647
2031-06-17,0.0001776859874192
2031-06-18,0.0001759015844468
2031-06-19,0.0001742705476015
2031-06-20,0.0001726642452968
2031-06-21,0.0001711849478818
2031-06-22,0.0001698314287169
2031-06-23,0.0001684623265154
2031-06-24,0.000167143318013
2031-06-25,0.0001660540907805
2031-06-26,0.0001651088904395
2031-06-27,0.0001642264519086
2031-06-28,0.0001632673778411
2031-06-29,0.0001624312570998
2031-06-30,0.0001614801692285
2031-07-01,0.0001607474208157
2031-07-02,0.0001599564051988
2031-07-03,0.0001593447108171
2031-07-04,0.0001589435384026
2031-07-05,0.0001585186067701
2031-07-06,0.0001580936694886
2031-07-07,0.0001577837993203
2031-07-08,0.0001574968370278
2031-07-09,0.0001572068718045
2031-07-10,0.0001568948630023
2031-07-11,0.0001566446400078
2031-07-12,0.0001564428490997
2031-07-13,0.0001563542790165
2031-07-14,0.0001562688292189
2031-07-15,0.0001561839330654
2031-07-16,0.0001560984832678
2031-07-17,0.0001560135871144
2031-07-18,0.0001559281679827
2031-07-19,0.0001558432411633
2031-07-20,0.0001557578220316
2031-07-21,0.0001556729258782
2031-07-22,0.0001555879990588
2031-07-23,0.0001555025799272
2031-07-24,0.0001554176837737
2031-07-25,0.0001553327876203
2031-07-26,0.0001552473378227
2031-07-27,0.0001551636663125
2031-07-28,0.0001550787701591
2031-07-29,0.0001549938740057
2031-07-30,0.0001549102024955
2031-07-31,0.0001548247833639
2031-08-01,0.0001547398872104
2031-08-02,0.0001680355678864
2031-08-03,0.0001545713195469
2031-08-04,0.0001544864233935
2031-08-05,0.0001544027518833
2031-08-06,0.0001543178557299
2031-08-07,0.0001542341842197
2031-08-08,0.0001541505433756
2031-08-09,0.0001540656472221
2031-08-10,0.000153981975712
2031-08-11,0.0001538976025368
2031-08-12,0.0001538139310267
2031-08-13,0.0001537302901825
2031-08-14,0.0001536453940291
2031-08-15,0.0001535617225189
2031-08-16,0.000153478604653
2031-08-17,0.0001533949331428
2031-08-18,0.0001533100676554
2031-08-19,0.0001532269191235
2031-08-20,0.0001531432782793
2031-08-21,0.0001840303778461
2031-08-22,0.0001529764889032
2031-08-23,0.0001528928173931
2031-08-24,0.0001528096995272
2031-08-25,0.000152726028017
2031-08-26,0.0001526429101511
2031-08-27,0.0001525592693069
2031-08-28,0.000152476120775
2031-08-29,0.0001523930029091
2031-08-30,0.0001523093620649
2031-08-31,0.000152226244199
2031-09-01,0.0001521425726888
2031-09-02,0.0001520594548229
2031-09-03,0.0001519775616002
2031-09-04,0.0001518944437343
2031-09-05,0.0001518108028902
2031-09-06,0.0001517276850242
2031-09-07,0.0001516457918016
2031-09-08,0.0001515626739356
2031-09-09,0.0001514795560697
2031-09-10,0.0001513976628471
2031-09-11,0.0001513145449811
2031-09-12,0.0001512326517585
2031-09-13,0.0001511495338925
2031-09-14,0.0001510676406699
2031-09-15,0.000150984522804
2031-09-16,0.0001509026602473
2031-09-17,0.0001508195423814
2031-09-18,0.0001507376491587
2031-09-19,0.0001506545312928
2031-09-20,0.0001505726687361
2031-09-21,0.0001504907755134
2031-09-22,0.0001504081806257
2031-09-23,0.0001503263180691
2031-09-24,0.0001502444248464
2031-09-25,0.0001501625622897
2031-09-26,0.0001500799674021
2031-09-27,0.0001499980741794
2031-09-28,0.0001499162116227
2031-09-29,0.0001498348720443
2031-09-30,0.0001497529788216
2031-10-01,0.0001496716392432
2031-10-02,0.0001495897460205
2031-10-03,0.0001495078834639
2031-10-04,0.0001494265438854
2031-10-05,0.0001493446506628
2031-10-06,0.0001492633110843
2031-10-07,0.0001491819715059
2031-10-08,0.0001491001089492
2031-10-09,0.0001490187387048
2031-10-10,0.0001489368761481
2031-10-11,0.0001488555365697
2031-10-12,0.0001487754216345
2031-10-13,0.0001486940820561
2031-10-14,0.0001486122194994
2031-10-15,0.0010811079848168
2031-10-16,0.0001484507649858
2031-10-17,0.000369685511145
2031-10-18,0.0038362703834276
2031-10-19,0.0070416959011627
2031-10-20,0.000149053098343
2031-10-21,0.0001504680702705
2031-10-22,0.00015168430901
2031-10-23,0.0001526752723424
2031-10-24,0.00015348488713
2031-10-25,0.0001541561438602
2031-10-26,0.0001547104510879
2031-10-27,0.0001551417215719
2031-10-28,0.000242347366474
2031-10-29,0.0001558737978319
2031-10-30,0.0001561390864892
2031-10-31,0.0001563433057426
2031-11-01,0.000167877656286
2031-11-02,0.0001634006351743
2031-11-03,0.0001569191024342
2031-11-04,0.0001570571133102
2031-11-05,0.0001571813288666
2031-11-06,0.0003256049001856
2031-11-07,0.000157436145726
2031-11-08,0.0001575123143902
2031-11-09,0.0001575947796484
2031-11-10,0.0001576580026788
2031-11-11,0.0001576841061445
2031-11-12,0.0001576853364784
2031-11-13,0.0001576653676101
2031-11-14,0.0001576389259249
2031-11-15,0.0001576163928791
2031-11-16,0.0007610186573878
2031-11-17,0.0001576191385887
2031-11-18,0.0001576221083896
2031-11-19,0.0001575992380179
2031-11-20,0.0001575544107562
2031-11-21,0.0001574987657488
2031-11-22,0.0001574353059264
2031-11-23,0.0001573635083107
2031-11-24,0.0001572680061835
2031-11-25,0.0001571647199073
2031-11-26,0.000157080591634
2031-11-27,0.0018596783922802
2031-11-28,0.0032568713752557
2031-11-29,0.0015740363318458
2031-11-30,0.0020141192173093
2031-12-01,0.0023127808304177
2031-12-02,0.0001634285990082
2031-12-03,0.0027225903754215
2031-12-04,0.0312070867118912
2031-12-05,0.0101338984757861
2031-12-06,0.0031946428579629
2031-12-07,0.0032554428790881
2031-12-08,0.0044750043453372
2031-12-09,0.0073966021682922
2031-12-10,0.0002868181655916
2031-12-11,0.0023338315021838
2031-12-12,0.0021598765688129
2031-12-13,0.0003039708650037
2031-12-14,0.0003070391285188
2031-12-15,0.0003087504400499
2031-12-16,0.0003096563063164
2031-12-17,0.000310196849224
2031-12-18,0.0123189123202797
2031-12-19,0.0351539251702123
2031-12-20,0.0003804394712869
2031-12-21,0.0211490081957017
2031-12-22,0.0356674510581509
2031-12-23,0.0119364651353159
2031-12-24,0.0218510647676759
2031-12-25,0.0156922683422412
2031-12-26,0.0504122336869469
2031-12-27,0.0373836331949582
2031-12-28,0.1286275282176085
2031-12-29,0.1202565165489615
2031-12-30,0.0299513405906898
2031-12-31,0.0299513405906898
2032-01-01,0.0298517133445989
2032-01-02,0.0281953642233583
2032-01-03,0.0473021548487603
2032-01-04,0.0289112942145008
2032-01-05,0.0277551922748324
2032-01-06,0.0245646329946946
2032-01-07,0.0212223449776027
2032-01-08,0.0213994164020635
2032-01-09,0.0165866857466762
2032-01-10,0.0151065859409095
2032-01-11,0.0138627495254986
2032-01-12,0.0165691912702719
2032-01-13,0.0141943368200754
2032-01-14,0.0160581887151271
2032-01-15,0.0168413587943236
2032-01-16,0.0139728939742237
2032-01-17,0.0151660417723968
2032-01-18,0.0138817835812025
2032-01-19,0.0145492303723191
2032-01-20,0.0449325916056503
2032-01-21,0.0242491032691576
2032-01-22,0.023076593777538
2032-01-23,0.0306342868170197
2032-01-24,0.0326381319223418
2032-01-25,0.0587699261952632
2032-01-26,0.1626689244885091
2032-01-27,0.0347434054785967
2032-01-28,0.0416479677509777
2032-01-29,0.0305048835837968
2032-01-30,0.0324575374693111
2032-01-31,0.031273965545307
2032-02-01,0.0319479097123022
2032-02-02,0.0268209022000741
2032-02-03,0.0232595770892331
2032-02-04,0.0201581137595637
2032-02-05,0.0173463169572225
2032-02-06,0.0149379205042552
2032-02-07,0.0129305338199337
2032-02-08,0.0112608941240623
2032-02-09,0.0098465981838796
2032-02-10,0.010617087987128
2032-02-11,0.0086672207938069
2032-02-12,0.0073550498604354
2032-02-13,0.0068051814199687
2032-02-14,0.0063084348163447
2032-02-15,0.0058253517016277
2032-02-16,0.0062421525468325
2032-02-17,0.0062403696825901
2032-02-18,0.0048027519284134
2032-02-19,0.004481686866924
2032-02-20,0.0080571906044501
2032-02-21,0.0041949441924223
2032-02-22,0.0041631286321289
2032-02-23,0.0040270845401692
2032-02-24,0.0038187132049591
2032-02-25,0.0035815831414503
2032-02-26,0.0033506479330179
2032-02-27,0.0031223253736664
2032-02-28,0.0028898898534358
2032-02-29,0.0026779934409733
2032-03-01,0.0024990886232316
2032-03-02,0.0023262064767251
2032-03-03,0.0021523300674922
2032-03-04,0.0019873908067869
2032-03-05,0.001818951964126
2032-03-06,0.0016522218376419
2032-03-07,0.0015098217464822
2032-03-08,0.0052931178993672
2032-03-09,0.0013960585636644
2032-03-10,0.0013485429061117
2032-03-11,0.0025164230958048
2032-03-12,0.001328245538224
2032-03-13,0.0013088065094356
2032-03-14,0.0012712613809243
2032-03-15,0.001215986812923
2032-03-16,0.001641941351358
2032-03-17,0.0020891929873399
2032-03-18,0.0022986124094816
2032-03-19,0.0015061444780335
2032-03-20,0.0075064624008866
2032-03-21,0.0089482933563805
2032-03-22,0.0049994493953707
2032-03-23,0.0052374034438435
2032-03-24,0.0043256092428491
2032-03-25,0.0043803566319492
2032-03-26,0.0041829114213505
2032-03-27,0.0039130733804979
2032-03-28,0.0036174459046534
2032-03-29,0.0032861621150043
2032-03-30,0.0029533159773672
2032-03-31,0.0026403335048693
2032-04-01,0.0023541204706427
2032-04-02,0.0020557607477033
2032-04-03,0.0017742417771557
2032-04-04,0.0015247645634435
2032-04-05,0.001303277133297
2032-04-06,0.0012378994431394
2032-04-07,0.0010345433734496
2032-04-08,0.0053746312697085
2032-04-09,0.0027559219765685
2032-04-10,0.0010818557278981
2032-04-11,0.0009806488308861
2032-04-12,0.0009296827028033
2032-04-13,0.000878134251461
2032-04-14,0.0008192263773909
2032-04-15,0.0007527089018839
2032-04-16,0.0006921597672603
2032-04-17,0.0006266598553735
2032-04-18,0.0005619344207915
2032-04-19,0.0005130672290171
2032-04-20,0.0004740445255086
2032-04-21,0.0004451919842531
2032-04-22,0.0023636771646045
2032-04-23,0.0005442884075587
2032-04-24,0.0004188055347003
2032-04-25,0.0004118713519367
2032-04-26,0.0017071163643915
2032-04-27,0.0011005842458968
2032-04-28,0.001239875664153
2032-04-29,0.0004087124781598
2032-04-30,0.0004069678759634
2032-05-01,0.0004050001139412
2032-05-02,0.0004030120457363
2032-05-03,0.0004005492684721
2032-05-04,0.000397495527511
2032-05-05,0.000394593968212
2032-05-06,0.0003922250887195
2032-05-07,0.0003901329702355
2032-05-08,0.0003874398507569
2032-05-09,0.0003841717683451
2032-05-10,0.0003808046415883
2032-05-11,0.0003770572409546
2032-05-12,0.0003733679231891
2032-05-13,0.0003697718270541
2032-05-14,0.0003662035297193
2032-05-15,0.000362624348805
2032-05-16,0.0003587369410745
2032-05-17,0.0003546260174549
2032-05-18,0.0004707211010602
2032-05-19,0.003680532750548
2032-05-20,0.0003501422875124
2032-05-21,0.0003478744764841
2032-05-22,0.0003447780317338
2032-05-23,0.0003413159835105
2032-05-24,0.0003378444983599
2032-05-25,0.0003343366398654
2032-05-26,0.0003306079564435
2032-05-27,0.0003262973236812
2032-05-28,0.0003219435802728
2032-05-29,0.0003179785809678
2032-05-30,0.000314037205516
2032-05-31,0.0003101043365625
2032-06-01,0.0023643437789668
2032-06-02,0.0003068585730918
2032-06-03,0.000657422109868
2032-06-04,0.0003114383972031
2032-06-05,0.0003022656817115
2032-06-06,0.0002993414217243
2032-06-07,0.0002959330516372
2032-06-08,0.00029244121574
2032-06-09,0.000288700758576
2032-06-10,0.0002848151086625
2032-06-11,0.0002808955800928
2032-06-12,0.000277157493341
2032-06-13,0.0002741388047085
2032-06-14,0.0002715133728368
2032-06-15,0.0002684870512613
2032-06-16,0.0005093012290457
2032-06-17,0.0002651806099809
2032-06-18,0.0002619653926279
2032-06-19,0.0002580517729973
2032-06-20,0.0002542467227239
2032-06-21,0.0002507496089986
2032-06-22,0.0002471295681975
2032-06-23,0.0002432702513542
2032-06-24,0.0002392398141805
2032-06-25,0.0002352842418581
2032-06-26,0.0002315106818156
2032-06-27,0.0002278964676387
2032-06-28,0.0002244421844454
2032-06-29,0.0002220164127297
2032-06-30,0.0002194916594341
2032-07-01,0.0002161730092716
2032-07-02,0.000212730435217
2032-07-03,0.0002094673226837
2032-07-04,0.0002063003595315
2032-07-05,0.0002031513763738
2032-07-06,0.0002000060156663
2032-07-07,0.0001969008339412
2032-07-08,0.0001938844177625
2032-07-09,0.0001909275539972
2032-07-10,0.0001880983834888
2032-07-11,0.0001854389161761
2032-07-12,0.0003009653762973
2032-07-13,0.0016317969972454
2032-07-14,0.0001819695550835
2032-07-15,0.0001796449402681
2032-07-16,0.0001776964524106
2032-07-17,0.0001761871842404
2032-07-18,0.0001747655865614
2032-07-19,0.0001733219252973
2032-07-20,0.0001717956438302
2032-07-21,0.0001700992397373
2032-07-22,0.00016835932545
2032-07-23,0.0001669328537441
2032-07-24,0.0001659651413495
2032-07-25,0.0001652221894521
2032-07-26,0.0001643828849789
2032-07-27,0.0001634618807498
2032-07-28,0.0001627186974141
2032-07-29,0.0001621463535338
2032-07-30,0.0001615743686835
2032-07-31,0.0001609816871802
2032-08-01,0.000160498710276
2032-08-02,0.0001600748968966
2032-08-03,0.0001596262754529
2032-08-04,0.0001590985430186
2032-08-05,0.00015856384418
2032-08-06,0.0001582019196857
2032-08-07,0.0001579297948041
2032-08-08,0.0001577242933112
2032-08-09,0.000157512392608
2032-08-10,0.0001572725684412
2032-08-11,0.0001570086500669
2032-08-12,0.0001567668732586
2032-08-13,0.0001566692076942
2032-08-14,0.0001565842808748
2032-08-15,0.0001564988310772
2032-08-16,0.0001564134119455
2032-08-17,0.0001563267375046
2032-08-18,0.0001562413183729
2032-08-19,0.0001561563915535
2032-08-20,0.0001560721970651
2032-08-21,0.0001559867472675
2032-08-22,0.0001559013281358
2032-08-23,0.0001558164013164
2032-08-24,0.0001557309821848
2032-08-25,0.0001556460860314
2032-08-26,0.0001555606362337
2032-08-27,0.0001554764417453
2032-08-28,0.0001553915455919
2032-08-29,0.0001553061264602
2032-08-30,0.0001552211996408
2032-08-31,0.0001551370051524
2032-09-01,0.000155052108999
2032-09-02,0.0001549672128456
2032-09-03,0.0001548830183572
2032-09-04,0.0001547981222038
2032-09-05,0.0001547144506936
2032-09-06,0.000154629031562
2032-09-07,0.0001545453600518
2032-09-08,0.0001544604638984
2032-09-09,0.0001543767923883
2032-09-10,0.0001542913732566
2032-09-11,0.0001542077017465
2032-09-12,0.0001541240302363
2032-09-13,0.0001540391340829
2032-09-14,0.0001539554932387
2032-09-15,0.0001538718217286
2032-09-16,0.0001537869255751
2032-09-17,0.000153703254065
2032-09-18,0.0001536196132208
2032-09-19,0.0001535359417107
2032-09-20,0.0001534522702005
2032-09-21,0.0001533686293564
2032-09-22,0.0001532837332029
2032-09-23,0.0001532000616928
2032-09-24,0.0001531169438269
2032-09-25,0.0001530332723167
2032-09-26,0.0001529496314725
2032-09-27,0.0001528659599624
2032-09-28,0.0001527823191182
2032-09-29,0.0001526992012523
2032-09-30,0.0024156548449999
2032-10-01,0.0003293091184353
2032-10-02,0.0001524512203186
2032-10-03,0.0001523681024527
2032-10-04,0.00015228620923
2032-10-05,0.0001522037930291
2032-10-06,0.0001521218998065
2032-10-07,0.0001520400065838
2032-10-08,0.0001519569193839
2032-10-09,0.000151874503183
2032-10-10,0.0001735945266212
2032-10-11,0.0001517107167376
2032-10-12,0.0001516275988717
2032-10-13,0.0001515457056491
2032-10-14,0.000165454003191
2032-10-15,0.0029941685974611
2032-10-16,0.0029432666182623
2032-10-17,0.0001859022732741
2032-10-18,0.0001670009737414
2032-10-19,0.0001514728735951
2032-10-20,0.0001515597435024
2032-10-21,0.0001516399058831
2032-10-22,0.0001517126284062
2032-10-23,0.000151775609806
2032-10-24,0.0001518274467525
2032-10-25,0.0001518677949541
2032-10-26,0.0001518994173229
2032-10-27,0.0001519226152097
2032-10-28,0.0001519420471687
2032-10-29,0.0001519535469578
2032-10-30,0.0001519565302669
2032-10-31,0.0001519515507402
2032-11-01,0.000151939833021
2032-11-02,0.0001519195988217
2032-11-03,0.0001518938817391
2032-11-04,0.0001518626817733
2032-11-05,0.0001518277465457
2032-11-06,0.000151788553078
2032-11-07,0.0001517451320363
2032-11-08,0.0001516992003761
2032-11-09,0.0001516515210944
2032-11-10,0.0001516013311942
2032-11-11,0.0001515486920075
2032-11-12,0.0001514942745332
2032-11-13,0.0001514373771064
2032-11-14,0.0001513779997271
2032-11-15,0.0001513180687036
2032-11-16,0.0001512556883936
2032-11-17,0.0001511932774175
2032-11-18,0.0001511296417982
2032-11-19,0.0001510635262263
2032-11-20,0.0001509968876763
2032-11-21,0.0001509277691737
2032-11-22,0.0001508586506711
2032-11-23,0.0001507882768592
2032-11-24,0.0001507179030473
2032-11-25,0.000150645781614
2032-11-26,0.0001505741524929
2032-11-27,0.0001505007757502
2032-11-28,0.0001504261743643
2032-11-29,0.0001503515729785
2032-11-30,0.0001502757162833
2032-12-01,0.0001502011148974
2032-12-02,0.000150124033559
2032-12-03,0.0001500481768639
2032-12-04,0.0001499710648594
2032-12-05,0.0001498934605428
2032-12-06,0.0001498163792044
2032-12-07,0.0001497392672
2032-12-08,0.0035978799390979
2032-12-09,0.0011865909306358
2032-12-10,0.0007285738947083
2032-12-11,0.0001915931732625
2032-12-12,0.0001497439005281
2032-12-13,0.0001498449055863
2032-12-14,0.0001499447166672
2032-12-15,0.0001500390755307
2032-12-16,0.0003199010328693
2032-12-17,0.0001502205067303
2032-12-18,0.0001741088001454
2032-12-19,0.0044202210633911
2032-12-20,0.0037305996609933
2032-12-21,0.0336101703106966
2032-12-22,0.0142895050141272
2032-12-23,0.0067290016333441
2032-12-24,0.0221222941472532
2032-12-25,0.0528933046162741
2032-12-26,0.0100938878614128
2032-12-27,0.000398085761871
2032-12-28,0.0004392226987631
2032-12-29,0.0005020453274386
2032-12-30,0.0005600932781046
2032-12-31,0.0007780532198714
2033-01-01,0.0011790072359336
2033-01-02,0.0009753717514704
2033-01-03,0.001382077601554
2033-01-04,0.0023851975096112
2033-01-05,0.0086741675218598
2033-01-06,0.0050344254247394
2033-01-07,0.0065202605911368
2033-01-08,0.0117313659259964
2033-01-09,0.0043860435230037
2033-01-10,0.0053154217099701
2033-01-11,0.005626571506102
2033-01-12,0.0074119536735891
2033-01-13,0.0080317487318639
2033-01-14,0.0079496636042848
2033-01-15,0.0062444541975354
2033-01-16,0.006489638873224
2033-01-17,0.0065103572610034
2033-01-18,0.0069393621770867
2033-01-19,0.0070941789675148
2033-01-20,0.0080670471079523
2033-01-21,0.0066817194498771
2033-01-22,0.0064577827290971
2033-01-23,0.0059090379978889
2033-01-24,0.005600992040616
2033-01-25,0.0052305992203468
2033-01-26,0.0048554604947485
2033-01-27,0.0044909790704962
2033-01-28,0.0041300875334573
2033-01-29,0.0037777679440554
2033-01-30,0.0034660355730316
2033-01-31,0.0031823059381818
2033-02-01,0.0029312617539163
2033-02-02,0.0055147828587954
2033-02-03,0.004351331793713
2033-02-04,0.002660112583077
2033-02-05,0.0026436494788711
2033-02-06,0.0026026875709639
2033-02-07,0.0025145659442586
2033-02-08,0.0023928793726235
2033-02-09,0.0022432421407146
2033-02-10,0.0020897914434347
2033-02-11,0.0019366392149458
2033-02-12,0.0017976631190709
2033-02-13,0.0016489975066442
2033-02-14,0.0015160720088704
2033-02-15,0.0014022887397292
2033-02-16,0.0012933970799097
2033-02-17,0.0011844027852309
2033-02-18,0.0010890732221692
2033-02-19,0.0053536643098062
2033-02-20,0.0077201139656493
2033-02-21,0.0021427269931864
2033-02-22,0.011939180000719
2033-02-23,0.0165614571978818
2033-02-24,0.0161184181540896
2033-02-25,0.0155760912070591
2033-02-26,0.0131247575865757
2033-02-27,0.0126014753483652
2033-02-28,0.0165035972482831
2033-03-01,0.0140340363262768
2033-03-02,0.0119065006814745
2033-03-03,0.0702571247770505
2033-03-04,0.0594514019473865
2033-03-05,0.0307223541753427
2033-03-06,0.0320465787743694
2033-03-07,0.0353020843298041
2033-03-08,0.0396686959913686
2033-03-09,0.0341905762916171
2033-03-10,0.0306207561683642
2033-03-11,0.0311996014952396
2033-03-12,0.0312705301827195
2033-03-13,0.0290730231680898
2033-03-14,0.0592951779987888
2033-03-15,0.0428459231110891
2033-03-16,0.0339903357367101
2033-03-17,0.0347922989727733
2033-03-18,0.0285908397447018
2033-03-19,0.0266860815749159
2033-03-20,0.0244056866209428
2033-03-21,0.0264845002952835
2033-03-22,0.0302794108677976
2033-03-23,0.0352939233328731
2033-03-24,0.0334034205105425
2033-03-25,0.0309767321768367
2033-03-26,0.0262239605108535
2033-03-27,0.0231646392223415
2033-03-28,0.0198841323013008
2033-03-29,0.0170577959019058
2033-03-30,0.0146736292955508
2033-03-31,0.0125977161794031
2033-04-01,0.0115166862775394
2033-04-02,0.0114378818546267
2033-04-03,0.0093076279782069
2033-04-04,0.0081925317384847
2033-04-05,0.0073359008436517
2033-04-06,0.0065540453147206
2033-04-07,0.0085520586870184
2033-04-08,0.0157182548371985
2033-04-09,0.0114611072723615
2033-04-10,0.0085934546187218
2033-04-11,0.0086498062025935
2033-04-12,0.0081432439706559
2033-04-13,0.0076649724785001
2033-04-14,0.026770110241651
2033-04-15,0.0146420066196367
2033-04-16,0.0137131578144704
2033-04-17,0.0128640406887948
2033-04-18,0.0117065546538605
2033-04-19,0.0103679864766779
2033-04-20,0.0090736957475507
2033-04-21,0.0078512279120663
2033-04-22,0.0067522003308446
2033-04-23,0.005777905127952
2033-04-24,0.0049251261093441
2033-04-25,0.0041806109081568
2033-04-26,0.0035272079666164
2033-04-27,0.0029583715040692
2033-04-28,0.0024904601442804
2033-04-29,0.0020828089871582
2033-04-30,0.0017136537331511
2033-05-01,0.0013866003236395
2033-05-02,0.0010973764637564
2033-05-03,0.000867597903463
2033-05-04,0.0006899555820849
2033-05-05,0.000564569691216
2033-05-06,0.0004845742217208
2033-05-07,0.0004390428223566
2033-05-08,0.0004160939958548
2033-05-09,0.0004088984101073
2033-05-10,0.0004046748357467
2033-05-11,0.0004007157044332
2033-05-12,0.0003970696682245
2033-05-13,0.0003934353992183
2033-05-14,0.0003894600531571
2033-05-15,0.0003854393867178
2033-05-16,0.0003816948688148
2033-05-17,0.0003781048313343
2033-05-18,0.0003746214224244
2033-05-19,0.0003714515228647
2033-05-20,0.0003683082951534
2033-05-21,0.000364829976967
2033-05-22,0.0003612944825146
2033-05-23,0.0003575918007943
2033-05-24,0.0003537446754318
2033-05-25,0.0003501789557826
2033-05-26,0.0003462117524362
2033-05-27,0.0003415199487103
2033-05-28,0.0003366606576789
2033-05-29,0.0003320561409477
2033-05-30,0.0003275537528241
2033-05-31,0.0003228714481203
2033-06-01,0.0003177899876581
2033-06-02,0.0003125034054639
2033-06-03,0.0003072061981003
2033-06-04,0.0003018162617998
2033-06-05,0.0002965065659852
2033-06-06,0.0002915019199124
2033-06-07,0.0002863548399263
2033-06-08,0.000281126166412
2033-06-09,0.0002761072268923
2033-06-10,0.0002716563203858
2033-06-11,0.0002671539470071
2033-06-12,0.0002620167123341
2033-06-13,0.0002567438964467
2033-06-14,0.0002515600818353
2033-06-15,0.0002468291649079
2033-06-16,0.0002427106015041
2033-06-17,0.0002385824335307
2033-06-18,0.0002347359316771
2033-06-19,0.0002309456297054
2033-06-20,0.0002274117989832
2033-06-21,0.0002238160693049
2033-06-22,0.0002202612930319
2033-06-23,0.0002168479071795
2033-06-24,0.0002136918892819
2033-06-25,0.0002106300004214
2033-06-26,0.0002075196492344
2033-06-27,0.0002042628242503
2033-06-28,0.0002009806301278
2033-06-29,0.0001977529863804
2033-06-30,0.0001947034469534
2033-07-01,0.0001916868845494
2033-07-02,0.0001887422542736
2033-07-03,0.0001860102309921
2033-07-04,0.0001834753522944
2033-07-05,0.0001810689294662
2033-07-06,0.0001789759260692
2033-07-07,0.0001771170927021
2033-07-08,0.0001752505160473
2033-07-09,0.0001732377378951
2033-07-10,0.0001713501407249
2033-07-11,0.0001695152334967
2033-07-12,0.0001676742084442
2033-07-13,0.0001662242663924
2033-07-14,0.0001650642812373
2033-07-15,0.0001640781250016
2033-07-16,0.000163222659177
2033-07-17,0.0001624027602912
2033-07-18,0.0001615644867872
2033-07-19,0.000160648216422
2033-07-20,0.0001600639134458
2033-07-21,0.0001596270411566
2033-07-22,0.0001591523199032
2033-07-23,0.0001587219649865
2033-07-24,0.000158367801627
2033-07-25,0.0001580189547387
2033-07-26,0.0001576777769809
2033-07-27,0.0001573603686747
2033-07-28,0.0001571353095445
2033-07-29,0.0001570376133142
2033-07-30,0.0001569521941825
2033-07-31,0.0001568667443849
2033-08-01,0.0001567812945873
2033-08-02,0.0001566953524774
2033-08-03,0.0001566099026797
2033-08-04,0.0001565232589048
2033-08-05,0.0001564378091071
2033-08-06,0.0001563529129537
2033-08-07,0.0001562674938221
2033-08-08,0.0001561832686677
2033-08-09,0.000156097849536
2033-08-10,0.0001560124304044
2033-08-11,0.0001559269806067
2033-08-12,0.0001558415614751
2033-08-13,0.0001557566653217
2033-08-14,0.00015567124619
2033-08-15,0.0001555870210356
2033-08-16,0.000155501601904
2033-08-17,0.0001554167057505
2033-08-18,0.0001553325112622
2033-08-19,0.0001552476151087
2033-08-20,0.0001551621959771
2033-08-21,0.0001550780014887
2033-08-22,0.0001549931053353
2033-08-23,0.0001549089108469
2033-08-24,0.0001548240146935
2033-08-25,0.0001547398202051
2033-08-26,0.0001546549240517
2033-08-27,0.0001545712525415
2033-08-28,0.0001544858334099
2033-08-29,0.0001544021925657
2033-08-30,0.0001543172964123
2033-08-31,0.0001542331019239
2033-09-01,0.0001541494304137
2033-09-02,0.0001540645649263
2033-09-03,0.0001539803704379
2033-09-04,0.0001538966989278
2033-09-05,0.0001538130580836
2033-09-06,0.0001537293865734
2033-09-07,0.000153644521086
2033-09-08,0.0001535608495759
2033-09-09,0.0001534771780657
2033-09-10,0.0001533935372215
2033-09-11,0.0001533098963774
2033-09-12,0.0001532262248672
2033-09-13,0.0001531425840231
2033-09-14,0.0001530589125129
2033-09-15,0.0001529752716687
2033-09-16,0.0001528916308246
2033-09-17,0.0001528079593144
2033-09-18,0.0001527243184703
2033-09-19,0.0001526406776261
2033-09-20,0.0001525587844034
2033-09-21,0.0001524751128933
2033-09-22,0.0001523914720491
2033-09-23,0.000152307831205
2033-09-24,0.0001522259379823
2033-09-25,0.0001521422971381
2033-09-26,0.000152058656294
2033-09-27,0.0001519767630713
2033-09-28,0.0001518931222272
2033-09-29,0.0001518100043612
2033-09-30,0.0001517275881603
2033-10-01,0.0001516444702944
2033-10-02,0.0001515620540935
2033-10-03,0.0001514789362276
2033-10-04,0.0001513965200267
2033-10-05,0.0001513134021608
2033-10-06,0.0001512310166259
2033-10-07,0.0001511478987599
2033-10-08,0.0001510660055373
2033-10-09,0.0001509841123146
2033-10-10,0.0001610855032632
2033-10-11,0.0001508186089138
2033-10-12,0.0001507367156911
2033-10-13,0.0001506548531345
2033-10-14,0.0001505712122903
2033-10-15,0.0001504893190676
2033-10-16,0.000150407456511
2033-10-17,0.0001503255632883
2033-10-18,0.0001502437007316
2033-10-19,0.000150161807509
2033-10-20,0.0001500799449523
2033-10-21,0.0001499980823956
2033-10-22,0.0001499149645297
2033-10-23,0.0001498343266163
2033-10-24,0.0001497524333936
2033-10-25,0.000149670570837
2033-10-26,0.0001495887082803
2033-10-27,0.0001495068457236
2033-10-28,0.0001494254754792
2033-10-29,0.0005933777534716
2033-10-30,0.0009714567424003
2033-10-31,0.0005136346320659
2033-11-01,0.000164214427733
2033-11-02,0.0010532151190578
2033-11-03,0.0001975838075853
2033-11-04,0.0001488572494668
2033-11-05,0.0001487766728854
2033-11-06,0.0001486978745914
2033-11-07,0.0001486178209882
2033-11-08,0.0001485384690501
2033-11-09,0.0001484584154469
2033-11-10,0.000163487203053
2033-11-11,0.0001482995328838
2033-11-12,0.0049353782488352
2033-11-13,0.0034098279262329
2033-11-14,0.0036142656287396
2033-11-15,0.0004182733330395
2033-11-16,0.0002127218202154
2033-11-17,0.0001559385608559
2033-11-18,0.000157540734411
2033-11-19,0.0001587997194978
2033-11-20,0.0001598010795329
2033-11-21,0.0001605828794177
2033-11-22,0.0001612183940443
2033-11-23,0.0001617702662119
2033-11-24,0.0001622658420393
2033-11-25,0.0001627072747714
2033-11-26,0.0001882580585473
2033-11-27,0.0001634848377356
2033-11-28,0.0001637779554361
2033-11-29,0.0001640127454081
2033-11-30,0.0001642186640745
2033-12-01,0.0001644163806939
2033-12-02,0.0092825700344263
2033-12-03,0.0063803351423817
2033-12-04,0.0047851803531385
2033-12-05,0.0013322956697857
2033-12-06,0.0002004005470844
2033-12-07,0.0002250631028503
2033-12-08,0.0002075332645519
2033-12-09,0.0002094363686466
2033-12-10,0.0002105835255641
2033-12-11,0.0002114166501533
2033-12-12,0.0002120638604935
2033-12-13,0.0044566561412512
2033-12-14,0.0084092408040251
2033-12-15,0.0019234169664872
2033-12-16,0.0002352226916363
2033-12-17,0.000239633590379
2033-12-18,0.0007428604590285
2033-12-19,0.0009668648942104
2033-12-20,0.0002840875396675
2033-12-21,0.0003144763381521
2033-12-22,0.0003069310899329
2033-12-23,0.0026261118020551
2033-12-24,0.0002552522381389
2033-12-25,0.0002562237895629
2033-12-26,0.000257960197647
2033-12-27,0.0002593390410496
2033-12-28,0.0002604795546465
2033-12-29,0.0003917829510842
2033-12-30,0.0002662608646618
2033-12-31,0.001633513785595
2034-01-01,0.0006373508087969
2034-01-02,0.0029191853312103
2034-01-03,0.0121755898902697
2034-01-04,0.0251638215045662
2034-01-05,0.0018021891792438
2034-01-06,0.0022978418581622
2034-01-07,0.0014783726096196
2034-01-08,0.0015960318587028
2034-01-09,0.0019503524685705
2034-01-10,0.0024454478930482
2034-01-11,0.0015101333004579
2034-01-12,0.0009467071339703
2034-01-13,0.0003725832418438
2034-01-14,0.0003744407259882
2034-01-15,0.0003753192145615
2034-01-16,0.0003757396208465
2034-01-17,0.0003757708098669
2034-01-18,0.0003754796156389
2034-01-19,0.0003750923235063
2034-01-20,0.0003746667873596
2034-01-21,0.0003742664751759
2034-01-22,0.0003739242167646
2034-01-23,0.0003733960567604
2034-01-24,0.0003766141385275
2034-01-25,0.0003725836974649
2034-01-26,0.0097354078474567
2034-01-27,0.0010111080049238
2034-01-28,0.0004613630639333
2034-01-29,0.0017348498417088
2034-01-30,0.0017876220876887
2034-01-31,0.00039208130664
2034-02-01,0.0003974372967775
2034-02-02,0.0004036020655532
2034-02-03,0.0004079922408727
2034-02-04,0.0004112375993416
2034-02-05,0.0004139107011237
2034-02-06,0.0022231249001885
2034-02-07,0.0011989710051379
2034-02-08,0.0050753499660301
2034-02-09,0.0040310790362189
2034-02-10,0.0011603835748787
2034-02-11,0.0008780895941021
2034-02-12,0.0009889445809332
2034-02-13,0.0010412479446856
2034-02-14,0.0010643326912174
2034-02-15,0.0246527918199983
2034-02-16,0.006095879656237
2034-02-17,0.0048320524732682
2034-02-18,0.0050557741480782
2034-02-19,0.004937238004845
2034-02-20,0.0046696942552537
2034-02-21,0.0043275018693931
2034-02-22,0.0039745112749229
2034-02-23,0.0036232685673664
2034-02-24,0.0033031296080523
2034-02-25,0.0030141819780894
2034-02-26,0.0027481447854547
2034-02-27,0.0079278809830447
2034-02-28,0.0034065446119585
2034-03-01,0.0124937816572133
2034-03-02,0.0044086025937128
2034-03-03,0.0076115080633933
2034-03-04,0.0101636656622568
2034-03-05,0.0097627459050172
2034-03-06,0.007570047938423
2034-03-07,0.0092577941846587
2034-03-08,0.0075004918629707
2034-03-09,0.0071115425384838
2034-03-10,0.0065866832511583
2034-03-11,0.0066150872560911
2034-03-12,0.0058124944171571
2034-03-13,0.0053805207040733
2034-03-14,0.0049204208650052
2034-03-15,0.0044422512249779
2034-03-16,0.0040079723399661
2034-03-17,0.0036116883286907
2034-03-18,0.0032288165887849
2034-03-19,0.0028925832114338
2034-03-20,0.008783403213693
2034-03-21,0.0172990192009205
2034-03-22,0.0071860541842391
2034-03-23,0.0066588900538425
2034-03-24,0.0068509236900271
2034-03-25,0.0065293786456775
2034-03-26,0.0060039040284903
2034-03-27,0.0054389411874807
2034-03-28,0.0048731473547702
2034-03-29,0.0043651090239989
2034-03-30,0.004185714055629
2034-03-31,0.0040553188017099
2034-04-01,0.0034649775100127
2034-04-02,0.0030913828677933
2034-04-03,0.0027178469519405
2034-04-04,0.0023814425458056
2034-04-05,0.0020882918685642
2034-04-06,0.0051031434184234
2034-04-07,0.0018143842222121
2034-04-08,0.001698460513232
2034-04-09,0.001523245275525
2034-04-10,0.0013517513633757
2034-04-11,0.0011987569162599
2034-04-12,0.0010504161512441
2034-04-13,0.0009122119051579
2034-04-14,0.000786866226761
2034-04-15,0.0006779167642732
2034-04-16,0.0005848114625573
2034-04-17,0.0005130431087715
2034-04-18,0.0004638614493845
2034-04-19,0.000432347133125
2034-04-20,0.0004159063127499
2034-04-21,0.000409644888794
2034-04-22,0.0004066503320782
2034-04-23,0.0004036214462392
2034-04-24,0.0004003884437631
2034-04-25,0.0003971762953902
2034-04-26,0.000393918879772
2034-04-27,0.0003906180782798
2034-04-28,0.0003874199488918
2034-04-29,0.0003846917180009
2034-04-30,0.0003825133238518
2034-05-01,0.0003800644827904
2034-05-02,0.0003769478369261
2034-05-03,0.000374057902458
2034-05-04,0.0003712064357107
2034-05-05,0.0003678166998822
2034-05-06,0.000364199366529
2034-05-07,0.0003603507094372
2034-05-08,0.0003571600776495
2034-05-09,0.0003543513656401
2034-05-10,0.0003520089519957
2034-05-11,0.0003485357363845
2034-05-12,0.0003445806874727
2034-05-13,0.0003401417918818
2034-05-14,0.0003354922491991
2034-05-15,0.0003311190811818
2034-05-16,0.0003265165300054
2034-05-17,0.0003217649874478
2034-05-18,0.0003170133022199
2034-05-19,0.0003124829588225
2034-05-20,0.0003078191505934
2034-05-21,0.0003029593765963
2034-05-22,0.0002981900510808
2034-05-23,0.0002934787564864
2034-05-24,0.0002886043071992
2034-05-25,0.0002835154927608
2034-05-26,0.0002783492940183
2034-05-27,0.0002734543476584
2034-05-28,0.0002684023417027
2034-05-29,0.000263359625035
2034-05-30,0.000258493242256
2034-05-31,0.0002539605879096
2034-06-01,0.0002496354135592
2034-06-02,0.0002452046923943
2034-06-03,0.0002414701699013
2034-06-04,0.0002378319109589
2034-06-05,0.0002341724916762
2034-06-06,0.0002303442103034
2034-06-07,0.0002264463732896
2034-06-08,0.0002227493863043
2034-06-09,0.0002192272222923
2034-06-10,0.0002158412969855
2034-06-11,0.0002124593391862
2034-06-12,0.0002090391431081
2034-06-13,0.00020564726108
2034-06-14,0.0002023636296901
2034-06-15,0.0001991598180012
2034-06-16,0.0001959606689869
2034-06-17,0.0001929339856988
2034-06-18,0.0001899381106428
2034-06-19,0.0001870052185983
2034-06-20,0.0001842642066104
2034-06-21,0.0001819815917156
2034-06-22,0.0001797716223798
2034-06-23,0.0001775680988891
2034-06-24,0.0001755385282982
2034-06-25,0.0001738921829969
2034-06-26,0.0001725218995432
2034-06-27,0.0001712605663135
2034-06-28,0.0001699500576666
2034-06-29,0.0001684570208546
2034-06-30,0.0001669016621747
2034-07-01,0.0001654473906955
2034-07-02,0.0001644200067138
2034-07-03,0.0001634781591771
2034-07-04,0.0001625792506067
2034-07-05,0.0001618911915983
2034-07-06,0.0001613676243944
2034-07-07,0.0001608469243752
2034-07-08,0.0001603729378305
2034-07-09,0.0001599341445421
2034-07-10,0.0001594750357162
2034-07-11,0.0001589870555849
2034-07-12,0.0001584943812641
2034-07-13,0.0001580645067664
2034-07-14,0.0001576081644638
2034-07-15,0.0001572334193837
2034-07-16,0.0001570824428676
2034-07-17,0.0001569969930699
2034-07-18,0.0001569115432723
2034-07-19,0.0001568261241406
2034-07-20,0.000156740674343
2034-07-21,0.0001566552245453
2034-07-22,0.0001565685807704
2034-07-23,0.0001564831309728
2034-07-24,0.0001563977118411
2034-07-25,0.0001563122620434
2034-07-26,0.0001562280675551
2034-07-27,0.0001561426484234
2034-07-28,0.0001560571986258
2034-07-29,0.0001559717794941
2034-07-30,0.0001558863296965
2034-07-31,0.000155801433543
2034-08-01,0.0001557160144114
2034-08-02,0.000155631819923
2034-08-03,0.0001555463701253
2034-08-04,0.0001554614739719
2034-08-05,0.0001553760548403
2034-08-06,0.0001552918603519
2034-08-07,0.0001552069641985
2034-08-08,0.0001551227697101
2034-08-09,0.0001550378428907
2034-08-10,0.000154952423759
2034-08-11,0.0001548687522489
2034-08-12,0.0001547833331172
2034-08-13,0.000154699661607
2034-08-14,0.0001546142424754
2034-08-15,0.0001545306016312
2034-08-16,0.0001689354014665
2034-08-17,0.0001543615109894
2034-08-18,0.0001542778394793
2034-08-19,0.0001541936449909
2034-08-20,0.0001541087488375
2034-08-21,0.0001540251079933
2034-08-22,0.0001539414364831
2034-08-23,0.000153857764973
2034-08-24,0.0001537723765073
2034-08-25,0.0001536887049972
2034-08-26,0.000153605033487
2034-08-27,0.0001535213926429
2034-08-28,0.0001534377211327
2034-08-29,0.0001533540802885
2034-08-30,0.0001532704087784
2034-08-31,0.0001531867679342
2034-09-01,0.0001531030964241
2034-09-02,0.0001530194555799
2034-09-03,0.0001529357840698
2034-09-04,0.0001528521432256
2034-09-05,0.0001527685023814
2034-09-06,0.0001526848308713
2034-09-07,0.0001526017130053
2034-09-08,0.0001525180721612
2034-09-09,0.0001524356252943
2034-09-10,0.0001523519844501
2034-09-11,0.0001522688665842
2034-09-12,0.0001521864503833
2034-09-13,0.0001521028095392
2034-09-14,0.0001520196916732
2034-09-15,0.0001519372448063
2034-09-16,0.0001518536039622
2034-09-17,0.0001517704860963
2034-09-18,0.0001516880698954
2034-09-19,0.0001516049520294
2034-09-20,0.0001515225358285
2034-09-21,0.0001514394179626
2034-09-22,0.0001513570324277
2034-09-23,0.0001512739145618
2034-09-24,0.0001511920213391
2034-09-25,0.0001511096051382
2034-09-26,0.0001510264872723
2034-09-27,0.0001509445940496
2034-09-28,0.0001508622085147
2034-09-29,0.0001507790906488
2034-09-30,0.0001506971974261
2034-10-01,0.0001506153348695
2034-10-02,0.0001505334416468
2034-10-03,0.0001504510254459
2034-10-04,0.000150367938246
2034-10-05,0.0001502860450233
2034-10-06,0.0001502041824667
2034-10-07,0.000150122289244
2034-10-08,0.0001500404266873
2034-10-09,0.0001499585334647
2034-10-10,0.000149876670908
2034-10-11,0.0001497947776853
2034-10-12,0.0001497129151287
2034-10-13,0.000149631052572
2034-10-14,0.0001495491593493
2034-10-15,0.0001494678197709
2034-10-16,0.0001493871818575
2034-10-17,0.0001493052886348
2034-10-18,0.0001492234260782
2034-10-19,0.0001491415635215
2034-10-20,0.0001490602239431
2034-10-21,0.0010209288666555
2034-10-22,0.0004769646215563
2034-10-23,0.0001488163532286
2034-10-24,0.0001487357153152
2034-10-25,0.0001486538527585
2034-10-26,0.0001485737378233
2034-10-27,0.0001484919059327
2034-10-28,0.0001484117909975
2034-10-29,0.0001483299284408
2034-10-30,0.0001482498135057
2034-10-31,0.0001481684739272
2034-11-01,0.0001480878360138
2034-11-02,0.0001480064964354
2034-11-03,0.0005147244190066
2034-11-04,0.0024361349569983
2034-11-05,0.0001477670372909
2034-11-06,0.0001476933522319
2034-11-07,0.0001476184731957
2034-11-08,0.0001475448494688
2034-11-09,0.0001474712257419
2034-11-10,0.0013509646566528
2034-11-11,0.0004994786266947
2034-11-12,0.000147267663515
2034-11-13,0.0001472095397886
2034-11-14,0.0008672892409777
2034-11-15,0.0001471024973986
2034-11-16,0.0001470581506006
2034-11-17,0.0011250212948023
2034-11-18,0.000409855926863
2034-11-19,0.0001469849930216
2034-11-20,0.0001469965238996
2034-11-21,0.0003353413595657
2034-11-22,0.0034271884269495
2034-11-23,0.0027721526435809
2034-11-24,0.000682523734568
2034-11-25,0.0001759158042257
2034-11-26,0.0001521620840009
2034-11-27,0.0004557618946765
2034-11-28,0.0008671868948723
2034-11-29,0.0012476967779632
2034-11-30,0.0008448743635619
2034-12-01,0.000441001834269
2034-12-02,0.0009142213975263
2034-12-03,0.0024946365006109
2034-12-04,0.0007831152725516
2034-12-05,0.0054138598341328
2034-12-06,0.0036373203129056
2034-12-07,0.0002070205306316
2034-12-08,0.0002449116219345
2034-12-09,0.0008517577903581
2034-12-10,0.0022556408431729
2034-12-11,0.0025133026650461
2034-12-12,0.0002034011726834
2034-12-13,0.0002064689625301
2034-12-14,0.0002082504475894
2034-12-15,0.0002093867513512
2034-12-16,0.0002101431558917
2034-12-17,0.0002106687118451
2034-12-18,0.0002109710438721
2034-12-19,0.0002110413709248
2034-12-20,0.0002109852899296
2034-12-21,0.0002108609622032
2034-12-22,0.0002106484332344
2034-12-23,0.0002103293763149
2034-12-24,0.0002098875599205
2034-12-25,0.0002094787573732
2034-12-26,0.0002090758134741
2034-12-27,0.000208645807223
2034-12-28,0.0002082234371001
2034-12-29,0.0002078627971434
2034-12-30,0.0158780583944089
2034-12-31,0.0002198817432654
2035-01-01,0.0002286239136186
2035-01-02,0.0002326890283714
2035-01-03,0.0002350555412838
2035-01-04,0.0002367186852998
2035-01-05,0.0002378755219672
2035-01-06,0.0002384404869788
2035-01-07,0.0002386620997925
2035-01-08,0.0002388056237503
2035-01-09,0.0002389008456772
2035-01-10,0.0002388797343114
2035-01-11,0.0027467060391973
2035-01-12,0.0002397554346784
2035-01-13,0.000240278360236
2035-01-14,0.000240633533071
2035-01-15,0.0002409030152822
2035-01-16,0.0002411039064707
2035-01-17,0.0002412198217824
2035-01-18,0.0002411689898099
2035-01-19,0.0002409932573923
2035-01-20,0.0002408353193582
2035-01-21,0.0002404864511058
2035-01-22,0.0002400053860284
2035-01-23,0.0002394397682816
2035-01-24,0.000238846665783
2035-01-25,0.0002382799685684
2035-01-26,0.0003810447106618
2035-01-27,0.0002377907689339
2035-01-28,0.0002373584892378
2035-01-29,0.0002368434412764
2035-01-30,0.000236409844939
2035-01-31,0.0002359569528148
2035-02-01,0.0002353662873695
2035-02-02,0.0002344469474357
2035-02-03,0.0002334057483852
2035-02-04,0.000232363559401
2035-02-05,0.0002312880936579
2035-02-06,0.000230290522964
2035-02-07,0.0025419795162879
2035-02-08,0.0084612319344656
2035-02-09,0.0101505990632578
2035-02-10,0.0204112254307344
2035-02-11,0.0122667634938237
2035-02-12,0.001153547388497
2035-02-13,0.0020151077491258
2035-02-14,0.0134956984739554
2035-02-15,0.0003527544022012
2035-02-16,0.0054596119265575
2035-02-17,0.023701659122793
2035-02-18,0.0006081952462437
2035-02-19,0.0008204895100877
2035-02-20,0.0109919983828032
2035-02-21,0.0028728035748369
2035-02-22,0.0024113032939717
2035-02-23,0.0026133300425879
2035-02-24,0.0026359878322091
2035-02-25,0.0036196464406898
2035-02-26,0.002842051685884
2035-02-27,0.0025581843673717
2035-02-28,0.0024659485555387
2035-03-01,0.0023623769668159
2035-03-02,0.0022827525959329
2035-03-03,0.0036665858060075
2035-03-04,0.0048329190804351
2035-03-05,0.003808512598804
2035-03-06,0.0086942666663709
2035-03-07,0.0102490351540774
2035-03-08,0.0056086864874475
2035-03-09,0.0094621211615168
2035-03-10,0.0125105016469363
2035-03-11,0.0142778799470148
2035-03-12,0.0119986255148668
2035-03-13,0.0107042272582192
2035-03-14,0.0100204679140339
2035-03-15,0.0090580825218648
2035-03-16,0.0090485789824806
2035-03-17,0.0079187310746836
2035-03-18,0.007019884826702
2035-03-19,0.0094205933443165
2035-03-20,0.006231452492982
2035-03-21,0.0059502276175143
2035-03-22,0.0055592011592137
2035-03-23,0.0191697613571103
2035-03-24,0.017922352317357
2035-03-25,0.0114471284117297
2035-03-26,0.0114740641519636
2035-03-27,0.0106420110078276
2035-03-28,0.0095889398178142
2035-03-29,0.0109730753214831
2035-03-30,0.008084972857282
2035-03-31,0.0076921048139305
2035-04-01,0.0070742588734263
2035-04-02,0.0064232714031915
2035-04-03,0.0057174836891323
2035-04-04,0.0050107923926089
2035-04-05,0.0043677446731006
2035-04-06,0.0038215354156208
2035-04-07,0.0033526346797177
2035-04-08,0.0029500745653445
2035-04-09,0.0025924819658918
2035-04-10,0.0022376220012741
2035-04-11,0.0019133395159077
2035-04-12,0.0016137034722175
2035-04-13,0.0013538169011438
2035-04-14,0.001155960468926
2035-04-15,0.0010154994339095
2035-04-16,0.0008919734739908
2035-04-17,0.0007625904405427
2035-04-18,0.0006513342492061
2035-04-19,0.0005621617977326
2035-04-20,0.0004979317004814
2035-04-21,0.0004553418194342
2035-04-22,0.0004300823887325
2035-04-23,0.0004159511696174
2035-04-24,0.0004104898090984
2035-04-25,0.0004086801255345
2035-04-26,0.0004067117946345
2035-04-27,0.0004043063215233
2035-04-28,0.0004088791573421
2035-04-29,0.0008170719682127
2035-04-30,0.0004004907388657
2035-05-01,0.000398685062147
2035-05-02,0.0003961474330723
2035-05-03,0.0003929960294368
2035-05-04,0.0003894212703294
2035-05-05,0.0003855335453207
2035-05-06,0.0003818519344416
2035-05-07,0.0003785756021143
2035-05-08,0.0003761494007491
2035-05-09,0.0003733917285167
2035-05-10,0.0003696544022981
2035-05-11,0.0003655254724783
2035-05-12,0.0003613012076265
2035-05-13,0.0003572393436874
2035-05-14,0.0003527187903877
2035-05-15,0.0003482702297408
2035-05-16,0.0003436655257009
2035-05-17,0.0003392571582278
2035-05-18,0.0003353955366881
2035-05-19,0.0003328520699706
2035-05-20,0.0003303345325401
2035-05-21,0.0003257430353925
2035-05-22,0.0003210528451538
2035-05-23,0.0003162355350099
2035-05-24,0.000311517240243
2035-05-25,0.0003067450624473
2035-05-26,0.0017699179618199
2035-05-27,0.0105637998949117
2035-05-28,0.0003027058389665
2035-05-29,0.0003030833999707
2035-05-30,0.0003017302919806
2035-05-31,0.0002997749118506
2035-06-01,0.0006691300699083
2035-06-02,0.0003165847906496
2035-06-03,0.0002978430578876
2035-06-04,0.0002949933140829
2035-06-05,0.0002912016851068
2035-06-06,0.0002876679678742
2035-06-07,0.0002839109607988
2035-06-08,0.0002800262080963
2035-06-09,0.0002760020577536
2035-06-10,0.0002720360104512
2035-06-11,0.0002680198521644
2035-06-12,0.0002639148359071
2035-06-13,0.0002597858636524
2035-06-14,0.0002555134826708
2035-06-15,0.0002515850189123
2035-06-16,0.0002476611004322
2035-06-17,0.0002439234703511
2035-06-18,0.0002400736160075
2035-06-19,0.0002368403658257
2035-06-20,0.0017594112331116
2035-06-21,0.0002416845914373
2035-06-22,0.0136817286221283
2035-06-23,0.006858115031149
2035-06-24,0.0002518649179939
2035-06-25,0.0002557006862697
2035-06-26,0.0002554668186947
2035-06-27,0.000253550815941
2035-06-28,0.0002508622941873
2035-06-29,0.0002479865022968
2035-06-30,0.0002446878871762
2035-07-01,0.0002413364128563
2035-07-02,0.0002378156757473
2035-07-03,0.0002343856980245
2035-07-04,0.0002308990914357
2035-07-05,0.0002274902335317
2035-07-06,0.000224110280403
2035-07-07,0.0002206027881961
2035-07-08,0.0002169711658913
2035-07-09,0.000213498986378
2035-07-10,0.0002102518246213
2035-07-11,0.0002073506859765
2035-07-12,0.0002045765441913
2035-07-13,0.000201827321324
2035-07-14,0.0001990401092
2035-07-15,0.0001962282513036
2035-07-16,0.0001938210396974
2035-07-17,0.0001913730509917
2035-07-18,0.000189062960904
2035-07-19,0.0001867773562901
2035-07-20,0.0001847549511798
2035-07-21,0.000183045506703
2035-07-22,0.0001811616379109
2035-07-23,0.0001788227560274
2035-07-24,0.0001767451467007
2035-07-25,0.0001748489064309
2035-07-26,0.0001730165655858
2035-07-27,0.0001712932240635
2035-07-28,0.0001697949428155
2035-07-29,0.000168291091954
2035-07-30,0.0001669167371035
2035-07-31,0.0001655658822948
2035-08-01,0.0001642505347906
2035-08-02,0.0001633323171377
2035-08-03,0.0001625917499733
2035-08-04,0.0001619618287934
2035-08-05,0.000161383863994
2035-08-06,0.0001607241854661
2035-08-07,0.0001599326049629
2035-08-08,0.0001591075161319
2035-08-09,0.0001586303071549
2035-08-10,0.0001582920013819
2035-08-11,0.0198351116995443
2035-08-12,0.0069885650502058
2035-08-13,0.0001809460166701
2035-08-14,0.0001858290536184
2035-08-15,0.0001868565762712
2035-08-16,0.0001866454854538
2035-08-17,0.0001858921252164
2035-08-18,0.0001846570388823
2035-08-19,0.0001831618416909
2035-08-20,0.0001813879804201
2035-08-21,0.0001798444284878
2035-08-22,0.0001785117405159
2035-08-23,0.000177315310191
2035-08-24,0.0001760976591754
2035-08-25,0.0001748390813449
2035-08-26,0.0001729796582723
2035-08-27,0.0001711432298024
2035-08-28,0.0001695611124162
2035-08-29,0.0001687245301708
2035-08-30,0.0001679504754489
2035-08-31,0.0001669640153539
2035-09-01,0.0001660274936318
2035-09-02,0.0001653366180663
2035-09-03,0.0001647299132887
2035-09-04,0.0001641062192993
2035-09-05,0.0001635171509908
2035-09-06,0.0001629096549727
2035-09-07,0.000162184348725
2035-09-08,0.0001615907098675
2035-09-09,0.0001610216930788
2035-09-10,0.0001605488060081
2035-09-11,0.0001601680439393
2035-09-12,0.0001598013294836
2035-09-13,0.0001593567322534
2035-09-14,0.0001588273860832
2035-09-15,0.0001584496163682
2035-09-16,0.0001582263810162
2035-09-17,0.000158011169832
2035-09-18,0.0001577728891602
2035-09-19,0.0001575690681387
2035-09-20,0.0001573462812646
2035-09-21,0.0001572240071365
2035-09-22,0.0001571421139139
2035-09-23,0.000157058996048
2035-09-24,0.0001569765798471
2035-09-25,0.0001568934313151
2035-09-26,0.000156809790471
2035-09-27,0.0001567261189608
2035-09-28,0.0001566424474507
2035-09-29,0.0001565587759405
2035-09-30,0.0001564751044304
2035-10-01,0.0001563914635862
2035-10-02,0.0001563065674328
2035-10-03,0.0001562228959226
2035-10-04,0.0001561387014342
2035-10-05,0.0001560538052808
2035-10-06,0.0001559701337707
2035-10-07,0.000155884714639
2035-10-08,0.0001558010431289
2035-10-09,0.0001557161469754
2035-10-10,0.000155631952487
2035-10-11,0.0001555470563336
2035-10-12,0.0001554633848235
2035-10-13,0.0001553779656918
2035-10-14,0.0001552942941817
2035-10-15,0.0001552093980282
2035-10-16,0.0008374598507303
2035-10-17,0.0001550415320297
2035-10-18,0.0001549566665423
2035-10-19,0.0001548724720539
2035-10-20,0.0001547875759005
2035-10-21,0.0001547039043903
2035-10-22,0.0001546202328802
2035-10-23,0.0001545353367267
2035-10-24,0.0001544511729043
2035-10-25,0.0001543675013942
2035-10-26,0.0001542826052408
2035-10-27,0.0001541989643966
2035-10-28,0.0001541152928865
2035-10-29,0.0001540316213763
2035-10-30,0.0001539467558889
2035-10-31,0.0001538630843787
2035-11-01,0.0001537794128686
2035-11-02,0.0001536957720244
2035-11-03,0.0001536121005142
2035-11-04,0.0001535284596701
2035-11-05,0.0001534447881599
2035-11-06,0.0001533611473158
2035-11-07,0.0001532774758056
2035-11-08,0.0001531938349615
2035-11-09,0.0001531101941173
2035-11-10,0.0001530265226071
2035-11-11,0.000152942881763
2035-11-12,0.000152859763897
2035-11-13,0.0001527760923869
2035-11-14,0.0001526924515427
2035-11-15,0.0001526088106986
2035-11-16,0.0014673693678043
2035-11-17,0.0039502744399146
2035-11-18,0.0008081716121503
2035-11-19,0.0003622306145867
2035-11-20,0.0001523404606684
2035-11-21,0.0001523417683477
2035-11-22,0.0001523465712701
2035-11-23,0.0001523508512142
2035-11-24,0.0001523533528708
2035-11-25,0.0001523541069059
2035-11-26,0.0001523501103888
2035-11-27,0.0001523425879626
2035-11-28,0.0001523327949367
2035-11-29,0.0001523199683141
2035-11-30,0.0001523041694267
2035-12-01,0.0001522860692736
2035-12-02,0.0001522632492342
2035-12-03,0.000152238097263
2035-12-04,0.0001522087483839
2035-12-05,0.000152177067573
2035-12-06,0.0001521424451633
2035-12-07,0.0001521060138002
2035-12-08,0.0001520678348155
2035-12-09,0.003453090317157
2035-12-10,0.0003032178509268
2035-12-11,0.0001903186790444
2035-12-12,0.0009035578704249
2035-12-13,0.0017070344449236
2035-12-14,0.0019690473816731
2035-12-15,0.0019417024465985
2035-12-16,0.0006111733343843
2035-12-17,0.0001591860460502
2035-12-18,0.0002020156025389
2035-12-19,0.0073476716167807
2035-12-20,0.0051607881979215
2035-12-21,0.0001805647925152
2035-12-22,0.0001866744277022
2035-12-23,0.0111571621291173
2035-12-24,0.0034800787511069
2035-12-25,0.0003212987022215
2035-12-26,0.0011665536961371
2035-12-27,0.0191178371455062
2035-12-28,0.0344880012910944
2035-12-29,0.0109364467816813
2035-12-30,0.0397764971614358
2035-12-31,0.0241745009415385
2036-01-01,0.0210373488164629
2036-01-02,0.0690903196349667
2036-01-03,0.0249973523430423
2036-01-04,0.0291080786652677
2036-01-05,0.0404745030116264
2036-01-06,0.0805671978594701
2036-01-07,0.0460546039097595
2036-01-08,0.0316863232304534
2036-01-09,0.0288992456334136
2036-01-10,0.0312874163576338
2036-01-11,0.0270089773062457
2036-01-12,0.0255866150905134
2036-01-13,0.0218752362534985
2036-01-14,0.0192298108659101
2036-01-15,0.0169259960081659
2036-01-16,0.0151052619540571
2036-01-17,0.0149334332543616
2036-01-18,0.0153192559904022
2036-01-19,0.0155973693034429
2036-01-20,0.0142374143556257
2036-01-21,0.0135852050850072
2036-01-22,0.0139783397895604
2036-01-23,0.0126577721898228
2036-01-24,0.0117370429038039
2036-01-25,0.0105845270394019
2036-01-26,0.009628534836383
2036-01-27,0.0086798001134257
2036-01-28,0.0077985670197409
2036-01-29,0.0070160644933815
2036-01-30,0.006331593722736
2036-01-31,0.0057416314285741
2036-02-01,0.0052207541555142
2036-02-02,0.0047492752929848
2036-02-03,0.0043332133957011
2036-02-04,0.0071788514408459
2036-02-05,0.0038437744886738
2036-02-06,0.0037866592126513
2036-02-07,0.0036692068766308
2036-02-08,0.00363966988081
2036-02-09,0.0043709761653287
2036-02-10,0.0039662848087838
2036-02-11,0.0040320002742056
2036-02-12,0.00391926510572
2036-02-13,0.0031938595621966
2036-02-14,0.0034318561557792
2036-02-15,0.0031542489090919
2036-02-16,0.0030719986290757
2036-02-17,0.003114321243206
2036-02-18,0.0028518146648345
2036-02-19,0.0027118373665293
2036-02-20,0.0029074805709579
2036-02-21,0.0028491070742438
2036-02-22,0.0035083900852927
2036-02-23,0.0024198326823834
2036-02-24,0.0023850478437903
2036-02-25,0.0023492903104685
2036-02-26,0.0023096820264054
2036-02-27,0.0026334149710911
2036-02-28,0.003595658905454
2036-02-29,0.0068610654259987
2036-03-01,0.00934596378603
2036-03-02,0.0059496086624801
2036-03-03,0.0044316157476535
2036-03-04,0.0045953553298798
2036-03-05,0.0044721406974595
2036-03-06,0.0042144240336717
2036-03-07,0.0038988707245946
2036-03-08,0.0035739581476105
2036-03-09,0.0032551284268512
2036-03-10,0.002943056848304
2036-03-11,0.0026474158829963
2036-03-12,0.0023663339803139
2036-03-13,0.0021085633832489
2036-03-14,0.0018767542896121
2036-03-15,0.0016687559834208
2036-03-16,0.001494078176705
2036-03-17,0.001347811710447
2036-03-18,0.0012178083414405
2036-03-19,0.0011009445251633
2036-03-20,0.0009884118319337
2036-03-21,0.0008830953732858
2036-03-22,0.0007921561440981
2036-03-23,0.0049628390787141
2036-03-24,0.0007004687460056
2036-03-25,0.0006526447690423
2036-03-26,0.0006119021402896
2036-03-27,0.0005790026168531
2036-03-28,0.0017093122200925
2036-03-29,0.0005604955480411
2036-03-30,0.0005504772848423
2036-03-31,0.0090871125688095
2036-04-01,0.0026987841352668
2036-04-02,0.0049903138322803
2036-04-03,0.0019586617280617
2036-04-04,0.0099191124192496
2036-04-05,0.0052005424481228
2036-04-06,0.0050705220721785
2036-04-07,0.004221971003491
2036-04-08,0.0041406977651237
2036-04-09,0.0038806713511263
2036-04-10,0.003574408482511
2036-04-11,0.0032592577812116
2036-04-12,0.0029111585065592
2036-04-13,0.0026032649706538
2036-04-14,0.0023510891093929
2036-04-15,0.0033739971013488
2036-04-16,0.0020981342776777
2036-04-17,0.0018880648506423
2036-04-18,0.0055248581565446
2036-04-19,0.0017203039566851
2036-04-20,0.0016182069814604
2036-04-21,0.0014744268020085
2036-04-22,0.0013132004570379
2036-04-23,0.0011624204269361
2036-04-24,0.001015738961584
2036-04-25,0.0008855666527833
2036-04-26,0.0007669358640424
2036-04-27,0.0006663129901573
2036-04-28,0.0005789289356113
2036-04-29,0.0005123801060929
2036-04-30,0.000468245111454
2036-05-01,0.0004365471190717
2036-05-02,0.0004164060857459
2036-05-03,0.000408225041435
2036-05-04,0.0004046029944751
2036-05-05,0.0004012618984538
2036-05-06,0.0003975968938023
2036-05-07,0.0003935744351859
2036-05-08,0.0003897325011635
2036-05-09,0.0003858087458688
2036-05-10,0.0003816917150432
2036-05-11,0.0003774931716462
2036-05-12,0.000373548002023
2036-05-13,0.0003698125717867
2036-05-14,0.0003656470748576
2036-05-15,0.0003612544147383
2036-05-16,0.0003569001997867
2036-05-17,0.0003524562539459
2036-05-18,0.0003482702330583
2036-05-19,0.0003439157633494
2036-05-20,0.0003396054691019
2036-05-21,0.0003352298198986
2036-05-22,0.0003329335062421
2036-05-23,0.0003284320731382
2036-05-24,0.0003239601309517
2036-05-25,0.0003194344685373
2036-05-26,0.0003155648024421
2036-05-27,0.0003115603066655
2036-05-28,0.0003068870778211
2036-05-29,0.0003023377928699
2036-05-30,0.0002974657127199
2036-05-31,0.0002925916596681
2036-06-01,0.0002879901806954
2036-06-02,0.0003109256763748
2036-06-03,0.0002813521345621
2036-06-04,0.0006359597503197
2036-06-05,0.0002764892082173
2036-06-06,0.0002723642631903
2036-06-07,0.0002677168835634
2036-06-08,0.00026284296099
2036-06-09,0.0002579164106972
2036-06-10,0.0002531621103594
2036-06-11,0.0002484966481069
2036-06-12,0.0002440263498931
2036-06-13,0.0002399978105302
2036-06-14,0.0002361638917138
2036-06-15,0.0002324202108788
2036-06-16,0.0002287697369772
2036-06-17,0.0002250737881339
2036-06-18,0.0002213596708814
2036-06-19,0.00021758142166
2036-06-20,0.0002139084794403
2036-06-21,0.0002103897015539
2036-06-22,0.0002070787286711
2036-06-23,0.0002044617794569
2036-06-24,0.0002019396993424
2036-06-25,0.0001993835831279
2036-06-26,0.0001967692009014
2036-06-27,0.0001941999812215
2036-06-28,0.0001918027733913
2036-06-29,0.0001895797710944
2036-06-30,0.0001873905325593
2036-07-01,0.0001849922849722
2036-07-02,0.0001824915750979
2036-07-03,0.0001803532571791
2036-07-04,0.0001786193739444
2036-07-05,0.00017715947207
2036-07-06,0.0001757005351985
2036-07-07,0.000174099188963
2036-07-08,0.0001725315005159
2036-07-09,0.0001712837557552
2036-07-10,0.0001701258711318
2036-07-11,0.0001688785765502
2036-07-12,0.0001675408113567
2036-07-13,0.0001663534784646
2036-07-14,0.0001652852940644
2036-07-15,0.000164283195419
2036-07-16,0.0001633789611139
2036-07-17,0.0001625385067961
2036-07-18,0.0001616698636391
2036-07-19,0.000160773977447
2036-07-20,0.0001600089481227
2036-07-21,0.0001592226946209
2036-07-22,0.0001585843266992
2036-07-23,0.0001581338807178
2036-07-24,0.0001577529621752
2036-07-25,0.0001575229658205
2036-07-26,0.0001572904588474
2036-07-27,0.000157116949413
2036-07-28,0.0001570296903219
2036-07-29,0.0001569442405243
2036-07-30,0.0001568582984144
2036-07-31,0.0001567716239734
2036-08-01,0.0001566862048418
2036-08-02,0.0001566007550441
2036-08-03,0.0001565153052465
2036-08-04,0.0001564304090931
2036-08-05,0.0001563449592954
2036-08-06,0.0001562595401638
2036-08-07,0.0001561740903661
2036-08-08,0.0001560886712345
2036-08-09,0.0001560032521028
2036-08-10,0.0016202010759426
2036-08-11,0.000155834130795
2036-08-12,0.0015383657904732
2036-08-13,0.000155664517175
2036-08-14,0.0001555821009741
2036-08-15,0.0001554991617949
2036-08-16,0.0001554149979726
2036-08-17,0.0001553325817717
2036-08-18,0.0001552483872833
2036-08-19,0.0001551647464391
2036-08-20,0.000155081776594
2036-08-21,0.0001549981050838
2036-08-22,0.0001549139412614
2036-08-23,0.000154829045108
2036-08-24,0.0001547453735979
2036-08-25,0.0001546611791095
2036-08-26,0.0001545775382653
2036-08-27,0.0001544933437769
2036-08-28,0.0001544084476235
2036-08-29,0.0001543247761133
2036-08-30,0.0001542411352692
2036-08-31,0.0001541569407808
2036-09-01,0.0001540732692706
2036-09-02,0.0001539883731172
2036-09-03,0.0001539047322731
2036-09-04,0.0001538210607629
2036-09-05,0.0001537373892528
2036-09-06,0.0001536537484086
2036-09-07,0.0001535695539202
2036-09-08,0.0014503193933572
2036-09-09,0.0001534022415659
2036-09-10,0.000153319093034
2036-09-11,0.001499877197564
2036-09-12,0.0001912431630744
2036-09-13,0.0001530704104352
2036-09-14,0.0001529885172126
2036-09-15,0.0001529071469681
2036-09-16,0.0001528252537455
2036-09-17,0.0001527433298568
2036-09-18,0.0001526614366342
2036-09-19,0.0001525800663898
2036-09-20,0.0001524981731671
2036-09-21,0.0001524150553012
2036-09-22,0.0001523326391003
2036-09-23,0.0001522507152116
2036-09-24,0.0001690449324274
2036-09-25,0.0002089238554635
2036-09-26,0.0001520038109004
2036-09-27,0.0001519219176777
2036-09-28,0.0001518382768335
2036-09-29,0.0001517563836109
2036-09-30,0.0001516744903882
2036-10-01,0.0001515913725223
2036-10-02,0.0001515094792996
2036-10-03,0.000151427586077
2036-10-04,0.0001513452005421
2036-10-05,0.0001512620826762
2036-10-06,0.0001511801894535
2036-10-07,0.0001510982962308
2036-10-08,0.0001510164030082
2036-10-09,0.0001509332851422
2036-10-10,0.0001508508996073
2036-10-11,0.0001507690063847
2036-10-12,0.000150687113162
2036-10-13,0.0001506052506054
2036-10-14,0.0006454649595781
2036-10-15,0.00015044146416
2036-10-16,0.0001503583769601
2036-10-17,0.0001502764837374
2036-10-18,0.0001501946211808
2036-10-19,0.0001501139526014
2036-10-20,0.0001500320900447
2036-10-21,0.0001499507198003
2036-10-22,0.0001498688572436
2036-10-23,0.0001497869640209
2036-10-24,0.0001497051014643
2036-10-25,0.0001496232389076
2036-10-26,0.000149541345685
2036-10-27,0.0001494600061065
2036-10-28,0.0001493793681931
2036-10-29,0.0001492974749705
2036-10-30,0.000149216135392
2036-10-31,0.0001491342728354
2036-11-01,0.000149053634922
2036-11-02,0.0001489722953435
2036-11-03,0.0001488904327868
2036-11-04,0.0001488097642075
2036-11-05,0.000148728424629
2036-11-06,0.0001486477867156
2036-11-07,0.0017416796019955
2036-11-08,0.0001484858092238
2036-11-09,0.0001484044696453
2036-11-10,0.0001483243853762
2036-11-11,0.000148244270441
2036-11-12,0.0001481641555058
2036-11-13,0.0001480835175924
2036-11-14,0.0001480034333233
2036-11-15,0.0010707233449418
2036-11-16,0.0012404838310805
2036-11-17,0.0090702916991419
2036-11-18,0.0038285409383523
2036-11-19,0.0001534793092426
2036-11-20,0.0001574358092755
2036-11-21,0.0001601237597577
2036-11-22,0.0001620394417494
2036-11-23,0.001607065697643
2036-11-24,0.0007353902838206
2036-11-25,0.0001667931352157
2036-11-26,0.0001682178673154
2036-11-27,0.0001693894123996
2036-11-28,0.0001865666218584
2036-11-29,0.0001714094377915
2036-11-30,0.0017589786244286
2036-12-01,0.0006633565294523
2036-12-02,0.0007511101287737
2036-12-03,0.0006633623341734
2036-12-04,0.0001770018321709
2036-12-05,0.0011561610455527
2036-12-06,0.0276043415691992
2036-12-07,0.018699119790551
2036-12-08,0.0155584304486826
2036-12-09,0.0241208981653108
2036-12-10,0.0183600299852696
2036-12-11,0.0004462418650764
2036-12-12,0.0004032251838116
2036-12-13,0.0004041955864104
2036-12-14,0.0016467884505721
2036-12-15,0.0005108510829519
2036-12-16,0.0003885408629117
2036-12-17,0.0003903742085043
2036-12-18,0.0003948623363941
2036-12-19,0.0004109374419878
2036-12-20,0.0004085611969241
2036-12-21,0.0004160334218796
2036-12-22,0.0004957662325428
2036-12-23,0.0004537121157232
2036-12-24,0.0004219655811126
2036-12-25,0.0004826995938126
2036-12-26,0.0004663921123685
2036-12-27,0.0016355213735003
2036-12-28,0.0028297342894883
2036-12-29,0.0017129925726219
2036-12-30,0.0004023055066283
2036-12-31,0.0004036610614764
2037-01-01,0.0004044248131277
2037-01-02,0.0004048523595345
2037-01-03,0.0004051341570805
2037-01-04,0.0004051579086624
2037-01-05,0.000405051843175
2037-01-06,0.0004046984869484
2037-01-07,0.0004040272629348
2037-01-08,0.0004033225020958
2037-01-09,0.0004026214119153
2037-01-10,0.0004018321478456
2037-01-11,0.0004010248584184
2037-01-12,0.0004002456634099
2037-01-13,0.0003996038966237
2037-01-14,0.0003988011897217
2037-01-15,0.0003978419611978
2037-01-16,0.0003968497817738
2037-01-17,0.0003958539643952
2037-01-18,0.0003949361937806
2037-01-19,0.0003939893286182
2037-01-20,0.0003929683404926
2037-01-21,0.0003917839882799
2037-01-22,0.0008019984573637
2037-01-23,0.0003907067982344
2037-01-24,0.0003902320052431
2037-01-25,0.0016879538465426
2037-01-26,0.0021512099771973
2037-01-27,0.0003896937086876
2037-01-28,0.0003894480666128
2037-01-29,0.0023749279245875
2037-01-30,0.0012889524848136
2037-01-31,0.0014233565888139
2037-02-01,0.0003978754317362
2037-02-02,0.0008563779112521
2037-02-03,0.0003947071303411
2037-02-04,0.0003950926281886
2037-02-05,0.0003951256648489
2037-02-06,0.0003949361751278
2037-02-07,0.0003947355577296
2037-02-08,0.0003944488661696
2037-02-09,0.0026168732704703
2037-02-10,0.0015546592616607
2037-02-11,0.0003961732871712
2037-02-12,0.0003969496164505
2037-02-13,0.0003972416328581
2037-02-14,0.000397292725033
2037-02-15,0.0003971137385418
2037-02-16,0.0003968761466717
2037-02-17,0.0003964360974407
2037-02-18,0.0003959172859325
2037-02-19,0.0003954468701095
2037-02-20,0.0015107464236772
2037-02-21,0.0098133301756416
2037-02-22,0.0015294994775946
2037-02-23,0.0024998592706132
2037-02-24,0.0026038980596604
2037-02-25,0.0008917081451091
2037-02-26,0.0009251879791364
2037-02-27,0.0009868815417836
2037-02-28,0.0010050802551876
2037-03-01,0.0009868733547042
2037-03-02,0.0009468711462699
2037-03-03,0.0009055906872359
2037-03-04,0.0008638256527934
2037-03-05,0.0008125349362936
2037-03-06,0.0007571713574742
2037-03-07,0.000708418790207
2037-03-08,0.0018540080678049
2037-03-09,0.0047789723556869
2037-03-10,0.0031011903402546
2037-03-11,0.0044793960332641
2037-03-12,0.001092538504638
2037-03-13,0.0038614135337944
2037-03-14,0.0021364393154099
2037-03-15,0.0016415556113287
2037-03-16,0.0016684488652093
2037-03-17,0.0016227367829587
2037-03-18,0.0015387942577137
2037-03-19,0.0085971646205995
2037-03-20,0.0029935707904865
2037-03-21,0.0194449877152735
2037-03-22,0.0062710533957861
2037-03-23,0.0061515536590687
2037-03-24,0.0062752646168776
2037-03-25,0.0085788621039621
2037-03-26,0.0065887396514287
2037-03-27,0.0059661088249142
2037-03-28,0.0112976039830614
2037-03-29,0.0061387625514393
2037-03-30,0.0062492499241364
2037-03-31,0.0073869441242828
2037-04-01,0.0101910500940032
2037-04-02,0.007626881857938
2037-04-03,0.0064187103230094
2037-04-04,0.0061142253555449
2037-04-05,0.0055717797663766
2037-04-06,0.0049836026507641
2037-04-07,0.0044161596786913
2037-04-08,0.0104161239316241
2037-04-09,0.0061406858315159
2037-04-10,0.0046626511058266
2037-04-11,0.0046768216014287
2037-04-12,0.0043618313894233
2037-04-13,0.0039447711904051
2037-04-14,0.0035160338844923
2037-04-15,0.00310029926764
2037-04-16,0.0026990028903346
2037-04-17,0.0023069267075989
2037-04-18,0.0019526194464332
2037-04-19,0.0016476126362794
2037-04-20,0.0013801507475282
2037-04-21,0.0011532853377604
2037-04-22,0.0009766322728948
2037-04-23,0.0224681531551541
2037-04-24,0.0022390640887692
2037-04-25,0.0029270337420566
2037-04-26,0.0031961901321958
2037-04-27,0.0036896371935044
2037-04-28,0.0030422056461244
2037-04-29,0.0028149410131393
2037-04-30,0.0025331074491113
2037-05-01,0.0022825219262899
2037-05-02,0.0020620296150919
2037-05-03,0.0019025510134962
2037-05-04,0.001764087283389
2037-05-05,0.0044167175196249
2037-05-06,0.0048704782166899
2037-05-07,0.0020650656694455
2037-05-08,0.001875127766134
2037-05-09,0.0017478882283752
2037-05-10,0.0015680731609963
2037-05-11,0.0013831383822676
2037-05-12,0.0012461280193233
2037-05-13,0.0011527876930163
2037-05-14,0.0009884574099117
2037-05-15,0.0008320363895736
2037-05-16,0.0007041333243333
2037-05-17,0.0006005044693397
2037-05-18,0.0005139798405524
2037-05-19,0.0004560220905353
2037-05-20,0.0004260336721589
2037-05-21,0.0004109886107398
2037-05-22,0.0004066015123622
2037-05-23,0.0004032887531734
2037-05-24,0.0003996879612755
2037-05-25,0.0003961483504012
2037-05-26,0.0003922993342795
2037-05-27,0.0003884889841455
2037-05-28,0.0003847612683995
2037-05-29,0.0003809074811274
2037-05-30,0.0003766975494365
2037-05-31,0.0003725919965685
2037-06-01,0.0003684665319175
2037-06-02,0.0003641812253115
2037-06-03,0.0003596225903342
2037-06-04,0.0003549297778988
2037-06-05,0.0003503280383921
2037-06-06,0.0003456495618384
2037-06-07,0.0003410908900785
2037-06-08,0.0003365518216143
2037-06-09,0.0003322173158906
2037-06-10,0.0003277186070538
2037-06-11,0.0003231821800297
2037-06-12,0.0003185651559504
2037-06-13,0.0003139580635745
2037-06-14,0.0003092702122776
2037-06-15,0.0003045923650573
2037-06-16,0.0002999568377067
2037-06-17,0.0002952829559115
2037-06-18,0.0002904600467599
2037-06-19,0.0002857328241129
2037-06-20,0.0002808358245775
2037-06-21,0.000276061338509
2037-06-22,0.0002710269509297
2037-06-23,0.0002659426180535
2037-06-24,0.0002609840198036
2037-06-25,0.0002561691901595
2037-06-26,0.0002515692874206
2037-06-27,0.0002472874169217
2037-06-28,0.0002435184176141
2037-06-29,0.0002398099276098
2037-06-30,0.000235842137569
2037-07-01,0.0002318441987865
2037-07-02,0.0002280537999337
2037-07-03,0.0002244317565465
2037-07-04,0.000220915142825
2037-07-05,0.000217283135072
2037-07-06,0.000213702334589
2037-07-07,0.0002105207913332
2037-07-08,0.000207333544457
2037-07-09,0.0002043731517301
2037-07-10,0.0002015484228276
2037-07-11,0.0001989025158793
2037-07-12,0.0001963332049643
2037-07-13,0.0001936048491114
2037-07-14,0.0001906945567123
2037-07-15,0.0001878742385341
2037-07-16,0.0001851354034534
2037-07-17,0.0001825093888386
2037-07-18,0.0001800538261039
2037-07-19,0.0001776024288038
2037-07-20,0.000175139853113
2037-07-21,0.0001728606450331
2037-07-22,0.0001710173529475
2037-07-23,0.0001692557063342
2037-07-24,0.0001676950189499
2037-07-25,0.0001666326965107
2037-07-26,0.0001656313174987
2037-07-27,0.0001646934653318
2037-07-28,0.0001640174981511
2037-07-29,0.0001634209258492
2037-07-30,0.0001628017809151
2037-07-31,0.0001621317166365
2037-08-01,0.0001615949551996
2037-08-02,0.0001610842596414
2037-08-03,0.0001603388600342
2037-08-04,0.0001597019976774
2037-08-05,0.0001591877488124
2037-08-06,0.0001587537894938
2037-08-07,0.0001583841208247
2037-08-08,0.0001580638675915
2037-08-09,0.000157756188729
2037-08-10,0.0001574648406908
2037-08-11,0.0001572079408357
2037-08-12,0.0001570600648974
2037-08-13,0.0001569746150998
2037-08-14,0.0001568891959681
2037-08-15,0.0001568037461705
2037-08-16,0.0001567182963728
2037-08-17,0.0001566328772411
2037-08-18,0.0001565462028002
2037-08-19,0.0001564607836686
2037-08-20,0.0001563753338709
2037-08-21,0.0001562899147393
2037-08-22,0.0001562044956076
2037-08-23,0.00015611904581
2037-08-24,0.0001560348513216
2037-08-25,0.0001559499551682
2037-08-26,0.0001558645053705
2037-08-27,0.0001557790862389
2037-08-28,0.0001556936671072
2037-08-29,0.0001556087709538
2037-08-30,0.0001555245457994
2037-08-31,0.0001554391266678
2037-09-01,0.0001553542305143
2037-09-02,0.0001552700360259
2037-09-03,0.0001551851398725
2037-09-04,0.0001550997207409
2037-09-05,0.0001550160492307
2037-09-06,0.0001549306300991
2037-09-07,0.0001548469585889
2037-09-08,0.0001547615394573
2037-09-09,0.0001546778679471
2037-09-10,0.0001545924488154
2037-09-11,0.0001545087773053
2037-09-12,0.0001544238811519
2037-09-13,0.0001543402403077
2037-09-14,0.0001542548211761
2037-09-15,0.0001541711496659
2037-09-16,0.0001540874781557
2037-09-17,0.0001540026126683
2037-09-18,0.0001539184181799
2037-09-19,0.0001538347466698
2037-09-20,0.0001537511058256
2037-09-21,0.0001536674343155
2037-09-22,0.000153582568828
2037-09-23,0.0001534988973179
2037-09-24,0.0001534152564737
2037-09-25,0.0001533315849636
2037-09-26,0.0001532479441194
2037-09-27,0.0001531642726092
2037-09-28,0.0001530806317651
2037-09-29,0.0001529969602549
2037-09-30,0.0001529133194108
2037-10-01,0.0001528302015448
2037-10-02,0.0001527465300347
2037-10-03,0.0001526628891905
2037-10-04,0.0001525792483464
2037-10-05,0.0001524973551237
2037-10-06,0.0001524136836135
2037-10-07,0.0001523300427694
2037-10-08,0.0001522469249035
2037-10-09,0.0001521645087026
2037-10-10,0.0001520808678584
2037-10-11,0.0001519977499925
2037-10-12,0.0001519153337916
2037-10-13,0.0001518322159257
2037-10-14,0.0001517485750815
2037-10-15,0.0001516666818588
2037-10-16,0.0001515830410147
2037-10-17,0.000151501147792
2037-10-18,0.0001514175069478
2037-10-19,0.0001513356137252
2037-10-20,0.0001512524958593
2037-10-21,0.0001511701103244
2037-10-22,0.0001510882171017
2037-10-23,0.0001510050992358
2037-10-24,0.0001509232060131
2037-10-25,0.0001508408204782
2037-10-26,0.0001507577026123
2037-10-27,0.0001506758093896
2037-10-28,0.0001505939468329
2037-10-29,0.000150510828967
2037-10-30,0.0001504289664103
2037-10-31,0.0001503465502095
2037-11-01,0.0001502646876528
2037-11-02,0.0001501827944301
2037-11-03,0.0001793903279249
2037-11-04,0.0014264626440814
2037-11-05,0.0001499376990724
2037-11-06,0.0001498558058497
2037-11-07,0.000149773943293
2037-11-08,0.0001496920807364
2037-11-09,0.0001496102181797
2037-11-10,0.000149528324957
2037-11-11,0.0001494464624004
2037-11-12,0.0001493663474652
2037-11-13,0.0001492844849085
2037-11-14,0.003182026982227
2037-11-15,0.0001491250180352
2037-11-16,0.0001490528966018
2037-11-17,0.000148983224455
2037-11-18,0.0001489129119751
2037-11-19,0.0001488432704943
2037-11-20,0.0001487729273484
2037-11-21,0.0001487032858676
2037-11-22,0.0001486324197435
2037-11-23,0.0001485608212884
2037-11-24,0.0005756769712252
2037-11-25,0.0043813655165149
2037-11-26,0.0001484964255205
2037-11-27,0.0001487138844147
2037-11-28,0.0001489497542421
2037-11-29,0.0001491799318335
2037-11-30,0.000149395783354
2037-12-01,0.0001495956478708
2037-12-02,0.0001497793773633
2037-12-03,0.0001499465662079
2037-12-04,0.0001500958417406
2037-12-05,0.000150230354913
2037-12-06,0.000150350136391
2037-12-07,0.0001504551248427
2037-12-08,0.000150544649269
2037-12-09,0.000150624401906
2037-12-10,0.0001506943827538
2037-12-11,0.0001507563700997
2037-12-12,0.0001508090779686
2037-12-13,0.0001508525370264
2037-12-14,0.0001508856706507
2037-12-15,0.0001509113030854
2037-12-16,0.0001509291513711
2037-12-17,0.0001509407231106
2037-12-18,0.0018546276871923
2037-12-19,0.0027140069246466
2037-12-20,0.0001513400052366
2037-12-21,0.0001519156915453
2037-12-22,0.0001524974679404
2037-12-23,0.0001530432136681
2037-12-24,0.0001535420803166
2037-12-25,0.0001539973055263
2037-12-26,0.0001544094736074
2037-12-27,0.0011135673571181
2037-12-28,0.0003523002119307
2037-12-29,0.000155617169915
2037-12-30,0.000156068526962
2037-12-31,0.0001565023763206
2038-01-01,0.0001569012233844
2038-01-02,0.0001572627055556
2038-01-03,0.0001575953953372
2038-01-04,0.0001579012190374
2038-01-05,0.0001581728594627
2038-01-06,0.0001583966922071
2038-01-07,0.0001585798144931
2038-01-08,0.0049504002233527
2038-01-09,0.001312825364743
2038-01-10,0.0001621906477515
2038-01-11,0.0014612003691137
2038-01-12,0.0049332065364645
2038-01-13,0.0065821900963154
2038-01-14,0.0021583454907253
2038-01-15,0.000192887420351
2038-01-16,0.0001975754073557
2038-01-17,0.0002002651900232
2038-01-18,0.0002019286419709
2038-01-19,0.0015592370656765
2038-01-20,0.0022054437679877
2038-01-21,0.0002071485473151
2038-01-22,0.0002088582118893
2038-01-23,0.0002099691005845
2038-01-24,0.0002107048908186
2038-01-25,0.000211312159814
2038-01-26,0.0002118033310338
2038-01-27,0.0036493366177311
2038-01-28,0.0083849449756676
2038-01-29,0.0221997663989149
2038-01-30,0.0002626525273948
2038-01-31,0.0002723495423911
2038-02-01,0.00027582525206
2038-02-02,0.0002774832779133
2038-02-03,0.0002782633449501
2038-02-04,0.0002785648257147
2038-02-05,0.0002787445565629
2038-02-06,0.0002787392710977
2038-02-07,0.0002785701063403
2038-02-08,0.0002784154725049
2038-02-09,0.000278157381947
2038-02-10,0.0003516335244522
2038-02-11,0.0002781552845093
2038-02-12,0.0002778235175559
2038-02-13,0.0002773191200792
2038-02-14,0.0002766764140284
2038-02-15,0.0002758622007531
2038-02-16,0.0002750843415815
2038-02-17,0.0002742978309912
2038-02-18,0.0002734532289968
2038-02-19,0.0002725564040574
2038-02-20,0.0002714464528398
2038-02-21,0.0002703126278532
2038-02-22,0.0002691513708664
2038-02-23,0.000268037210466
2038-02-24,0.028590354763939
2038-02-25,0.0079229715457516
2038-02-26,0.0003184495724589
2038-02-27,0.0003255673593445
2038-02-28,0.0003285496372235
2038-03-01,0.0003301221216243
2038-03-02,0.0003308027643927
2038-03-03,0.0017790301527195
2038-03-04,0.0004402497525705
2038-03-05,0.000333603885786
2038-03-06,0.0032833411705905
2038-03-07,0.0132191514093495
2038-03-08,0.0041086598307752
2038-03-09,0.0044311091020904
2038-03-10,0.0003778775618299
2038-03-11,0.0159886899122944
2038-03-12,0.0154678994494647
2038-03-13,0.0026505266520958
2038-03-14,0.0031331515195973
2038-03-15,0.0031961469656041
2038-03-16,0.0045856729350995
2038-03-17,0.0033426302208556
2038-03-18,0.0031218540880039
2038-03-19,0.0029779663196611
2038-03-20,0.0027810048003364
2038-03-21,0.002586995852003
2038-03-22,0.0023910824704844
2038-03-23,0.0021789093979142
2038-03-24,0.0019712618327354
2038-03-25,0.0017711107019658
2038-03-26,0.001578190989672
2038-03-27,0.0014088491463776
2038-03-28,0.0012671518219239
2038-03-29,0.0011449370686952
2038-03-30,0.0010351587437892
2038-03-31,0.0009342839601353
2038-04-01,0.000832516432862
2038-04-02,0.0007298523309277
2038-04-03,0.0006462022674131
2038-04-04,0.000578333851309
2038-04-05,0.000525003561077
2038-04-06,0.0004825860054368
2038-04-07,0.0027404853910436
2038-04-08,0.0035402357505178
2038-04-09,0.0021648677891266
2038-04-10,0.0011423924744365
2038-04-11,0.0004920077942797
2038-04-12,0.0004879023847352
2038-04-13,0.000473858678685
2038-04-14,0.0004570653982073
2038-04-15,0.0004403989576572
2038-04-16,0.0004225673377913
2038-04-17,0.0004074984386885
2038-04-18,0.0003970255508499
2038-04-19,0.0003909107862639
2038-04-20,0.0003880358284164
2038-04-21,0.0003861954348677
2038-04-22,0.0003843401930774
2038-04-23,0.0003826387210412
2038-04-24,0.0003806378505964
2038-04-25,0.0003781440469533
2038-04-26,0.0003754627638205
2038-04-27,0.0003726694914749
2038-04-28,0.0019341637898336
2038-04-29,0.0012974993051568
2038-04-30,0.0003696972753217
2038-05-01,0.0003678217661608
2038-05-02,0.000365086431934
2038-05-03,0.0003617473828196
2038-05-04,0.0003581893619024
2038-05-05,0.0003545991032173
2038-05-06,0.0003508686824076
2038-05-07,0.0003471471223694
2038-05-08,0.0003434404027998
2038-05-09,0.0003399620596795
2038-05-10,0.0003369795737724
2038-05-11,0.0003336548000153
2038-05-12,0.0003298320860938
2038-05-13,0.0003261053416363
2038-05-14,0.0007143387189949
2038-05-15,0.0003226892922233
2038-05-16,0.000319372816164
2038-05-17,0.0003153656677755
2038-05-18,0.0003114295576137
2038-05-19,0.0003075833016001
2038-05-20,0.0003038107027833
2038-05-21,0.0002996968800796
2038-05-22,0.0002955587533895
2038-05-23,0.000291159965549
2038-05-24,0.0002868415990465
2038-05-25,0.000282885395948
2038-05-26,0.0002787964781781
2038-05-27,0.0002747408961594
2038-05-28,0.0002705085321937
2038-05-29,0.0002662183232993
2038-05-30,0.0002621858266543
2038-05-31,0.0002577018189076
2038-06-01,0.0002535228462471
2038-06-02,0.0002495510255597
2038-06-03,0.0002456050847557
2038-06-04,0.0002416934797492
2038-06-05,0.0002378453740208
2038-06-06,0.0002339690115805
2038-06-07,0.0002298041098064
2038-06-08,0.0002261178313039
2038-06-09,0.0002225775110949
2038-06-10,0.0002191099113679
2038-06-11,0.0002157715578224
2038-06-12,0.0002127312131206
2038-06-13,0.0002099502579097
2038-06-14,0.0002068522364306
2038-06-15,0.0002036395439047
2038-06-16,0.0002008112424404
2038-06-17,0.0001980958382786
2038-06-18,0.0001952721912898
2038-06-19,0.0001924801814466
2038-06-20,0.00018971596463
2038-06-21,0.0001870730357021
2038-06-22,0.0001847454357375
2038-06-23,0.0001824466878382
2038-06-24,0.0001801508021957
2038-06-25,0.0001781108092277
2038-06-26,0.0001763056758041
2038-06-27,0.0001745597590414
2038-06-28,0.0001725820949069
2038-06-29,0.0001706126904541
2038-06-30,0.0001689803424573
2038-07-01,0.0001677655672304
2038-07-02,0.0001665890924632
2038-07-03,0.0001652975066656
2038-07-04,0.0001640026063496
2038-07-05,0.0001628820231067
2038-07-06,0.0001620459608138
2038-07-07,0.0001612373125112
2038-07-08,0.0001605083530467
2038-07-09,0.0001600069398875
2038-07-10,0.0001595856172001
2038-07-11,0.0001591917559901
2038-07-12,0.000158862528872
2038-07-13,0.0001585714516876
2038-07-14,0.0001582853650742
2038-07-15,0.00015795261536
2038-07-16,0.0001575698086018
2038-07-17,0.0001572761694486
2038-07-18,0.0001570450177681
2038-07-19,0.0001568236325678
2038-07-20,0.0001566953509218
2038-07-21,0.0001566104241024
2038-07-22,0.0001565249743047
2038-07-23,0.0001564395551731
2038-07-24,0.0001563541053754
2038-07-25,0.000156269209222
2038-07-26,0.0001561837594244
2038-07-27,0.0001560983402927
2038-07-28,0.0001560134441393
2038-07-29,0.0001559279943416
2038-07-30,0.0001558430981882
2038-07-31,0.0001557576483906
2038-08-01,0.0001556727522371
2038-08-02,0.0001555873331055
2038-08-03,0.0001555024369521
2038-08-04,0.0001554169871544
2038-08-05,0.0001553333156443
2038-08-06,0.0001552478965126
2038-08-07,0.0001551630003592
2038-08-08,0.0001550781042058
2038-08-09,0.0001549939097174
2038-08-10,0.000154909013564
2038-08-11,0.0001548253420538
2038-08-12,0.0001547399229222
2038-08-13,0.0001546550267687
2038-08-14,0.0001545713552586
2038-08-15,0.0001544864591052
2038-08-16,0.000154402787595
2038-08-17,0.0001543178914416
2038-08-18,0.0001542342199314
2038-08-19,0.0001541505790873
2038-08-20,0.0001540656829339
2038-08-21,0.0001539820114237
2038-08-22,0.0001538971152703
2038-08-23,0.0001538134744261
2038-08-24,0.000153729802916
2038-08-25,0.0001536461314058
2038-08-26,0.0001535612659184
2038-08-27,0.0001534775944082
2038-08-28,0.0001533939228981
2038-08-29,0.0001533102820539
2038-08-30,0.0003007591511311
2038-08-31,0.0007730002693402
2038-09-01,0.0001692965126167
2038-09-02,0.0001529761803235
2038-09-03,0.0001528930624576
2038-09-04,0.0001528093909474
2038-09-05,0.0001527262730815
2038-09-06,0.0001526426322373
2038-09-07,0.0001525589607272
2038-09-08,0.0001524758428613
2038-09-09,0.0001523922020171
2038-09-10,0.0001523090534852
2038-09-11,0.0001522259356193
2038-09-12,0.0001521422947751
2038-09-13,0.0001520604015524
2038-09-14,0.0001519767607083
2038-09-15,0.0001518936428423
2038-09-16,0.0001518117496197
2038-09-17,0.0001517281087755
2038-09-18,0.0001516449909096
2038-09-19,0.0001515630976869
2038-09-20,0.000151479979821
2038-09-21,0.0001513963389768
2038-09-22,0.0001513144457542
2038-09-23,0.0001512313278883
2038-09-24,0.0001511494346656
2038-09-25,0.0001510663167997
2038-09-26,0.000150984423577
2038-09-27,0.0001509025610203
2038-09-28,0.0001508194431544
2038-09-29,0.0001507375499318
2038-09-30,0.0001506556567091
2038-10-01,0.0001505725695092
2038-10-02,0.0001504906762865
2038-10-03,0.0001504088137298
2038-10-04,0.0001503256958639
2038-10-05,0.0001502438026412
2038-10-06,0.0001501619400846
2038-10-07,0.0001500800468619
2038-10-08,0.0001499987072835
2038-10-09,0.0003339073911557
2038-10-10,0.0001498349515041
2038-10-11,0.0001497530582815
2038-10-12,0.0060733136227157
2038-10-13,0.0001496155098592
2038-10-14,0.0001495945171645
2038-10-15,0.0001495783056882
2038-10-16,0.0001495608695685
2038-10-17,0.0001495403998522
2038-10-18,0.0001495163735608
2038-10-19,0.001327957366471
2038-10-20,0.0089794933489347
2038-10-21,0.0152798157676136
2038-10-22,0.0148129761262165
2038-10-23,0.000206547788817
2038-10-24,0.0002148805088325
2038-10-25,0.0002179013289261
2038-10-26,0.0002191677447631
2038-10-27,0.0002197183342619
2038-10-28,0.0009252015936011
2038-10-29,0.0086072558757786
2038-10-30,0.0002288026140844
2038-10-31,0.0002339755095279
2038-11-01,0.0002363386866853
2038-11-02,0.0002375195500669
2038-11-03,0.0002381010062844
2038-11-04,0.0002382826921074
2038-11-05,0.0002382787016622
2038-11-06,0.0004360198137509
2038-11-07,0.0002388130863516
2038-11-08,0.0002384999741274
2038-11-09,0.0002378795394792
2038-11-10,0.000237373162641
2038-11-11,0.0002366795806093
2038-11-12,0.0002358367320099
2038-11-13,0.000234955893731
2038-11-14,0.0002341014766635
2038-11-15,0.0002332846411883
2038-11-16,0.0002324965428874
2038-11-17,0.0002317327456829
2038-11-18,0.0002309733731305
2038-11-19,0.0002303481245188
2038-11-20,0.0134730833993057
2038-11-21,0.0043737198087656
2038-11-22,0.0026177513001149
2038-11-23,0.0019802388009344
2038-11-24,0.0012478319429299
2038-11-25,0.0010321799003712
2038-11-26,0.0004805000453309
2038-11-27,0.0002759333496998
2038-11-28,0.0002776149565612
2038-11-29,0.000278555861104
2038-11-30,0.0002789914294145
2038-12-01,0.0002789269182467
2038-12-02,0.0002787196186374
2038-12-03,0.000278511013854
2038-12-04,0.0002783441884199
2038-12-05,0.0002782670649068
2038-12-06,0.000278153016062
2038-12-07,0.0002779430492743
2038-12-08,0.0002776439894251
2038-12-09,0.0002772960239946
2038-12-10,0.0002769475163871
2038-12-11,0.0002765810885436
2038-12-12,0.0002763783277528
2038-12-13,0.0012036007302982
2038-12-14,0.0034724788966006
2038-12-15,0.0012637161716875
2038-12-16,0.0002787201795604
2038-12-17,0.0002803264722257
2038-12-18,0.0002817445808083
2038-12-19,0.0002829646975436
2038-12-20,0.0002840171698663
2038-12-21,0.0002900734612802
2038-12-22,0.0002857360612873
2038-12-23,0.0002864467711606
2038-12-24,0.0002997056049921
2038-12-25,0.0003568521399261
2038-12-26,0.0005936972573257
2038-12-27,0.0007132335762675
2038-12-28,0.000569806745003
2038-12-29,0.0005378160998023
2038-12-30,0.0005629413356763
2038-12-31,0.003528910797843
2039-01-01,0.0171947545203024
2039-01-02,0.023740085496067
2039-01-03,0.0102395143325467
2039-01-04,0.0007032880372221
2039-01-05,0.0169983089190819
2039-01-06,0.0054695402191421
2039-01-07,0.0012712525600863
2039-01-08,0.0017150268558257
2039-01-09,0.0020188191839818
2039-01-10,0.0021667470620537
2039-01-11,0.0022797507824019
2039-01-12,0.0029115695471877
2039-01-13,0.0038501298219265
2039-01-14,0.004630451742875
2039-01-15,0.0025260849790673
2039-01-16,0.0028098166944993
2039-01-17,0.0027486401097892
2039-01-18,0.0032833116936051
2039-01-19,0.0042768446759615
2039-01-20,0.0064943527418859
2039-01-21,0.006194119692868
2039-01-22,0.0043382498212814
2039-01-23,0.0042662966684441
2039-01-24,0.0042001396815649
2039-01-25,0.003983578336574
2039-01-26,0.0037098230425442
2039-01-27,0.003441591895032
2039-01-28,0.0031892328050551
2039-01-29,0.0029747957964458
2039-01-30,0.0027842170297858
2039-01-31,0.002575576848272
2039-02-01,0.0023736336121664
2039-02-02,0.0021983007486357
2039-02-03,0.0048139604858862
2039-02-04,0.0020178030096216
2039-02-05,0.0019322499856844
2039-02-06,0.0018490785534226
2039-02-07,0.0017633926624738
2039-02-08,0.0016819383849394
2039-02-09,0.0015994786866307
2039-02-10,0.0015215573611484
2039-02-11,0.0014446339747333
2039-02-12,0.0013571522382562
2039-02-13,0.001274062485243
2039-02-14,0.0012019760965128
2039-02-15,0.0118929529749128
2039-02-16,0.001570516585383
2039-02-17,0.0019675386846709
2039-02-18,0.008762711202144
2039-02-19,0.0050801985993947
2039-02-20,0.0035931328981047
2039-02-21,0.0121813441307085
2039-02-22,0.0158575331988142
2039-02-23,0.009283075187021
2039-02-24,0.0094935947301692
2039-02-25,0.0091395130624764
2039-02-26,0.0085716647161788
2039-02-27,0.0079124839480624
2039-02-28,0.0072399231038442
2039-03-01,0.0150809661297671
2039-03-02,0.014016616947619
2039-03-03,0.0093253897081965
2039-03-04,0.0094930069908028
2039-03-05,0.0089788298014913
2039-03-06,0.0082481425544258
2039-03-07,0.0074832297125843
2039-03-08,0.006730191858597
2039-03-09,0.0060239754898909
2039-03-10,0.0053584453172436
2039-03-11,0.0047600944761888
2039-03-12,0.0042246150916751
2039-03-13,0.0037430005736595
2039-03-14,0.0033212176639162
2039-03-15,0.0029525235318271
2039-03-16,0.0026233039878268
2039-03-17,0.0023571849441847
2039-03-18,0.0082012833371324
2039-03-19,0.0072392609593238
2039-03-20,0.0099190570495895
2039-03-21,0.0042682230180995
2039-03-22,0.0047808837840282
2039-03-23,0.004708445662118
2039-03-24,0.0044291891448363
2039-03-25,0.0040735266584631
2039-03-26,0.0036925224319903
2039-03-27,0.0033224875651042
2039-03-28,0.0029809814004291
2039-03-29,0.0026649044448834
2039-03-30,0.0023638762256504
2039-03-31,0.0020821126146917
2039-04-01,0.0018233167528856
2039-04-02,0.003813863532145
2039-04-03,0.0039301986335848
2039-04-04,0.0043262028660742
2039-04-05,0.0017440404616803
2039-04-06,0.0035378425662704
2039-04-07,0.0105948415150831
2039-04-08,0.003567017211459
2039-04-09,0.0037423967446234
2039-04-10,0.0038245042401437
2039-04-11,0.0036485405030219
2039-04-12,0.0033686266942313
2039-04-13,0.0030564257944626
2039-04-14,0.0028261887105944
2039-04-15,0.0035467961084981
2039-04-16,0.0025096979639639
2039-04-17,0.002236369469972
2039-04-18,0.0019611446510187
2039-04-19,0.0017175091350761
2039-04-20,0.001493110774313
2039-04-21,0.0060772649707488
2039-04-22,0.0286316051831606
2039-04-23,0.0058181807095613
2039-04-24,0.0066981072948525
2039-04-25,0.006352549335692
2039-04-26,0.0057930977562861
2039-04-27,0.0052803774673414
2039-04-28,0.0070246433165938
2039-04-29,0.0249260894251659
2039-04-30,0.0111223258239492
2039-05-01,0.0104691629827981
2039-05-02,0.0097690681735361
2039-05-03,0.0086039310357713
2039-05-04,0.0075807953173059
2039-05-05,0.0067449989325933
2039-05-06,0.0058594239163156
2039-05-07,0.0050406325744539
2039-05-08,0.0054230384830966
2039-05-09,0.0052533209114646
2039-05-10,0.0128843014809774
2039-05-11,0.0047345774578815
2039-05-12,0.0049586006692148
2039-05-13,0.0223548872120414
2039-05-14,0.0150572353932005
2039-05-15,0.0112325016466064
2039-05-16,0.0109083688386914
2039-05-17,0.0097186733135893
2039-05-18,0.0084006326287036
2039-05-19,0.0071743684970303
2039-05-20,0.0060843465560703
2039-05-21,0.0051104717769877
2039-05-22,0.004230813578078
2039-05-23,0.0034653681637429
2039-05-24,0.0028298736208056
2039-05-25,0.0022954801902767
2039-05-26,0.001840905840673
2039-05-27,0.001464269731608
2039-05-28,0.0011546225641388
2039-05-29,0.0009098972646413
2039-05-30,0.0007260399915948
2039-05-31,0.0005860860645624
2039-06-01,0.0004918627218543
2039-06-02,0.0004400071509317
2039-06-03,0.0004173588604946
2039-06-04,0.0004101081473658
2039-06-05,0.0004063031005794
2039-06-06,0.0004021221236975
2039-06-07,0.0003976443387903
2039-06-08,0.0003934350433982
2039-06-09,0.0003893702640215
2039-06-10,0.0003852994399629
2039-06-11,0.000381145486145
2039-06-12,0.0003769944522219
2039-06-13,0.0003721870082878
2039-06-14,0.0003675485311394
2039-06-15,0.0003628460291018
2039-06-16,0.0003581017628764
2039-06-17,0.0003533002651665
2039-06-18,0.0003484033634471
2039-06-19,0.0003434762488089
2039-06-20,0.0003388016018544
2039-06-21,0.0003339392300825
2039-06-22,0.0003287915517722
2039-06-23,0.0003237782987119
2039-06-24,0.0003187726953296
2039-06-25,0.0003135059732261
2039-06-26,0.0003082855344212
2039-06-27,0.0003031263216184
2039-06-28,0.0002980412653348
2039-06-29,0.0002928759206555
2039-06-30,0.0002877646806739
2039-07-01,0.0002827619383149
2039-07-02,0.0002776181453251
2039-07-03,0.0002725506241661
2039-07-04,0.0002676147506895
2039-07-05,0.0002626527508095
2039-07-06,0.0002577511002772
2039-07-07,0.0002528696460607
2039-07-08,0.0002482048291177
2039-07-09,0.0002440508152365
2039-07-10,0.0002401087229965
2039-07-11,0.000236259105019
2039-07-12,0.0002325276640325
2039-07-13,0.0002287848090968
2039-07-14,0.0002253040791662
2039-07-15,0.0002218073364936
2039-07-16,0.0002184143744441
2039-07-17,0.0002151895405836
2039-07-18,0.0002120626735967
2039-07-19,0.0002092273811585
2039-07-20,0.0002065519355617
2039-07-21,0.0002040620198272
2039-07-22,0.0002014192388168
2039-07-23,0.0002206234743674
2039-07-24,0.0001976909469183
2039-07-25,0.0001950414236366
2039-07-26,0.0001924860413235
2039-07-27,0.0001901749320801
2039-07-28,0.000187906517664
2039-07-29,0.0001856375323599
2039-07-30,0.0001834312116002
2039-07-31,0.0001811547055709
2039-08-01,0.0001788800522018
2039-08-02,0.0001768545116042
2039-08-03,0.0001749865712887
2039-08-04,0.0001733181373473
2039-08-05,0.0001719447306798
2039-08-06,0.0001707220069921
2039-08-07,0.0001693209025673
2039-08-08,0.0001677715738786
2039-08-09,0.0001666950606502
2039-08-10,0.0001658890609339
2039-08-11,0.0001650195347571
2039-08-12,0.0001639949152641
2039-08-13,0.0001631779428156
2039-08-14,0.0001625855023541
2039-08-15,0.0001620575370024
2039-08-16,0.0001614889417646
2039-08-17,0.0001609247274307
2039-08-18,0.0001603610238004
2039-08-19,0.0001598328830746
2039-08-20,0.0001594185613289
2039-08-21,0.0001590707685515
2039-08-22,0.0001587320512075
2039-08-23,0.0001583567544795
2039-08-24,0.000158000630493
2039-08-25,0.0001577190326293
2039-08-26,0.000157446418201
2039-08-27,0.0001572052003906
2039-08-28,0.0001570364748508
2039-08-29,0.0001569510557192
2039-08-30,0.0001568656059215
2039-08-31,0.0001567801867898
2039-09-01,0.0001566947369922
2039-09-02,0.0001566092871946
2039-09-03,0.0001565238680629
2039-09-04,0.0001564384182653
2039-09-05,0.0001563529991336
2039-09-06,0.000156267549336
2039-09-07,0.0001561821302043
2039-09-08,0.0001560967110726
2039-09-09,0.0013199762420771
2039-09-10,0.0002440246812867
2039-09-11,0.0001558409459899
2039-09-12,0.0001557554961923
2039-09-13,0.0001556713017039
2039-09-14,0.0001555864055505
2039-09-15,0.0001555009864188
2039-09-16,0.0001554167919304
2039-09-17,0.000155331895777
2039-09-18,0.0001552464459794
2039-09-19,0.000155162251491
2039-09-20,0.0001550773553375
2039-09-21,0.0001549931608492
2039-09-22,0.0001549082646957
2039-09-23,0.0001548240702073
2039-09-24,0.0001547391740539
2039-09-25,0.0001546555025438
2039-09-26,0.0001545701140781
2039-09-27,0.000154486442568
2039-09-28,0.0001544010234363
2039-09-29,0.0001543173519261
2039-09-30,0.000154233680416
2039-10-01,0.0001541487842626
2039-10-02,0.0001540646204402
2039-10-03,0.00015398094893
2039-10-04,0.0001538972774199
2039-10-05,0.0001538124119324
2039-10-06,0.0001537287404223
2039-10-07,0.0001536445459339
2039-10-08,0.0001535609050897
2039-10-09,0.0001534772335796
2039-10-10,0.0001533935927354
2039-10-11,0.0001533099212253
2039-10-12,0.0001532262803811
2039-10-13,0.000153142608871
2039-10-14,0.0001530589680268
2039-10-15,0.0001529758501609
2039-10-16,0.0001528921786507
2039-10-17,0.0001528085378065
2039-10-18,0.0001527248662964
2039-10-19,0.0001526412254522
2039-10-20,0.0001525575846081
2039-10-21,0.0001524744667421
2039-10-22,0.0001523920198753
2039-10-23,0.0001523083790311
2039-10-24,0.0001522252611652
2039-10-25,0.000152141620321
2039-10-26,0.0001520592041201
2039-10-27,0.0009211684084549
2039-10-28,0.00015189244541
2039-10-29,0.0001518105521874
2039-10-30,0.0001517269113432
2039-10-31,0.0001516444951423
2039-11-01,0.0001515613772764
2039-11-02,0.0001514794840537
2039-11-03,0.0001513958432096
2039-11-04,0.0001513139499869
2039-11-05,0.0001512303091427
2039-11-06,0.0001511484159201
2039-11-07,0.0001510665533634
2039-11-08,0.0001509829125192
2039-11-09,0.0001509010192966
2039-11-10,0.0001508191260739
2039-11-11,0.0001507372635172
2039-11-12,0.0001506541456513
2039-11-13,0.0001505717601164
2039-11-14,0.0001504898668938
2039-11-15,0.0001504079736711
2039-11-16,0.0001503261111144
2039-11-17,0.0001502442178918
2039-11-18,0.0001501611306918
2039-11-19,0.0001500792374692
2039-11-20,0.0001499973749125
2039-11-21,0.0001499154816898
2039-11-22,0.0001498336191332
2039-11-23,0.0001497517565765
2039-11-24,0.0001496698633538
2039-11-25,0.0003936433576086
2039-11-26,0.0014046524045537
2039-11-27,0.0004237234372237
2039-11-28,0.0001493441607487
2039-11-29,0.0001492635228353
2039-11-30,0.0001491834079001
2039-12-01,0.0001491015760094
2039-12-02,0.0001490214610743
2039-12-03,0.0001489413768051
2039-12-04,0.0001488607388917
2039-12-05,0.0001487793993132
2039-12-06,0.0001486987920658
2039-12-07,0.0001486186771307
2039-12-08,0.0001485385928615
2039-12-09,0.0001484579549481
2039-12-10,0.0001483766460356
2039-12-11,0.0001482965617665
2039-12-12,0.0001482164468313
2039-12-13,0.0001481358395839
2039-12-14,0.0001480557246487
2039-12-15,0.0001479756403795
2039-12-16,0.0001478955254444
2039-12-17,0.0001478154411752
2039-12-18,0.0001477336092845
2039-12-19,0.0001476534943494
2039-12-20,0.0045491648109198
2039-12-21,0.0059048789154027
2039-12-22,0.0001483635929586
2039-12-23,0.0228678010067307
2039-12-24,0.0075887677840142
2039-12-25,0.001117213134391
2039-12-26,0.0006544591208752
2039-12-27,0.0004624894860272
2039-12-28,0.0002155869581223
2039-12-29,0.0002174580940343
2039-12-30,0.0002186079934793
2039-12-31,0.0002192739419278
2040-01-01,0.0002197733393627
2040-01-02,0.0002202418741576
2040-01-03,0.0002205456370752
2040-01-04,0.0002205971456544
2040-01-05,0.0004091660799345
2040-01-06,0.0111539840835601
2040-01-07,0.0002292402015313
2040-01-08,0.0002360133500282
2040-01-09,0.0002394954151209
2040-01-10,0.0002416596330504
2040-01-11,0.0004242707703502
2040-01-12,0.0002445842906808
2040-01-13,0.0002453353470133
2040-01-14,0.0002458331304903
2040-01-15,0.0002459179914314
2040-01-16,0.0002458085802825
2040-01-17,0.0002458952272841
2040-01-18,0.000246067666337
2040-01-19,0.0002459415162319
2040-01-20,0.0030137099494443
2040-01-21,0.0058897840480055
2040-01-22,0.0025938687338419
2040-01-23,0.0325762507613532
2040-01-24,0.0030942303980528
2040-01-25,0.0102245968494899
2040-01-26,0.000341949570639
2040-01-27,0.0011822117411752
2040-01-28,0.0083993863964985
2040-01-29,0.0003656930454896
2040-01-30,0.0052703170158854
2040-01-31,0.0031421504453006
2040-02-01,0.0003953103374676
2040-02-02,0.0003963715224652
2040-02-03,0.0123142877468921
2040-02-04,0.0007279279776987
2040-02-05,0.0010377015620222
2040-02-06,0.0011806695861059
2040-02-07,0.0012425587194472
2040-02-08,0.0012606858629462
2040-02-09,0.0012516309312084
2040-02-10,0.0012332386685709
2040-02-11,0.0211796951152237
2040-02-12,0.0154138987935173
2040-02-13,0.0187673055304599
2040-02-14,0.0303176334602143
2040-02-15,0.0166015986148163
2040-02-16,0.0248692636455784
2040-02-17,0.024185037722118
2040-02-18,0.019206135568719
2040-02-19,0.0179809810331214
2040-02-20,0.0160911368620587
2040-02-21,0.0142310545422187
2040-02-22,0.012531860010352
2040-02-23,0.0110240738930923
2040-02-24,0.0211068145498167
2040-02-25,0.0108926699215766
2040-02-26,0.0111004410951813
2040-02-27,0.0246667983405859
2040-02-28,0.0136764023538762
2040-02-29,0.0138858772451351
2040-03-01,0.0127832004079103
2040-03-02,0.0114618487755754
2040-03-03,0.0101961442297201
2040-03-04,0.0090766907769605
2040-03-05,0.0081214503538276
2040-03-06,0.0119561960076746
2040-03-07,0.0115096503737244
2040-03-08,0.0075738866793488
2040-03-09,0.0076079735302489
2040-03-10,0.0072234976553681
2040-03-11,0.0067070369988919
2040-03-12,0.0061812388727624
2040-03-13,0.0056983092142065
2040-03-14,0.0051916191640363
2040-03-15,0.0046914078700645
2040-03-16,0.0042229988975392
2040-03-17,0.0037771144284477
2040-03-18,0.003362547591115
2040-03-19,0.0029926535614052
2040-03-20,0.0026621400473549
2040-03-21,0.0027838677391954
2040-03-22,0.0022571746189171
2040-03-23,0.0020110112006272
2040-03-24,0.0017807011849548
2040-03-25,0.0015872117246891
2040-03-26,0.0013996227546683
2040-03-27,0.0024902069517487
2040-03-28,0.0011804361858079
2040-03-29,0.001072896747801
2040-03-30,0.0009647510316985
2040-03-31,0.000856752035631
2040-04-01,0.0007492127636934
2040-04-02,0.0006484452448279
2040-04-03,0.0005739456294918
2040-04-04,0.0005255589762865
2040-04-05,0.0004908792952319
2040-04-06,0.0004558802559642
2040-04-07,0.0004310655085074
2040-04-08,0.0009085933088595
2040-04-09,0.0004153651539343
2040-04-10,0.000410923738356
2040-04-11,0.0004076536499302
2040-04-12,0.0004050520225503
2040-04-13,0.0004022983579177
2040-04-14,0.0003995010727015
2040-04-15,0.0003966637864235
2040-04-16,0.000393833147955
2040-04-17,0.0003909510258381
2040-04-18,0.0003880548299437
2040-04-19,0.00038494669113
2040-04-20,0.0036735831316498
2040-04-21,0.0032924012560803
2040-04-22,0.0015321190555082
2040-04-23,0.0003821188408219
2040-04-24,0.0003808589340436
2040-04-25,0.0003795150016529
2040-04-26,0.0229161750203692
2040-04-27,0.0071003654749677
2040-04-28,0.0010518163718064
2040-04-29,0.0009329211951061
2040-04-30,0.0010254655108914
2040-05-01,0.0010230261055909
2040-05-02,0.0009611300584604
2040-05-03,0.0008741312449337
2040-05-04,0.0007760063507228
2040-05-05,0.0006901395921018
2040-05-06,0.0024594950137664
2040-05-07,0.0186571593713848
2040-05-08,0.0355403260028834
2040-05-09,0.0135893426025748
2040-05-10,0.0119015436954473
2040-05-11,0.0114191736907083
2040-05-12,0.0100851262984838
2040-05-13,0.0086451388649574
2040-05-14,0.0073630813708899
2040-05-15,0.0061834581171269
2040-05-16,0.0051475347239982
2040-05-17,0.0042945287440315
2040-05-18,0.0035668720158191
2040-05-19,0.0029627800439888
2040-05-20,0.0024616137481537
2040-05-21,0.0020690980261176
2040-05-22,0.0017260899147709
2040-05-23,0.0014329436526692
2040-05-24,0.0012158364197463
2040-05-25,0.0011950853565613
2040-05-26,0.0009979179539269
2040-05-27,0.0008137097707945
2040-05-28,0.0006630707524756
2040-05-29,0.0005549267372714
2040-05-30,0.0004771832420959
2040-05-31,0.0004327466345253
2040-06-01,0.0004124493650851
2040-06-02,0.0004062944242338
2040-06-03,0.0004020532628014
2040-06-04,0.000397668854594
2040-06-05,0.0003932187445925
2040-06-06,0.000388727334898
2040-06-07,0.0003842662031104
2040-06-08,0.000379955335597
2040-06-09,0.0003756890749481
2040-06-10,0.000371393123974
2040-06-11,0.0003667013255572
2040-06-12,0.0003617616279678
2040-06-13,0.0003569389988475
2040-06-14,0.0003520893667109
2040-06-15,0.0003472922290529
2040-06-16,0.0003427857344522
2040-06-17,0.0003380392291005
2040-06-18,0.0003333951238965
2040-06-19,0.0003285424733245
2040-06-20,0.0003235449371303
2040-06-21,0.0003183999649846
2040-06-22,0.0003132070228248
2040-06-23,0.0003080195381499
2040-06-24,0.000302887621903
2040-06-25,0.0002976767234491
2040-06-26,0.0002924715654811
2040-06-27,0.0002873842569476
2040-06-28,0.0002821878215443
2040-06-29,0.0002769538241703
2040-06-30,0.0002716148072558
2040-07-01,0.0002665914557369
2040-07-02,0.000261533592493
2040-07-03,0.0002566056133442
2040-07-04,0.0002517491484225
2040-07-05,0.0002471548975214
2040-07-06,0.0002430697542649
2040-07-07,0.0002390567317236
2040-07-08,0.0002351531791961
2040-07-09,0.0002313051407716
2040-07-10,0.0002274818859034
2040-07-11,0.0002236606677743
2040-07-12,0.0002199607281459
2040-07-13,0.0002164392653729
2040-07-14,0.0002131554625603
2040-07-15,0.0002099695211598
2040-07-16,0.0002069976252544
2040-07-17,0.0002041017717348
2040-07-18,0.0002015809059055
2040-07-19,0.0001991789031862
2040-07-20,0.0001968138401112
2040-07-21,0.000194351733878
2040-07-22,0.000191736707195
2040-07-23,0.0001890468713468
2040-07-24,0.0001863156240999
2040-07-25,0.0001838517533859
2040-07-26,0.0001815835769061
2040-07-27,0.0001796175434002
2040-07-28,0.0001780360394645
2040-07-29,0.0001764866636734
2040-07-30,0.0001747081084268
2040-07-31,0.0001729683193618
2040-08-01,0.0001717122624664
2040-08-02,0.0001707284691684
2040-08-03,0.0001697704428591
2040-08-04,0.0001687205659271
2040-08-05,0.0001676327913134
2040-08-06,0.0001665590965938
2040-08-07,0.0001655217191539
2040-08-08,0.0001644846954348
2040-08-09,0.0001634288797084
2040-08-10,0.0001624764503659
2040-08-11,0.0001616357137718
2040-08-12,0.0001609371375195
2040-08-13,0.0001603362856995
2040-08-14,0.0001598351144789
2040-08-15,0.0001594210094329
2040-08-16,0.0001590399779096
2040-08-17,0.0001587017782347
2040-08-18,0.000158405305965
2040-08-19,0.0001581470249546
2040-08-20,0.0001579172578761
2040-08-21,0.0001577104368137
2040-08-22,0.0001575272180695
2040-08-23,0.0001573620111331
2040-08-24,0.0001572128798856
2040-08-25,0.0001570796996665
2040-08-26,0.0001569807787929
2040-08-27,0.0001568953289953
2040-08-28,0.0001568093868854
2040-08-29,0.0001567239370877
2040-08-30,0.0001566385179561
2040-08-31,0.0001565530681584
2040-09-01,0.0001564676490268
2040-09-02,0.0001563814975641
2040-09-03,0.0001562973030757
2040-09-04,0.0001562118532781
2040-09-05,0.0001561264341464
2040-09-06,0.0001560410150147
2040-09-07,0.0001559555652171
2040-09-08,0.0001558706690637
2040-09-09,0.000155785249932
2040-09-10,0.0001556998308004
2040-09-11,0.000155615605646
2040-09-12,0.0001555307094926
2040-09-13,0.0001554452903609
2040-09-14,0.0001553598712293
2040-09-15,0.0001552761997191
2040-09-16,0.0001551907805874
2040-09-17,0.000155105884434
2040-09-18,0.0001550216899456
2040-09-19,0.0001549367937922
2040-09-20,0.0001548525993038
2040-09-21,0.0001547677031504
2040-09-22,0.000154683508662
2040-09-23,0.0001545986125086
2040-09-24,0.0001545149409984
2040-09-25,0.0001544295218668
2040-09-26,0.0001543458503566
2040-09-27,0.0001542622095125
2040-09-28,0.000154177313359
2040-09-29,0.0001540931188707
2040-09-30,0.0001540094473605
2040-10-01,0.0001539245818731
2040-10-02,0.0001538409103629
2040-10-03,0.0001537572388528
2040-10-04,0.0001536735980086
2040-10-05,0.0001535899264985
2040-10-06,0.0001535045380328
2040-10-07,0.0001534208665226
2040-10-08,0.0001533372256785
2040-10-09,0.0001532535541683
2040-10-10,0.0001531704363024
2040-10-11,0.0001530867647922
2040-10-12,0.0001530031239481
2040-10-13,0.0001529194831039
2040-10-14,0.0001528358115938
2040-10-15,0.0001527521707496
2040-10-16,0.0001526697545487
2040-10-17,0.0001525866366828
2040-10-18,0.0029182199665582
2040-10-19,0.010263928241302
2040-10-20,0.0012101136187049
2040-10-21,0.0030002781768878
2040-10-22,0.0003944384237512
2040-10-23,0.0001640963618103
2040-10-24,0.0001664491282574
2040-10-25,0.0001679340297494
2040-10-26,0.000168825051853
2040-10-27,0.0001693295799791
2040-10-28,0.0001696074126365
2040-10-29,0.0001697282636821
2040-10-30,0.0001697332071062
2040-10-31,0.0001696847344568
2040-11-01,0.000169675442619
2040-11-02,0.0001696229051549
2040-11-03,0.0001694984347551
2040-11-04,0.000169322394018
2040-11-05,0.0001690943519634
2040-11-06,0.0001688516779854
2040-11-07,0.0001686067841213
2040-11-08,0.0001683306309972
2040-11-09,0.0001680374579952
2040-11-10,0.0001677448210536
2040-11-11,0.000167468866664
2040-11-12,0.0001671839848618
2040-11-13,0.0003133616280776
2040-11-14,0.0007952357606132
2040-11-15,0.0008614097470237
2040-11-16,0.0001671116982466
2040-11-17,0.0001670679631949
2040-11-18,0.0002841936750931
2040-11-19,0.0128309682441892
2040-11-20,0.0035102172535004
2040-11-21,0.0005319569650203
2040-11-22,0.0003810408283589
2040-11-23,0.0086902109341075
2040-11-24,0.0073075608880587
2040-11-25,0.0336982732090763
2040-11-26,0.0003060698249514
2040-11-27,0.0416541203146298
2040-11-28,0.0123724046036663
2040-11-29,0.0003796882714078
2040-11-30,0.0136533054619845
2040-12-01,0.0126748560027589
2040-12-02,0.0070374878077881
2040-12-03,0.0027099495478744
2040-12-04,0.0031806209222447
2040-12-05,0.0046419208524748
2040-12-06,0.0035185449611267
2040-12-07,0.0035122820791831
2040-12-08,0.0034798338174422
2040-12-09,0.0035449311304707
2040-12-10,0.0033590925856057
2040-12-11,0.0032695824819142
2040-12-12,0.0031616287053717
2040-12-13,0.0030668054148777
2040-12-14,0.0030103941743634
2040-12-15,0.0030525188520342
2040-12-16,0.0026818942170192
2040-12-17,0.0025159092285425
2040-12-18,0.0164023330193238
2040-12-19,0.0379457729481548
2040-12-20,0.0173259741364816
2040-12-21,0.0154829039215371
2040-12-22,0.0147788095280533
2040-12-23,0.0134911686265416
2040-12-24,0.0120996751143377
2040-12-25,0.0107784301836272
2040-12-26,0.0096059070571862
2040-12-27,0.0086208427742365
2040-12-28,0.0122559528420844
2040-12-29,0.0226926063010816
2040-12-30,0.0151297826564773
2040-12-31,0.0130187773460605
2041-01-01,0.0129674435876548
2041-01-02,0.0122137758444821
2041-01-03,0.011300267025846
2041-01-04,0.0103877126187659
2041-01-05,0.0107129005246686
2041-01-06,0.0087829427240603
2041-01-07,0.0081416450630412
2041-01-08,0.007560914098317
2041-01-09,0.0072033421255934
2041-01-10,0.0072010974631457
2041-01-11,0.0075095351279971
2041-01-12,0.0089494807415023
2041-01-13,0.0087297450960806
2041-01-14,0.0092121762209264
2041-01-15,0.0094522065038021
2041-01-16,0.0088418096257319
2041-01-17,0.0079662632504749
2041-01-18,0.0076053622466549
2041-01-19,0.0072173215013391
2041-01-20,0.0098582294877684
2041-01-21,0.0066286118655803
2041-01-22,0.0064684748771033
2041-01-23,0.0061791580105271
2041-01-24,0.005880981555116
2041-01-25,0.0065244533178178
2041-01-26,0.0070569390032601
2041-01-27,0.028683915755004
2041-01-28,0.0130137864907135
2041-01-29,0.0123999336163196
2041-01-30,0.0119489650890197
2041-01-31,0.0110308460967746
2041-02-01,0.0100127132403232
2041-02-02,0.0217143200200142
2041-02-03,0.0109806621214697
2041-02-04,0.0139064757831078
2041-02-05,0.0123292340779801
2041-02-06,0.0110685718580194
2041-02-07,0.010411899344719
2041-02-08,0.009598383408531
2041-02-09,0.0087709931352527
2041-02-10,0.0079669828543732
2041-02-11,0.0072379170150351
2041-02-12,0.0065949134792839
2041-02-13,0.0060141830561956
2041-02-14,0.0054716794469308
2041-02-15,0.0049724778509216
2041-02-16,0.004531347981947
2041-02-17,0.0041208074545458
2041-02-18,0.0037466878067018
2041-02-19,0.0041786500240989
2041-02-20,0.0064590599959592
2041-02-21,0.0035130527010701
2041-02-22,0.0034306390540419
2041-02-23,0.0030416066074719
2041-02-24,0.0029326722285569
2041-02-25,0.002815303458589
2041-02-26,0.0026786519295154
2041-02-27,0.0025242054764573
2041-02-28,0.0023669631162342
2041-03-01,0.002204201842192
2041-03-02,0.0020288088904524
2041-03-03,0.0018602029617791
2041-03-04,0.0017028481864849
2041-03-05,0.0015652753715607
2041-03-06,0.0087160584299838
2041-03-07,0.0120491923448392
2041-03-08,0.0200713704158784
2041-03-09,0.0117850646388568
2041-03-10,0.0104964231418231
2041-03-11,0.0101112783600682
2041-03-12,0.0096240885048002
2041-03-13,0.0088277919433786
2041-03-14,0.0079563451868051
2041-03-15,0.0071414708764687
2041-03-16,0.0064305670535094
2041-03-17,0.0066636832389233
2041-03-18,0.0137237031910201
2041-03-19,0.0319850844872431
2041-03-20,0.0317757258317734
2041-03-21,0.0407094722547575
2041-03-22,0.0264319726446086
2041-03-23,0.0396712927774138
2041-03-24,0.0270074678879976
2041-03-25,0.025430842022125
2041-03-26,0.021944358560824
2041-03-27,0.0185866284592681
2041-03-28,0.0157337040086573
2041-03-29,0.0133902443640562
2041-03-30,0.0114327828172668
2041-03-31,0.0097855874744456
2041-04-01,0.0097660257869798
2041-04-02,0.0106882746905616
2041-04-03,0.0210647585228327
2041-04-04,0.0100386331131019
2041-04-05,0.0106070811535957
2041-04-06,0.0098703744660513
2041-04-07,0.0088006920596631
2041-04-08,0.0077296005467311
2041-04-09,0.0149625995076041
2041-04-10,0.0072223256581354
2041-04-11,0.0115506930206568
2041-04-12,0.0096094519455177
2041-04-13,0.0092736978957179
2041-04-14,0.00824351688532
2041-04-15,0.0076214767129034
2041-04-16,0.0068206012425738
2041-04-17,0.006011286421679
2041-04-18,0.0116102165205477
2041-04-19,0.006668972044962
2041-04-20,0.0058282186594607
2041-04-21,0.0056627628733821
2041-04-22,0.0053436175625825
2041-04-23,0.0065141480966877
2041-04-24,0.005548764929023
2041-04-25,0.0047442062604246
2041-04-26,0.0044073656030766
2041-04-27,0.0039963753093574
2041-04-28,0.003511590705095
2041-04-29,0.0030543455863058
2041-04-30,0.0026299929291311
2041-05-01,0.0022360546348763
2041-05-02,0.0018760301916577
2041-05-03,0.0015654666423758
2041-05-04,0.0013096425108809
2041-05-05,0.0010928404536706
2041-05-06,0.0033522884560675
2041-05-07,0.0008961650895517
2041-05-08,0.0007871520455904
2041-05-09,0.0006784756503765
2041-05-10,0.0005737395320675
2041-05-11,0.0004913202632378
2041-05-12,0.0004439774713544
2041-05-13,0.000421707220856
2041-05-14,0.0004121179846401
2041-05-15,0.0004080816658352
2041-05-16,0.0004042430238229
2041-05-17,0.0004002605825802
2041-05-18,0.0003963749862256
2041-05-19,0.0005033190394729
2041-05-20,0.0003914148063849
2041-05-21,0.0003874351187077
2041-05-22,0.0003836140767186
2041-05-23,0.0003798166558235
2041-05-24,0.0003757367121987
2041-05-25,0.0003717274997594
2041-05-26,0.0003674821435428
2041-05-27,0.000362990646012
2041-05-28,0.0003585282017863
2041-05-29,0.0003540351643719
2041-05-30,0.0003495355273563
2041-05-31,0.0003450225423548
2041-06-01,0.0003403872672148
2041-06-02,0.000335806335561
2041-06-03,0.0003311929078122
2041-06-04,0.0003268591529351
2041-06-05,0.0003225721269065
2041-06-06,0.0003186320891521
2041-06-07,0.0003147941346051
2041-06-08,0.000309862978128
2041-06-09,0.0003048776904075
2041-06-10,0.0003001743734288
2041-06-11,0.0002958491680373
2041-06-12,0.000291249975426
2041-06-13,0.000286175296437
2041-06-14,0.0002811725773971
2041-06-15,0.0002761929650534
2041-06-16,0.0002711087122053
2041-06-17,0.0002662465859303
2041-06-18,0.0002615074260572
2041-06-19,0.0002565696527766
2041-06-20,0.0002518557160992
2041-06-21,0.0002472857093398
2041-06-22,0.0002430820476493
2041-06-23,0.0002391758584851
2041-06-24,0.0002353802327368
2041-06-25,0.0002316241402459
2041-06-26,0.0002278963760345
2041-06-27,0.0002240971323378
2041-06-28,0.0002203648473592
2041-06-29,0.0002166590625079
2041-06-30,0.0002129181081422
2041-07-01,0.0002094587439119
2041-07-02,0.000205955475331
2041-07-03,0.0002026790310792
2041-07-04,0.0001994887607601
2041-07-05,0.0001964635167358
2041-07-06,0.0001934763658147
2041-07-07,0.0001905301097293
2041-07-08,0.0001878921414489
2041-07-09,0.00018561727626
2041-07-10,0.0001837701078191
2041-07-11,0.0001819442473546
2041-07-12,0.0001799061671695
2041-07-13,0.0001777175904643
2041-07-14,0.0001754340276893
2041-07-15,0.0001732071697647
2041-07-16,0.0001715620580686
2041-07-17,0.0001702540603802
2041-07-18,0.0001689339990247
2041-07-19,0.0001673314982741
2041-07-20,0.0001656070304781
2041-07-21,0.0001641843869753
2041-07-22,0.0001628908358979
2041-07-23,0.0001618989779553
2041-07-24,0.0001612506966833
2041-07-25,0.0001606999219519
2041-07-26,0.0001601253438316
2041-07-27,0.00015953440184
2041-07-28,0.0001589727036059
2041-07-29,0.000158339884789
2041-07-30,0.0001577937398593
2041-07-31,0.0001573062500427
2041-08-01,0.0001571387491461
2041-08-02,0.0001570532993485
2041-08-03,0.0001569678802168
2041-08-04,0.0001568812057759
2041-08-05,0.0001567957559783
2041-08-06,0.0001567098138684
2041-08-07,0.0001566243640707
2041-08-08,0.0001565389449391
2041-08-09,0.0001564534951414
2041-08-10,0.0001563680760098
2041-08-11,0.0001562826568781
2041-08-12,0.0001561977300587
2041-08-13,0.000156112310927
2041-08-14,0.0001560268611294
2041-08-15,0.000155942666641
2041-08-16,0.0001558572475093
2041-08-17,0.0001557718283777
2041-08-18,0.0001556869015583
2041-08-19,0.0001556014824266
2041-08-20,0.0001555172879382
2041-08-21,0.0001554323917848
2041-08-22,0.0001553469726532
2041-08-23,0.0001552627781648
2041-08-24,0.0001551778820113
2041-08-25,0.0001550924628797
2041-08-26,0.0001550087913695
2041-08-27,0.0001549233722379
2041-08-28,0.0001548391777495
2041-08-29,0.0001547542815961
2041-08-30,0.0001546706100859
2041-08-31,0.0001545851909543
2041-09-01,0.0001545015194441
2041-09-02,0.0001544161003125
2041-09-03,0.0001543324288023
2041-09-04,0.0001542487879581
2041-09-05,0.0001541633688265
2041-09-06,0.0001540796973163
2041-09-07,0.0001539960258062
2041-09-08,0.000153912384962
2041-09-09,0.0001538274888086
2041-09-10,0.0001537432943202
2041-09-11,0.000153659653476
2041-09-12,0.0001535759819659
2041-09-13,0.0001534923411217
2041-09-14,0.0001534086696116
2041-09-15,0.0001533250287674
2041-09-16,0.0001532413572573
2041-09-17,0.0001531577164131
2041-09-18,0.0001530740755689
2041-09-19,0.0001529904040588
2041-09-20,0.0001529067632146
2041-09-21,0.0001528230917045
2041-09-22,0.0001527394508603
2041-09-23,0.0001526563329944
2041-09-24,0.0001525726921502
2041-09-25,0.0001524890206401
2041-09-26,0.0001524066044392
2041-09-27,0.0001523234865732
2041-09-28,0.0001522398457291
2041-09-29,0.0001521574295282
2041-09-30,0.0001520743116623
2041-10-01,0.0001519906708181
2041-10-02,0.0001519082546172
2041-10-03,0.0001518251367513
2041-10-04,0.0001517414959071
2041-10-05,0.0001516596026845
2041-10-06,0.0001515759618403
2041-10-07,0.0001514940686176
2041-10-08,0.0001514104277735
2041-10-09,0.0001513285345508
2041-10-10,0.0001701918544935
2041-10-11,0.0002220710873665
2041-10-12,0.0001510811379273
2041-10-13,0.0001509974970832
2041-10-14,0.0007151431158066
2041-10-15,0.0001508337413038
2041-10-16,0.0001507506234379
2041-10-17,0.000150668207237
2041-10-18,0.0001505863446803
2041-10-19,0.0001505044514577
2041-10-20,0.000150422588901
2041-10-21,0.0001503406956783
2041-10-22,0.0001502576084784
2041-10-23,0.0001501757152557
2041-10-24,0.0001500938526991
2041-10-25,0.0001500119594764
2041-10-26,0.0001499300969197
2041-10-27,0.0001498482036971
2041-10-28,0.0001497663411404
2041-10-29,0.0001496844785837
2041-10-30,0.0001496025853611
2041-10-31,0.0001495219474477
2041-11-01,0.000149440084891
2041-11-02,0.0001493582223343
2041-11-03,0.0001492768520899
2041-11-04,0.0001491949895333
2041-11-05,0.0001491131269766
2041-11-06,0.000704673485142
2041-11-07,0.0001489511494848
2041-11-08,0.0001488692869281
2041-11-09,0.0001487886490147
2041-11-10,0.0001487073094362
2041-11-11,0.0001486254468796
2041-11-12,0.0001485453319444
2041-11-13,0.0007389554420538
2041-11-14,0.0001914988440509
2041-11-15,0.00371225399669
2041-11-16,0.0002366760624988
2041-11-17,0.0001481714446631
2041-11-18,0.000148115475838
2041-11-19,0.0001480595376789
2041-11-20,0.0044743913075773
2041-11-21,0.0001481710173388
2041-11-22,0.0001485200453395
2041-11-23,0.0001488844069286
2041-11-24,0.0001492355444261
2041-11-25,0.0079452134585657
2041-11-26,0.0001532683464394
2041-11-27,0.0011591949605507
2041-11-28,0.0010601992454107
2041-11-29,0.0001642591007899
2041-11-30,0.0008340723420797
2041-12-01,0.0017950185499835
2041-12-02,0.0001718113713721
2041-12-03,0.0001740466402476
2041-12-04,0.000175692277114
2041-12-05,0.0001769203086011
2041-12-06,0.0001778534288558
2041-12-07,0.0001785698441303
2041-12-08,0.0015662130990508
2041-12-09,0.0001800646804165
2041-12-10,0.0001807548379634
2041-12-11,0.0001813103064582
2041-12-12,0.0001816378809638
2041-12-13,0.0001818242682434
2041-12-14,0.0001818970467033
2041-12-15,0.00018185310914
2041-12-16,0.0001817760551133
2041-12-17,0.0001816830087739
2041-12-18,0.0001815640327278
2041-12-19,0.0001814303074035
2041-12-20,0.000181321411463
2041-12-21,0.001662014036933
2041-12-22,0.0007336026281565
2041-12-23,0.0003452702505298
2041-12-24,0.0001823828930073
2041-12-25,0.0001825296047854
2041-12-26,0.0001826341483672
2041-12-27,0.0001826168733091
2041-12-28,0.0001825771874877
2041-12-29,0.0001825911892735
2041-12-30,0.0016180621670827
2041-12-31,0.0001829999364842
2042-01-01,0.0001831814790961
2042-01-02,0.0001834462561213
2042-01-03,0.0001837383776505
2042-01-04,0.000184065178461
2042-01-05,0.0001842658717256
2042-01-06,0.0001843400947616
2042-01-07,0.0001842615535231
2042-01-08,0.0001841206164284
2042-01-09,0.0001839660496188
2042-01-10,0.000183936315847
2042-01-11,0.000183909959156
2042-01-12,0.00018381067263
2042-01-13,0.0001836390352702
2042-01-14,0.0002034956047106
2042-01-15,0.0071820180532414
2042-01-16,0.0130374640009242
2042-01-17,0.0368043493540319
2042-01-18,0.0112764152965477
2042-01-19,0.0089185786656598
2042-01-20,0.0218188605755282
2042-01-21,0.0404883280800838
2042-01-22,0.0007274035791793
2042-01-23,0.001144535805986
2042-01-24,0.0013175893664216
2042-01-25,0.0013893143711813
2042-01-26,0.0014099831635932
2042-01-27,0.0188549532124766
2042-01-28,0.0135787152458764
2042-01-29,0.0264942227460002
2042-01-30,0.0310127495541289
2042-01-31,0.0207826851562568
2042-02-01,0.0202591961703996
2042-02-02,0.0190118838349653
2042-02-03,0.0193571055304254
2042-02-04,0.0155087598808999
2042-02-05,0.0144785280583747
2042-02-06,0.0129211569049518
2042-02-07,0.0116005154156466
2042-02-08,0.0104035342813469
2042-02-09,0.0096632294977925
2042-02-10,0.0109315060151659
2042-02-11,0.0081343101996088
2042-02-12,0.0086295144800061
2042-02-13,0.0100265448598924
2042-02-14,0.011551523460352
2042-02-15,0.0105735744104591
2042-02-16,0.0099394811061556
2042-02-17,0.0116827438628333
2042-02-18,0.0128276358156538
2042-02-19,0.0102382380322663
2042-02-20,0.0124743680000826
2042-02-21,0.0124763981841598
2042-02-22,0.0132296684370575
2042-02-23,0.0157022106980321
2042-02-24,0.0148000472681858
2042-02-25,0.0166861472978358
2042-02-26,0.0165855787716767
2042-02-27,0.0170592388460208
2042-02-28,0.0175756715156777
2042-03-01,0.0161656441262271
2042-03-02,0.0146082434239048
2042-03-03,0.0202227009127791
2042-03-04,0.0167021489863
2042-03-05,0.0182361687847225
2042-03-06,0.0183725351631427
2042-03-07,0.0196580126318079
2042-03-08,0.0207152955240631
2042-03-09,0.0331750304668155
2042-03-10,0.0243951268023529
2042-03-11,0.0228777975529396
2042-03-12,0.0216268441079643
2042-03-13,0.0182761351953658
2042-03-14,0.0159084971289797
2042-03-15,0.0137369343177719
2042-03-16,0.0118469739477956
2042-03-17,0.0102169434103402
2042-03-18,0.0175229546018448
2042-03-19,0.0159638514970889
2042-03-20,0.0148438132472105
2042-03-21,0.0153777241668967
2042-03-22,0.0126394115303608
2042-03-23,0.0119606644284615
2042-03-24,0.0108171766576704
2042-03-25,0.0096546325246036
2042-03-26,0.014387594097362
2042-03-27,0.00856991800307
2042-03-28,0.0094842006801802
2042-03-29,0.0159115735139658
2042-03-30,0.0140551114674647
2042-03-31,0.0107254278518311
2042-04-01,0.0105566811091941
2042-04-02,0.0096701606744931
2042-04-03,0.0086809627953389
2042-04-04,0.0077164519356349
2042-04-05,0.0067443015475834
2042-04-06,0.0058315957426498
2042-04-07,0.0050206294677886
2042-04-08,0.0043227693272504
2042-04-09,0.0037396105975961
2042-04-10,0.0032392178353051
2042-04-11,0.0028119577654266
2042-04-12,0.0024244438616261
2042-04-13,0.0020601775190982
2042-04-14,0.0017339936118684
2042-04-15,0.0014554183205003
2042-04-16,0.0012194158451721
2042-04-17,0.0010319107330187
2042-04-18,0.0008881129502353
2042-04-19,0.0007506352181245
2042-04-20,0.0006323960687688
2042-04-21,0.0005408283134887
2042-04-22,0.000479444028757
2042-04-23,0.0004427810772065
2042-04-24,0.0004233709891229
2042-04-25,0.0004124039594446
2042-04-26,0.0004082800398753
2042-04-27,0.0004054622881726
2042-04-28,0.0004027535304835
2042-04-29,0.0003999348187057
2042-04-30,0.0003969734333772
2042-05-01,0.001658614211407
2042-05-02,0.0003946914217873
2042-05-03,0.0003931303604303
2042-05-04,0.0003903983141315
2042-05-05,0.0003870997783974
2042-05-06,0.0003837216666338
2042-05-07,0.000380655893562
2042-05-08,0.000377887850533
2042-05-09,0.0003746778092791
2042-05-10,0.0003706809267346
2042-05-11,0.000366344264536
2042-05-12,0.0003619158886497
2042-05-13,0.0003574573922652
2042-05-14,0.0003529952521941
2042-05-15,0.0003486232544122
2042-05-16,0.0003443248451482
2042-05-17,0.0003400000882793
2042-05-18,0.0003352506020856
2042-05-19,0.0003307875232588
2042-05-20,0.0003261912797175
2042-05-21,0.0003215934700868
2042-05-22,0.0003167789498268
2042-05-23,0.0003117630823843
2042-05-24,0.0003066491147445
2042-05-25,0.0003017846017452
2042-05-26,0.0002972958410036
2042-05-27,0.0002927168991108
2042-05-28,0.0002881203178622
2042-05-29,0.0002835187113009
2042-05-30,0.000278888197459
2042-05-31,0.0002741930637548
2042-06-01,0.0002693204889148
2042-06-02,0.0002644448550797
2042-06-03,0.0002603604397864
2042-06-04,0.0002753700399945
2042-06-05,0.0002562398801568
2042-06-06,0.0002524374081215
2042-06-07,0.0002478660038119
2042-06-08,0.0002436590865158
2042-06-09,0.0002395414201988
2042-06-10,0.0002357271970159
2042-06-11,0.0002319542841444
2042-06-12,0.0002281758565347
2042-06-13,0.0002243898128445
2042-06-14,0.0002206492502541
2042-06-15,0.0002170278047236
2042-06-16,0.0002134228323508
2042-06-17,0.000209848998612
2042-06-18,0.0002064323358313
2042-06-19,0.0002031815232482
2042-06-20,0.0002000166445791
2042-06-21,0.0001968353511975
2042-06-22,0.0001941093170873
2042-06-23,0.0001919357559358
2042-06-24,0.000189204729512
2042-06-25,0.0001865210663221
2042-06-26,0.0001838032959277
2042-06-27,0.0001812509222391
2042-06-28,0.0001788249427501
2042-06-29,0.0001765272236259
2042-06-30,0.0001746314686179
2042-07-01,0.0001730097334508
2042-07-02,0.0001715884050157
2042-07-03,0.0001702049076212
2042-07-04,0.000168581042951
2042-07-05,0.0001668615257136
2042-07-06,0.0001656607441327
2042-07-07,0.0001647330950753
2042-07-08,0.0001637457227322
2042-07-09,0.0001628194892795
2042-07-10,0.0001619612678484
2042-07-11,0.0001610964071883
2042-07-12,0.000160329327791
2042-07-13,0.0001597230065514
2042-07-14,0.0001591624636834
2042-07-15,0.0001586155964026
2042-07-16,0.0001581531595533
2042-07-17,0.0001577048151681
2042-07-18,0.0001573756613602
2042-07-19,0.0001571836675983
2042-07-20,0.0001570982484666
2042-07-21,0.0001570122756907
2042-07-22,0.0001569268258931
2042-07-23,0.0001568414067614
2042-07-24,0.0001567547323205
2042-07-25,0.0001566693131889
2042-07-26,0.0001565838633912
2042-07-27,0.0001564984442596
2042-07-28,0.0001564129944619
2042-07-29,0.0001563275753303
2042-07-30,0.0001562421255326
2042-07-31,0.000156156706401
2042-08-01,0.0001560718102475
2042-08-02,0.0001559875850932
2042-08-03,0.0001559021659615
2042-08-04,0.0001558167468299
2042-08-05,0.0001557313276982
2042-08-06,0.0001556464008788
2042-08-07,0.0001555622063904
2042-08-08,0.0001554767872587
2042-08-09,0.0001553918911053
2042-08-10,0.0001553064719737
2042-08-11,0.0001552222774853
2042-08-12,0.0001551373813319
2042-08-13,0.0001550531868435
2042-08-14,0.0001549682906901
2042-08-15,0.0001548828715584
2042-08-16,0.0001547992000482
2042-08-17,0.0001547137809166
2042-08-18,0.0001546301094064
2042-08-19,0.000154545914918
2042-08-20,0.0001544610187646
2042-08-21,0.0001543773779205
2042-08-22,0.0001542919587888
2042-08-23,0.0001542082872787
2042-08-24,0.0001541246157685
2042-08-25,0.0001540397502811
2042-08-26,0.0001539555557927
2042-08-27,0.0001538718842825
2042-08-28,0.0001537882434384
2042-08-29,0.0001537045719282
2042-08-30,0.0001536197064408
2042-08-31,0.0001535360349306
2042-09-01,0.0001534523940865
2042-09-02,0.0001533687225763
2042-09-03,0.0001532850817322
2042-09-04,0.000153201410222
2042-09-05,0.0001531177693778
2042-09-06,0.0001530341285337
2042-09-07,0.0001529504570235
2042-09-08,0.0001528668161794
2042-09-09,0.0001527831753352
2042-09-10,0.000152699503825
2042-09-11,0.0001526176106024
2042-09-12,0.0001525339697582
2042-09-13,0.0001524503289141
2042-09-14,0.0001523666880699
2042-09-15,0.000152283539538
2042-09-16,0.0001522011233371
2042-09-17,0.0001521174824929
2042-09-18,0.000152034364627
2042-09-19,0.0001519519484261
2042-09-20,0.0001518683075819
2042-09-21,0.000151785189716
2042-09-22,0.0001517027735151
2042-09-23,0.0001516196556492
2042-09-24,0.0001515372394483
2042-09-25,0.0001514541215824
2042-09-26,0.0001513722590257
2042-09-27,0.0001512886181815
2042-09-28,0.0001512067249589
2042-09-29,0.000151124308758
2042-09-30,0.000151041221558
2042-10-01,0.0001509593283354
2042-10-02,0.0001508774351127
2042-10-03,0.0001507937942686
2042-10-04,0.0001507119317119
2042-10-05,0.0001506300384892
2042-10-06,0.0001505481759326
2042-10-07,0.0001504650580666
2042-10-08,0.0001503826725317
2042-10-09,0.0001503007793091
2042-10-10,0.0001502189167524
2042-10-11,0.0001501370235297
2042-10-12,0.0012441698019533
2042-10-13,0.0002386129418434
2042-10-14,0.0001498914051937
2042-10-15,0.0001498095426371
2042-10-16,0.0001497276494144
2042-10-17,0.000149646309836
2042-10-18,0.0001495644472793
2042-10-19,0.0001494825847226
2042-10-20,0.0001494019468092
2042-10-21,0.0001493200842526
2042-10-22,0.0001492381910299
2042-10-23,0.0001491568514515
2042-10-24,0.0001490762135381
2042-10-25,0.0001489943509814
2042-10-26,0.0001990142140253
2042-10-27,0.0036059045748457
2042-10-28,0.0001487560551482
2042-10-29,0.000148685281022
2042-10-30,0.0001486169868484
2042-10-31,0.0001485474680316
2042-11-01,0.0001484779492147
2042-11-02,0.0001484083997318
2042-11-03,0.0001483388502489
2042-11-04,0.000148268599101
2042-11-05,0.0001481977943089
2042-11-06,0.0001481270201828
2042-11-07,0.0001480549907474
2042-11-08,0.0001479841552893
2042-11-09,0.0001479116028757
2042-11-10,0.0001478395427743
2042-11-11,0.0001477662580296
2042-11-12,0.0038406059043157
2042-11-13,0.0058798797853107
2042-11-14,0.0001490908521157
2042-11-15,0.0001803200111265
2042-11-16,0.000152704844802
2042-11-17,0.0001540141362546
2042-11-18,0.0001550741227375
2042-11-19,0.0001559232895138
2042-11-20,0.0001566291506023
2042-11-21,0.0001572322218471
2042-11-22,0.0001577822572851
2042-11-23,0.0001582364557339
2042-11-24,0.0001585893089534
2042-11-25,0.0001588905656712
2042-11-26,0.0001591626444237
2042-11-27,0.0001594137227086
2042-11-28,0.0002919365168196
2042-11-29,0.0158145036072876
2042-11-30,0.0014922999398301
2042-12-01,0.0007701715456773
2042-12-02,0.0007619949226986
2042-12-03,0.0005422678086718
2042-12-04,0.0015648077621712
2042-12-05,0.0007349156941422
2042-12-06,0.0031290990532215
2042-12-07,0.0004419933881474
2042-12-08,0.0081405163573952
2042-12-09,0.0007634780617735
2042-12-10,0.0005450126484352
2042-12-11,0.0005419079284114
2042-12-12,0.0005791147558879
2042-12-13,0.0006265218513506
2042-12-14,0.0008647861352274
2042-12-15,0.000371645636314
2042-12-16,0.000402213282292
2042-12-17,0.0002433801059985
2042-12-18,0.0014033820040156
2042-12-19,0.000487991491117
2042-12-20,0.0003572798197247
2042-12-21,0.0004299494774235
2042-12-22,0.0002491972477207
2042-12-23,0.0002498268776656
2042-12-24,0.0002501051050359
2042-12-25,0.0013977211022414
2042-12-26,0.000251183620268
2042-12-27,0.0103520064845097
2042-12-28,0.0033547245071662
2042-12-29,0.0002710151297137
2042-12-30,0.0123506929018166
2042-12-31,0.0226664039346098
2043-01-01,0.0112455358078784
2043-01-02,0.0180019971793515
2043-01-03,0.0188697786144066
2043-01-04,0.0168574805802939
2043-01-05,0.0048535291317825
2043-01-06,0.0055812956323701
2043-01-07,0.0237413480405088
2043-01-08,0.036039148201614
2043-01-09,0.0271803300434627
2043-01-10,0.0211733319480759
2043-01-11,0.0197366413751874
2043-01-12,0.0174073759957047
2043-01-13,0.0151867168299503
2043-01-14,0.0132549603926561
2043-01-15,0.0115726908463267
2043-01-16,0.0101257165300871
2043-01-17,0.0088845855768717
2043-01-18,0.0078354222922296
2043-01-19,0.0069564143979388
2043-01-20,0.0062177088574694
2043-01-21,0.005568696922763
2043-01-22,0.0050090028035607
2043-01-23,0.0045722203675931
2043-01-24,0.0041972190767495
2043-01-25,0.0038191979528382
2043-01-26,0.0034914910365631
2043-01-27,0.0032239918992815
2043-01-28,0.0029731164312711
2043-01-29,0.0027486580121303
2043-01-30,0.0025448389300937
2043-01-31,0.004779843852587
2043-02-01,0.0022596013032965
2043-02-02,0.0021340873438947
2043-02-03,0.0020020606635653
2043-02-04,0.0018649563628099
2043-02-05,0.0017319567408778
2043-02-06,0.0016154963112853
2043-02-07,0.0015176854079276
2043-02-08,0.0027052419708934
2043-02-09,0.0043533068581697
2043-02-10,0.001569141175882
2043-02-11,0.0014747644825903
2043-02-12,0.0014762249678909
2043-02-13,0.0014716871690933
2043-02-14,0.0014473709399415
2043-02-15,0.0013845110751361
2043-02-16,0.001326317157286
2043-02-17,0.001252984157696
2043-02-18,0.0011762558117438
2043-02-19,0.0010965752841286
2043-02-20,0.0010343390664791
2043-02-21,0.0051923139387775
2043-02-22,0.0010244525919472
2043-02-23,0.001044033763922
2043-02-24,0.0010457595357569
2043-02-25,0.0010434797565062
2043-02-26,0.0071165864156956
2043-02-27,0.0012396989082079
2043-02-28,0.0014472476663661
2043-03-01,0.0015288942876256
2043-03-02,0.0015561991170684
2043-03-03,0.001547588728635
2043-03-04,0.0014989219594161
2043-03-05,0.001420936354719
2043-03-06,0.0013311660238849
2043-03-07,0.0012443584022793
2043-03-08,0.001168598421434
2043-03-09,0.0010903451501075
2043-03-10,0.0010205581241291
2043-03-11,0.0019239371672262
2043-03-12,0.006147653198048
2043-03-13,0.0010511781606762
2043-03-14,0.001106677371672
2043-03-15,0.0011092109411627
2043-03-16,0.0010775431544431
2043-03-17,0.0045202237329641
2043-03-18,0.0016298001746314
2043-03-19,0.0012262202308593
2043-03-20,0.0012745391556245
2043-03-21,0.0048028555755131
2043-03-22,0.0015352229363047
2043-03-23,0.0015877520894137
2043-03-24,0.0016189707987473
2043-03-25,0.0015892354973604
2043-03-26,0.0029491255756165
2043-03-27,0.0067408197017283
2043-03-28,0.0018680708232573
2043-03-29,0.0020171168024447
2043-03-30,0.0020162536811255
2043-03-31,0.0019477920675475
2043-04-01,0.0018338073884052
2043-04-02,0.0017001818843246
2043-04-03,0.0015786835847756
2043-04-04,0.0014286220243851
2043-04-05,0.001262377048297
2043-04-06,0.0010991818248101
2043-04-07,0.0009538516139259
2043-04-08,0.0008427309693873
2043-04-09,0.0007631872718038
2043-04-10,0.0006875993262834
2043-04-11,0.0006077884488211
2043-04-12,0.0005463214713532
2043-04-13,0.0005035667858444
2043-04-14,0.0004652965034653
2043-04-15,0.0006918960375256
2043-04-16,0.0048524291916502
2043-04-17,0.0028541052800981
2043-04-18,0.0005973980439737
2043-04-19,0.0004488913574253
2043-04-20,0.0004421212852675
2043-04-21,0.0004341687016879
2043-04-22,0.0004248417465895
2043-04-23,0.0004153757471971
2043-04-24,0.0004086836069937
2043-04-25,0.0004229650096171
2043-04-26,0.0004051798123088
2043-04-27,0.0004034423795176
2043-04-28,0.0004012482134529
2043-04-29,0.0007614954991383
2043-04-30,0.0019933062721883
2043-05-01,0.0010703947255243
2043-05-02,0.0004012492575512
2043-05-03,0.0003977932099831
2043-05-04,0.0003948752546614
2043-05-05,0.000391853733503
2043-05-06,0.0003892564056919
2043-05-07,0.0003872891592288
2043-05-08,0.0003846177321135
2043-05-09,0.0003814268492024
2043-05-10,0.0003784048942152
2043-05-11,0.0003752437080414
2043-05-12,0.0003720091599464
2043-05-13,0.0003683370878449
2043-05-14,0.0003643951253205
2043-05-15,0.0003603419251131
2043-05-16,0.0003562225312255
2043-05-17,0.0003520182440712
2043-05-18,0.000348080637094
2043-05-19,0.0003440615853753
2043-05-20,0.0003399285486905
2043-05-21,0.0003357341470276
2043-05-22,0.0003314484246441
2043-05-23,0.0003271729287722
2043-05-24,0.0003227161064025
2043-05-25,0.0003182290931995
2043-05-26,0.0003138580718016
2043-05-27,0.000309387131016
2043-05-28,0.0003050072987943
2043-05-29,0.0003004642248096
2043-05-30,0.000295708574538
2043-05-31,0.0002910539963058
2043-06-01,0.0002872709710988
2043-06-02,0.0024331277224924
2043-06-03,0.0002852810774092
2043-06-04,0.0002820041781593
2043-06-05,0.0002781630427309
2043-06-06,0.0002735746185509
2043-06-07,0.0002691869580921
2043-06-08,0.000264693235023
2043-06-09,0.000260178277584
2043-06-10,0.0002556277858687
2043-06-11,0.0002511046750968
2043-06-12,0.0002468825567253
2043-06-13,0.0002424857763975
2043-06-14,0.0002382121277426
2043-06-15,0.0002342834391715
2043-06-16,0.0002304385541624
2043-06-17,0.0002264919040295
2043-06-18,0.0002227165260684
2043-06-19,0.0002192318746234
2043-06-20,0.0002160736875502
2043-06-21,0.000212997075614
2043-06-22,0.000210179031768
2043-06-23,0.0002074582707558
2043-06-24,0.0002047838082068
2043-06-25,0.0002022232856869
2043-06-26,0.0001997093637884
2043-06-27,0.0001970714708126
2043-06-28,0.0001941509769541
2043-06-29,0.0001913850575538
2043-06-30,0.0001887679516555
2043-07-01,0.0001864535451344
2043-07-02,0.0001846517604829
2043-07-03,0.0001829690352536
2043-07-04,0.0001810949439393
2043-07-05,0.0001788532262994
2043-07-06,0.0001769726720651
2043-07-07,0.0001753571304942
2043-07-08,0.0001735338825814
2043-07-09,0.0001713488940459
2043-07-10,0.0001693958777364
2043-07-11,0.0001682924546753
2043-07-12,0.0001673704999332
2043-07-13,0.0001663441737566
2043-07-14,0.0001652026285413
2043-07-15,0.0001640075621724
2043-07-16,0.0001626848925864
2043-07-17,0.0001616878617682
2043-07-18,0.000161025393055
2043-07-19,0.0001605052351681
2043-07-20,0.0001600392093768
2043-07-21,0.0001596446544936
2043-07-22,0.0001592696484981
2043-07-23,0.0001589011100103
2043-07-24,0.0001585498874422
2043-07-25,0.0001582018334094
2043-07-26,0.0001578954275228
2043-07-27,0.0001576263672439
2043-07-28,0.0001573547716696
2043-07-29,0.0001570905546209
2043-07-30,0.0001569463219464
2043-07-31,0.0001568608721488
2043-08-01,0.0001567754530171
2043-08-02,0.0001566900032195
2043-08-03,0.0001566045840878
2043-08-04,0.0001565191342902
2043-08-05,0.0001564337151585
2043-08-06,0.0001563482653609
2043-08-07,0.0001562628462292
2043-08-08,0.0001561773964316
2043-08-09,0.0001560919772999
2043-08-10,0.0001560065581683
2043-08-11,0.0001559216313489
2043-08-12,0.0001558362122172
2043-08-13,0.0001557507930855
2043-08-14,0.0001556658969321
2043-08-15,0.0001555816717777
2043-08-16,0.0001554962526461
2043-08-17,0.0001554113564927
2043-08-18,0.000155325937361
2043-08-19,0.0001552417428726
2043-08-20,0.0001551568467192
2043-08-21,0.0001550726522308
2043-08-22,0.0001549877560774
2043-08-23,0.0001549023369457
2043-08-24,0.0001548186654356
2043-08-25,0.0001547337692822
2043-08-26,0.0001546495747938
2043-08-27,0.0001545646786404
2043-08-28,0.0001544810071302
2043-08-29,0.0001543968126418
2043-08-30,0.0001543119471544
2043-08-31,0.0001542282756442
2043-09-01,0.0001541428565126
2043-09-02,0.0001540591850024
2043-09-03,0.0001539755441583
2043-09-04,0.0001538918726481
2043-09-05,0.0001538069764947
2043-09-06,0.0001537233356505
2043-09-07,0.0001536396641404
2043-09-08,0.0001535559926302
2043-09-09,0.0001534723517861
2043-09-10,0.0001533886802759
2043-09-11,0.0001533050394317
2043-09-12,0.0001532201432783
2043-09-13,0.0001531365024342
2043-09-14,0.00015305286159
2043-09-15,0.0001529691900798
2043-09-16,0.0001528867738789
2043-09-17,0.0001528031330348
2043-09-18,0.0001527194615246
2043-09-19,0.0001526363436587
2043-09-20,0.0001525527028145
2043-09-21,0.0001524690619704
2043-09-22,0.0001523859134385
2043-09-23,0.0001523034972376
2043-09-24,0.0001522198563934
2043-09-25,0.0001521367385275
2043-09-26,0.0001520530976833
2043-09-27,0.0001519706814824
2043-09-28,0.0001518875636165
2043-09-29,0.0001518051474156
2043-09-30,0.0011001875676081
2043-10-01,0.0038285499359591
2043-10-02,0.0001515645503166
2043-10-03,0.0001514994684266
2043-10-04,0.0001514356418458
2043-10-05,0.0002336087514572
2043-10-06,0.0001513085423284
2043-10-07,0.0001512464633691
2043-10-08,0.000151181412145
2043-10-09,0.0001511168532332
2043-10-10,0.0001510492607246
2043-10-11,0.0001509816682161
2043-10-12,0.000150911595755
2043-10-13,0.0001508414926279
2043-10-14,0.0001507701341915
2043-10-15,0.0001506975204459
2043-10-16,0.000150623682057
2043-10-17,0.0001505480653807
2043-10-18,0.0001504729716825
2043-10-19,0.0001503978779844
2043-10-20,0.0001503210059988
2043-10-21,0.0001502446569914
2043-10-22,0.0001501670526747
2043-10-23,0.0001500889560458
2043-10-24,0.0001500113517292
2043-10-25,0.0001499331937683
2043-10-26,0.0001498543648084
2043-10-27,0.0001497750128702
2043-10-28,0.0001496961532443
2043-10-29,0.0001496167706402
2043-10-30,0.0001495379110143
2043-10-31,0.0001494578267451
2043-11-01,0.000149378444141
2043-11-02,0.0001492983598718
2043-11-03,0.0001492177219584
2043-11-04,0.0001491388623325
2043-11-05,0.0001490582550851
2043-11-06,0.0001489781401499
2043-11-07,0.0001488975329025
2043-11-08,0.0001488174179673
2043-11-09,0.0001487373336981
2043-11-10,0.0001486567264507
2043-11-11,0.0001485766115156
2043-11-12,0.0001484965272464
2043-11-13,0.0049396011176685
2043-11-14,0.0104464137029711
2043-11-15,0.000206076151362
2043-11-16,0.008737979973955
2043-11-17,0.0131202990639841
2043-11-18,0.004983517832937
2043-11-19,0.0002395910873386
2043-11-20,0.0003035513497545
2043-11-21,0.0008069079310658
2043-11-22,0.0002227095304493
2043-11-23,0.00022434614015
2043-11-24,0.0048508764704012
2043-11-25,0.0147013155240724
2043-11-26,0.0010137730980585
2043-11-27,0.007380850064468
2043-11-28,0.0002759326224581
2043-11-29,0.0013733265629581
2043-11-30,0.0123177253620476
2043-12-01,0.0003153008117005
2043-12-02,0.0003141726101407
2043-12-03,0.0003180784871222
2043-12-04,0.0003202951823281
2043-12-05,0.0003216553350454
2043-12-06,0.0003224774795141
2043-12-07,0.0003228862860127
2043-12-08,0.0003230348213968
2043-12-09,0.0003229212468543
2043-12-10,0.0003225890218659
2043-12-11,0.0003221730755026
2043-12-12,0.0003215962066074
2043-12-13,0.0003209305231084
2043-12-14,0.0003202618121293
2043-12-15,0.0003196342732548
2043-12-16,0.0003191450658888
2043-12-17,0.0003185501422035
2043-12-18,0.0003179249062511
2043-12-19,0.0077506860424718
2043-12-20,0.0003197070535752
2043-12-21,0.0003220768510976
2043-12-22,0.0003234940351159
2043-12-23,0.0003243323936491
2043-12-24,0.0003248615325458
2043-12-25,0.0003251418215828
2043-12-26,0.0003250117538763
2043-12-27,0.0003247424559181
2043-12-28,0.0003244240569569
2043-12-29,0.0003345751752511
2043-12-30,0.0035684327932222
2043-12-31,0.0036846133188599
2044-01-01,0.0051793260552579
2044-01-02,0.0006011528407193
2044-01-03,0.0003419409848268
2044-01-04,0.0003450631177477
2044-01-05,0.0003469092576916
2044-01-06,0.0307702765705244
2044-01-07,0.0003902079511826
2044-01-08,0.0004056398535994
2044-01-09,0.0004297790101406
2044-01-10,0.0004509616823282
2044-01-11,0.0004646147606865
2044-01-12,0.000471611953822
2044-01-13,0.000473005539844
2044-01-14,0.0004720396829047
2044-01-15,0.0004705960171641
2044-01-16,0.0004689830574997
2044-01-17,0.0004655108027868
2044-01-18,0.0004602068219185
2044-01-19,0.0011609655123606
2044-01-20,0.0005382095411773
2044-01-21,0.0004579359300696
2044-01-22,0.0103210434030938
2044-01-23,0.0320131957253522
2044-01-24,0.0154464182766131
2044-01-25,0.0081813989225697
2044-01-26,0.008604761445004
2044-01-27,0.0083098968348467
2044-01-28,0.0077911623864205
2044-01-29,0.0082042631917402
2044-01-30,0.006801539595845
2044-01-31,0.0063253124931371
2044-02-01,0.0058271917847038
2044-02-02,0.0053370634833491
2044-02-03,0.0048905233075808
2044-02-04,0.0044845226672213
2044-02-05,0.0041068405068865
2044-02-06,0.0037479109438603
2044-02-07,0.0034342814828742
2044-02-08,0.0031544973558972
2044-02-09,0.0029085703429337
2044-02-10,0.034899314637346
2044-02-11,0.0084319638015295
2044-02-12,0.0096216756757792
2044-02-13,0.0093101256694207
2044-02-14,0.008703038123437
2044-02-15,0.0079702120935846
2044-02-16,0.007232345802284
2044-02-17,0.0065358556519622
2044-02-18,0.0058887773812443
2044-02-19,0.0053096750204081
2044-02-20,0.0048035814033561
2044-02-21,0.0459981922661248
2044-02-22,0.0160580085983545
2044-02-23,0.0366020631781722
2044-02-24,0.0253972678018201
2044-02-25,0.0225972399530948
2044-02-26,0.0202376623437811
2044-02-27,0.0176278778891517
2044-02-28,0.0152356235706766
2044-02-29,0.0131617381139607
2044-03-01,0.0113797281444333
2044-03-02,0.0098465739985758
2044-03-03,0.0085946374061292
2044-03-04,0.0075971019557431
2044-03-05,0.0102742525977084
2044-03-06,0.0086104586345667
2044-03-07,0.0062018393806581
2044-03-08,0.0060142733472273
2044-03-09,0.0113374082642591
2044-03-10,0.0061386171886876
2044-03-11,0.0062863079780332
2044-03-12,0.0102276190838361
2044-03-13,0.0064313262328932
2044-03-14,0.0064544168224527
2044-03-15,0.0074456322703029
2044-03-16,0.0223961762327462
2044-03-17,0.0197971839756231
2044-03-18,0.0156938567382626
2044-03-19,0.0165477665427158
2044-03-20,0.0142939089507594
2044-03-21,0.0131995351751627
2044-03-22,0.0119937354215576
2044-03-23,0.0108068106984307
2044-03-24,0.0098418324991441
2044-03-25,0.0087463356984344
2044-03-26,0.0077019374123658
2044-03-27,0.0067688668201417
2044-03-28,0.0089546040783753
2044-03-29,0.0128169768966019
2044-03-30,0.0091424353252512
2044-03-31,0.0072929434291331
2044-04-01,0.0082517887097645
2044-04-02,0.0073108884415796
2044-04-03,0.0067639634005685
2044-04-04,0.0060985721567499
2044-04-05,0.0054334453808629
2044-04-06,0.0122037347796675
2044-04-07,0.0073396452618455
2044-04-08,0.00590056228947
2044-04-09,0.0058304761864912
2044-04-10,0.0053959072267159
2044-04-11,0.004855022688003
2044-04-12,0.0042848112613743
2044-04-13,0.0037226279213884
2044-04-14,0.0062190793728853
2044-04-15,0.0072157394876364
2044-04-16,0.0033950613590527
2044-04-17,0.0101832065049884
2044-04-18,0.0061834370114917
2044-04-19,0.0050525065093735
2044-04-20,0.0049430584675163
2044-04-21,0.0045247143284691
2044-04-22,0.0040264078891906
2044-04-23,0.0035473678836217
2044-04-24,0.0031193003624176
2044-04-25,0.0027274621799509
2044-04-26,0.002370432531275
2044-04-27,0.0020538046430366
2044-04-28,0.001776508436835
2044-04-29,0.0015051939924535
2044-04-30,0.0012701525487717
2044-05-01,0.0010766693158672
2044-05-02,0.000920346553877
2044-05-03,0.0007599963237769
2044-05-04,0.0006212169467091
2044-05-05,0.0005167081025394
2044-05-06,0.0007137875429275
2044-05-07,0.0006007439549335
2044-05-08,0.0005804768361649
2044-05-09,0.0004252233261739
2044-05-10,0.0004133197832743
2044-05-11,0.0004085335717686
2044-05-12,0.0004050076143928
2044-05-13,0.0004012164284612
2044-05-14,0.0003973478417891
2044-05-15,0.0003933871059057
2044-05-16,0.0003893032744967
2044-05-17,0.0003853267541245
2044-05-18,0.0003813377305245
2044-05-19,0.0003776767234962
2044-05-20,0.0003747677783693
2044-05-21,0.0034866571401452
2044-05-22,0.0003722916174426
2044-05-23,0.0003700380131755
2044-05-24,0.0003668109542058
2044-05-25,0.0003630521972575
2044-05-26,0.0003592011113083
2044-05-27,0.0003554554722272
2044-05-28,0.0003516792289577
2044-05-29,0.0003480658329136
2044-05-30,0.0003445208859879
2044-05-31,0.0003414298872969
2044-06-01,0.0003383244975502
2044-06-02,0.0003345558384648
2044-06-03,0.0003305853063289
2044-06-04,0.0003266958021423
2044-06-05,0.0003224138208854
2044-06-06,0.0003179560399312
2044-06-07,0.000313199049318
2044-06-08,0.000308547183367
2044-06-09,0.000303952492493
2044-06-10,0.0002993058055277
2044-06-11,0.000294342872929
2044-06-12,0.0002894423513478
2044-06-13,0.0002846068621765
2044-06-14,0.0002797200496107
2044-06-15,0.0002748901013419
2044-06-16,0.0002701751550275
2044-06-17,0.0002653818336264
2044-06-18,0.0002604997426416
2044-06-19,0.0002558092219978
2044-06-20,0.0002510400865906
2044-06-21,0.0002465873082175
2044-06-22,0.000242627103928
2044-06-23,0.0002388509604263
2044-06-24,0.0002351385207585
2044-06-25,0.0002316149745701
2044-06-26,0.0002282082078162
2044-06-27,0.0002248225094045
2044-06-28,0.0002214132994807
2044-06-29,0.0002183184081574
2044-06-30,0.0002153878094812
2044-07-01,0.0002124393060737
2044-07-02,0.0002094840146088
2044-07-03,0.0002067902172868
2044-07-04,0.0002043064672418
2044-07-05,0.000201797278146
2044-07-06,0.0001992718693779
2044-07-07,0.0001967807587757
2044-07-08,0.0001944341854669
2044-07-09,0.000192105380336
2044-07-10,0.0001898533822059
2044-07-11,0.0001877415780554
2044-07-12,0.0001856881813982
2044-07-13,0.0001837492117317
2044-07-14,0.000181808352581
2044-07-15,0.0001798799741879
2044-07-16,0.000178320634794
2044-07-17,0.0001769145908071
2044-07-18,0.0001754304285288
2044-07-19,0.0001737979867711
2044-07-20,0.0001719729677934
2044-07-21,0.0001702015243357
2044-07-22,0.0001687927088565
2044-07-23,0.0001673967384325
2044-07-24,0.0001660337355608
2044-07-25,0.0001650648664889
2044-07-26,0.0001641484399517
2044-07-27,0.0001634532873321
2044-07-28,0.000162824109229
2044-07-29,0.0001621883977844
2044-07-30,0.0001614950243012
2044-07-31,0.0001608572680429
2044-08-01,0.000160270356715
2044-08-02,0.0001597601889768
2044-08-03,0.0001593261707486
2044-08-04,0.0001588776142514
2044-08-05,0.0001584181181934
2044-08-06,0.000157946821803
2044-08-07,0.000157629256937
2044-08-08,0.0001573331684973
2044-08-09,0.0001570970875778
2044-08-10,0.0001570116684461
2044-08-11,0.0001569262186484
2044-08-12,0.0001568407995168
2044-08-13,0.0001567548267409
2044-08-14,0.0001566693769433
2044-08-15,0.0001565827331683
2044-08-16,0.0001564972833707
2044-08-17,0.0001564123872173
2044-08-18,0.0001563269680856
2044-08-19,0.000156241518288
2044-08-20,0.0001561560991563
2044-08-21,0.0001560719046679
2044-08-22,0.0001559864548703
2044-08-23,0.0001559010357386
2044-08-24,0.0001558161395852
2044-08-25,0.0001557306897876
2044-08-26,0.0001556452706559
2044-08-27,0.0001555610761675
2044-08-28,0.0001554761800141
2044-08-29,0.0001553907608824
2044-08-30,0.000155305864729
2044-08-31,0.0001552216702406
2044-09-01,0.000155136220443
2044-09-02,0.0001550525489328
2044-09-03,0.0001549671298012
2044-09-04,0.0001548822643137
2044-09-05,0.0001547980698254
2044-09-06,0.0008983964522833
2044-09-07,0.0001546295021618
2044-09-08,0.0001545453076734
2044-09-09,0.00015446041152
2044-09-10,0.0001543767400098
2044-09-11,0.0001542913515442
2044-09-12,0.000154207680034
2044-09-13,0.0001541240085239
2044-09-14,0.0001540391123704
2044-09-15,0.000153954948548
2044-09-16,0.0001538712770379
2044-09-17,0.0001537876055277
2044-09-18,0.0001537027400403
2044-09-19,0.00087531222182
2044-09-20,0.0010926165156589
2044-09-21,0.0001534517561758
2044-09-22,0.0001533681153317
2044-09-23,0.0003987413359814
2044-09-24,0.0001532025812648
2044-09-25,0.0001531189404207
2044-09-26,0.0001530358225548
2044-09-27,0.0001529534063539
2044-09-28,0.0001528702884879
2044-09-29,0.0001527866783098
2044-09-30,0.0001527035604438
2044-10-01,0.0001526211442429
2044-10-02,0.000152538026377
2044-10-03,0.0001524543855328
2044-10-04,0.000152371969332
2044-10-05,0.000152288851466
2044-10-06,0.0001522064352651
2044-10-07,0.0001521233173992
2044-10-08,0.000152039676555
2044-10-09,0.0001801365112187
2044-10-10,0.0001790864686113
2044-10-11,0.0001517922492656
2044-10-12,0.0006936165310168
2044-10-13,0.0001983415662182
2044-10-14,0.0001515436279988
2044-10-15,0.0001514617347761
2044-10-16,0.0001513786169102
2044-10-17,0.0001512962007093
2044-10-18,0.0033688197962816
2044-10-19,0.0012632969457478
2044-10-20,0.0001512440002484
2044-10-21,0.0002178752133141
2044-10-22,0.0002282126138225
2044-10-23,0.0001509726493942
2044-10-24,0.0001509405367955
2044-10-25,0.0001509048982879
2044-10-26,0.0001508662568496
2044-10-27,0.000150824298855
2044-10-28,0.002414956795006
2044-10-29,0.0015068267938559
2044-10-30,0.0001509442125922
2044-10-31,0.0001511800286004
2044-11-01,0.0001514254377112
2044-11-02,0.0001516596287619
2044-11-03,0.0001518815557961
2044-11-04,0.0003419731459242
2044-11-05,0.0001522871960936
2044-11-06,0.0026860910570919
2044-11-07,0.0001529531886665
2044-11-08,0.0001536294641551
2044-11-09,0.0006361047259051
2044-11-10,0.0002806025866599
2044-11-11,0.0001556177030869
2044-11-12,0.0001562482009699
2044-11-13,0.0001568207476551
2044-11-14,0.0001573223774611
2044-11-15,0.0001577673281551
2044-11-16,0.0001581708360182
2044-11-17,0.0001585211293462
2044-11-18,0.000979331816654
2044-11-19,0.0007025602421872
2044-11-20,0.0001629494459671
2044-11-21,0.0001648482783305
2044-11-22,0.0001839230483233
2044-11-23,0.0001608582592576
2044-11-24,0.0001612031583876
2044-11-25,0.000161477053142
2044-11-26,0.000161674041932
2044-11-27,0.0001618273426483
2044-11-28,0.0001619582579582
2044-11-29,0.0001620794575017
2044-11-30,0.0001621682528651
2044-12-01,0.000162211900802
2044-12-02,0.0001622797701119
2044-12-03,0.0015082530384556
2044-12-04,0.0055509637399894
2044-12-05,0.0134465642990526
2044-12-06,0.0006806631472408
2044-12-07,0.0012394941311312
2044-12-08,0.0073733750322077
2044-12-09,0.0093499815031214
2044-12-10,0.0043814676671703
2044-12-11,0.0002420573742313
2044-12-12,0.0002478539191585
2044-12-13,0.0002507085733084
2044-12-14,0.0029430475078784
2044-12-15,0.0002554713264714
2044-12-16,0.000257696702253
2044-12-17,0.0002591828549424
2044-12-18,0.0015208124247819
2044-12-19,0.000322126006948
2044-12-20,0.0002633115645113
2044-12-21,0.0040888592855679
2044-12-22,0.0066384657497269
2044-12-23,0.0003272947534402
2044-12-24,0.0003171086211551
2044-12-25,0.0002865390785672
2044-12-26,0.0002890169236308
2044-12-27,0.0002908810391122
2044-12-28,0.0002923184997264
2044-12-29,0.0002934385517804
2044-12-30,0.010170363106996
2044-12-31,0.0206523177729916
2045-01-01,0.0067104768387535
2045-01-02,0.0081764082935126
2045-01-03,0.0017511993393663
2045-01-04,0.0021857793563261
2045-01-05,0.0062793422898668
2045-01-06,0.0021804392866519
2045-01-07,0.0004483505890638
2045-01-08,0.0005183233031828
2045-01-09,0.0005670942743533
2045-01-10,0.000593405261838
2045-01-11,0.0006044624209094
2045-01-12,0.0006068624023128
2045-01-13,0.0006039713750561
2045-01-14,0.0005962764678967
2045-01-15,0.0005844616742354
2045-01-16,0.0005700351683977
2045-01-17,0.0005541302999047
2045-01-18,0.0081192462946308
2045-01-19,0.0006386607537042
2045-01-20,0.0009335108892505
2045-01-21,0.0022503466013255
2045-01-22,0.0009915660161327
2045-01-23,0.0016495961493751
2045-01-24,0.0025260369962813
2045-01-25,0.0013594331496308
2045-01-26,0.0012180199135353
2045-01-27,0.0012192922445371
2045-01-28,0.0012060261901905
2045-01-29,0.0011865769021626
2045-01-30,0.0067917085016033
2045-01-31,0.0097428976811031
2045-02-01,0.0076802051379695
2045-02-02,0.004028861379041
2045-02-03,0.0103063025045576
2045-02-04,0.0067855405401275
2045-02-05,0.009930124468284
2045-02-06,0.0151094674339377
2045-02-07,0.0186129883169971
2045-02-08,0.0225812856120283
2045-02-09,0.0192767367196491
2045-02-10,0.0177785292515947
2045-02-11,0.018492092699872
2045-02-12,0.0190115004294041
2045-02-13,0.0191230391504693
2045-02-14,0.0205701977931265
2045-02-15,0.0214672616423993
2045-02-16,0.0190205628577609
2045-02-17,0.0166425524416249
2045-02-18,0.0149586079861456
2045-02-19,0.0132174413018382
2045-02-20,0.0249081449594094
2045-02-21,0.0240426130813494
2045-02-22,0.0175925772103722
2045-02-23,0.0168709527953166
2045-02-24,0.0154797827908666
2045-02-25,0.0138507022208585
2045-02-26,0.0123223272777726
2045-02-27,0.0218448320456256
2045-02-28,0.0134619862646556
2045-03-01,0.0126113803179163
2045-03-02,0.0119803309286231
2045-03-03,0.0138753710656991
2045-03-04,0.0139345201591915
2045-03-05,0.0221206812606159
2045-03-06,0.0139717654131937
2045-03-07,0.0138772978642461
2045-03-08,0.0127980023107105
2045-03-09,0.0115032996689534
2045-03-10,0.0153967839968281
2045-03-11,0.0104416940758512
2045-03-12,0.0098100575379096
2045-03-13,0.0091660050236778
2045-03-14,0.0083800181676187
2045-03-15,0.0096527336693914
2045-03-16,0.0128521959877791
2045-03-17,0.0076103732506584
2045-03-18,0.007512244166202
2045-03-19,0.0070400205607271
2045-03-20,0.0065212984862648
2045-03-21,0.0060397076087471
2045-03-22,0.005550092635033
2045-03-23,0.0050151744113087
2045-03-24,0.0044775506077653
2045-03-25,0.0039852587465278
2045-03-26,0.0035370939861578
2045-03-27,0.0031319346966986
2045-03-28,0.0027775028790138
2045-03-29,0.0024495553767995
2045-03-30,0.0021638324647849
2045-03-31,0.0019057873669234
2045-04-01,0.0016587734444667
2045-04-02,0.0087867326776236
2045-04-03,0.0015138306611122
2045-04-04,0.0016744129126627
2045-04-05,0.0054336419430592
2045-04-06,0.0039699884896763
2045-04-07,0.0032300506798783
2045-04-08,0.0026667514363994
2045-04-09,0.0026420689035284
2045-04-10,0.0024775589316172
2045-04-11,0.0087248218478978
2045-04-12,0.0026890478733911
2045-04-13,0.0067728513120699
2045-04-14,0.0034540016356255
2045-04-15,0.0034512855687653
2045-04-16,0.0032242076694638
2045-04-17,0.0029052034724274
2045-04-18,0.0025641157843839
2045-04-19,0.0022260055751518
2045-04-20,0.0019081774627841
2045-04-21,0.0039804635770811
2045-04-22,0.0016263776480288
2045-04-23,0.0014890983670665
2045-04-24,0.0013219968090269
2045-04-25,0.0011427479903258
2045-04-26,0.0009972620504119
2045-04-27,0.0008751000812304
2045-04-28,0.0007574515218686
2045-04-29,0.0039104039606234
2045-04-30,0.0020997896074435
2045-05-01,0.0007027625728321
2045-05-02,0.0006630922269469
2045-05-03,0.0005928347885161
2045-05-04,0.0005267681786082
2045-05-05,0.0004780357212765
2045-05-06,0.0004455537799833
2045-05-07,0.0004253551939633
2045-05-08,0.0004123843646287
2045-05-09,0.0004077336127838
2045-05-10,0.0004040461723075
2045-05-11,0.0004003186670152
2045-05-12,0.0003965372544847
2045-05-13,0.000392672841443
2045-05-14,0.0003889778093528
2045-05-15,0.0003858831064888
2045-05-16,0.0003829985281612
2045-05-17,0.0003795603246526
2045-05-18,0.0003758383491386
2045-05-19,0.0089430243591746
2045-05-20,0.0111915423562584
2045-05-21,0.0169439871263282
2045-05-22,0.0005183473679894
2045-05-23,0.0006843035135874
2045-05-24,0.0007043966460535
2045-05-25,0.0006521672951481
2045-05-26,0.0005756476508394
2045-05-27,0.000506362651755
2045-05-28,0.0004554364698854
2045-05-29,0.0004243924687223
2045-05-30,0.0004099932803064
2045-05-31,0.0004054335761672
2045-06-01,0.0004014944153338
2045-06-02,0.0003974222501228
2045-06-03,0.0003933049890479
2045-06-04,0.0003890768669037
2045-06-05,0.0003850094886047
2045-06-06,0.0014200464215714
2045-06-07,0.0003811073810742
2045-06-08,0.0003791486667615
2045-06-09,0.0003760749804169
2045-06-10,0.0003727458883596
2045-06-11,0.0003693489007866
2045-06-12,0.0003655930548986
2045-06-13,0.0003615842865216
2045-06-14,0.0003573801563915
2045-06-15,0.0003530236292128
2045-06-16,0.0003488194119678
2045-06-17,0.0003444663907332
2045-06-18,0.0003401165310685
2045-06-19,0.0003356733630016
2045-06-20,0.0003310266466803
2045-06-21,0.0003264166717364
2045-06-22,0.0003218001119299
2045-06-23,0.0003171308315154
2045-06-24,0.0003123066916869
2045-06-25,0.0003075858736421
2045-06-26,0.0003027852448583
2045-06-27,0.0002981448615354
2045-06-28,0.0002938740929859
2045-06-29,0.0002892152458921
2045-06-30,0.0002843023768323
2045-07-01,0.0002794561667963
2045-07-02,0.0002744756704863
2045-07-03,0.0002695743404621
2045-07-04,0.0002646836498782
2045-07-05,0.0002597257785673
2045-07-06,0.0002549225918489
2045-07-07,0.000250357023593
2045-07-08,0.0002457744711359
2045-07-09,0.0002416049550888
2045-07-10,0.0002376699178967
2045-07-11,0.0002337995303841
2045-07-12,0.0002299079007701
2045-07-13,0.000226240506717
2045-07-14,0.0002225701849961
2045-07-15,0.0002190342448186
2045-07-16,0.0002157548695863
2045-07-17,0.0002127737052833
2045-07-18,0.0002099987879693
2045-07-19,0.0002072538868808
2045-07-20,0.0002044967295903
2045-07-21,0.0002016497133545
2045-07-22,0.0001989059604573
2045-07-23,0.0001965133831535
2045-07-24,0.000194227828535
2045-07-25,0.0001918111365531
2045-07-26,0.0001894378272154
2045-07-27,0.0001873840993489
2045-07-28,0.0001855687572758
2045-07-29,0.0001838490616119
2045-07-30,0.000182155862381
2045-07-31,0.0001805599873098
2045-08-01,0.0001790922356269
2045-08-02,0.0001777586254271
2045-08-03,0.000176426269729
2045-08-04,0.0001750530715208
2045-08-05,0.0001736942063904
2045-08-06,0.0001723566336522
2045-08-07,0.000170959803312
2045-08-08,0.000169749730024
2045-08-09,0.0001687950226934
2045-08-10,0.0001677565027974
2045-08-11,0.00016649711792
2045-08-12,0.0001653284812602
2045-08-13,0.0001644332612721
2045-08-14,0.0001636330604837
2045-08-15,0.0001627533393072
2045-08-16,0.0001618739885865
2045-08-17,0.0001611893380461
2045-08-18,0.0001605417784837
2045-08-19,0.0001599489254715
2045-08-20,0.000159437364214
2045-08-21,0.0001589709585822
2045-08-22,0.0001585371603665
2045-08-23,0.0001582195976276
2045-08-24,0.000157931388568
2045-08-25,0.0001576799323114
2045-08-26,0.0001574783200902
2045-08-27,0.0001572728552523
2045-08-28,0.0001570857907294
2045-08-29,0.0001569868698558
2045-08-30,0.0001569014507242
2045-08-31,0.0001568160009265
2045-09-01,0.0001567305817949
2045-09-02,0.0001566451319972
2045-09-03,0.0001565597128656
2045-09-04,0.0001564742630679
2045-09-05,0.000156387619293
2045-09-06,0.0001563021694954
2045-09-07,0.000156217975007
2045-09-08,0.0001561325558753
2045-09-09,0.0001560471367437
2045-09-10,0.0001559622099243
2045-09-11,0.0001558767907926
2045-09-12,0.0001557913716609
2045-09-13,0.0001557059525293
2045-09-14,0.0001556222810191
2045-09-15,0.0001555368312215
2045-09-16,0.0001554514120898
2045-09-17,0.0001553665159364
2045-09-18,0.000155282321448
2045-09-19,0.0001551974252946
2045-09-20,0.000155112006163
2045-09-21,0.0001550283346528
2045-09-22,0.0001549429155211
2045-09-23,0.000154859244011
2045-09-24,0.0001547738555453
2045-09-25,0.0001546901840352
2045-09-26,0.0001546047649035
2045-09-27,0.0001545210933934
2045-09-28,0.0001544361972399
2045-09-29,0.0001543520334175
2045-09-30,0.0001542683619074
2045-10-01,0.000154183465754
2045-10-02,0.0001540997942438
2045-10-03,0.0001540156304214
2045-10-04,0.000153930734268
2045-10-05,0.0001538470934238
2045-10-06,0.0001537634219137
2045-10-07,0.0001536797810695
2045-10-08,0.0001535961095594
2045-10-09,0.0001535112440719
2045-10-10,0.0001534275725618
2045-10-11,0.0001533439317176
2045-10-12,0.0001532602602075
2045-10-13,0.0001531766193633
2045-10-14,0.0001530929785191
2045-10-15,0.000153009307009
2045-10-16,0.0001529256661648
2045-10-17,0.0001528420253207
2045-10-18,0.0001527583538105
2045-10-19,0.0001526747129664
2045-10-20,0.0001525928197437
2045-10-21,0.0001525091788995
2045-10-22,0.0001524255380554
2045-10-23,0.0008120015021123
2045-10-24,0.0001522587486793
2045-10-25,0.0002766947939685
2045-10-26,0.0001520932146125
2045-10-27,0.0001520095737683
2045-10-28,0.0001519271575674
2045-10-29,0.0001518440397015
2045-10-30,0.0001517616541666
2045-10-31,0.0001516785363006
2045-11-01,0.0001515954184347
2045-11-02,0.0001515130022338
2045-11-03,0.0010021309303628
2045-11-04,0.000151347468167
2045-11-05,0.0001512656056103
2045-11-06,0.0001511824877444
2045-11-07,0.0001511000715435
2045-11-08,0.0001510182089868
2045-11-09,0.0001509363157642
2045-11-10,0.0001508532285642
2045-11-11,0.0001507713353416
2045-11-12,0.000459120002045
2045-11-13,0.00015060708725
2045-11-14,0.0001505251940274
2045-11-15,0.0001504433314707
2045-11-16,0.000150361468914
2045-11-17,0.0001502795756914
2045-11-18,0.0001501977131347
2045-11-19,0.000150115850578
2045-11-20,0.0001500339880213
2045-11-21,0.0001499520947987
2045-11-22,0.000149870232242
2045-11-23,0.0001497901173069
2045-11-24,0.0001497082547502
2045-11-25,0.0001496263921935
2045-11-26,0.0001495445296368
2045-11-27,0.0001494626670802
2045-11-28,0.000149382552145
2045-11-29,0.0001493006895883
2045-11-30,0.0001492188270317
2045-12-01,0.0001491387120965
2045-12-02,0.0001490568495398
2045-12-03,0.0001489749869832
2045-12-04,0.000148894872048
2045-12-05,0.0001488130094913
2045-12-06,0.0086321494627926
2045-12-07,0.0103056275027817
2045-12-08,0.0003059648408996
2045-12-09,0.000356055210202
2045-12-10,0.0082074420007236
2045-12-11,0.0017948261902438
2045-12-12,0.0029266338236682
2045-12-13,0.0005262001692789
2045-12-14,0.0003265501068476
2045-12-15,0.0002021883436753
2045-12-16,0.0002044263877637
2045-12-17,0.0002058464850127
2045-12-18,0.0002067128887832
2045-12-19,0.0002071805885447
2045-12-20,0.0002073950436528
2045-12-21,0.0002074640594531
2045-12-22,0.0006561902847948
2045-12-23,0.0023089647333574
2045-12-24,0.0002090938099824
2045-12-25,0.0002099286476938
2045-12-26,0.0002105879979342
2045-12-27,0.0002109581161375
2045-12-28,0.0002110888041645
2045-12-29,0.0002110011684118
2045-12-30,0.0002107505590755
2045-12-31,0.0002104695994592
2046-01-01,0.0002101626794702
2046-01-02,0.000209851733487
2046-01-03,0.0002095602942998
2046-01-04,0.0002092192572541
2046-01-05,0.0002088490176937
2046-01-06,0.0002083639070387
2046-01-07,0.0002077890560236
2046-01-08,0.0002071807503704
2046-01-09,0.0002065867699806
2046-01-10,0.0002059846120931
2046-01-11,0.0002054439774829
2046-01-12,0.0002050129878377
2046-01-13,0.000204734264038
2046-01-14,0.0002044918031516
2046-01-15,0.0003396604066905
2046-01-16,0.0030256581150478
2046-01-17,0.0002144237779927
2046-01-18,0.0002051159772393
2046-01-19,0.0003859217546419
2046-01-20,0.0002061296763927
2046-01-21,0.0081931954970062
2046-01-22,0.0195862372377706
2046-01-23,0.0254387677912948
2046-01-24,0.0482494071791402
2046-01-25,0.106745103445705
2046-01-26,0.0211129592371521
2046-01-27,0.0201306610716833
2046-01-28,0.0294602770227773
2046-01-29,0.0427064914919473
2046-01-30,0.0322361246244545
2046-01-31,0.0341633913567241
2046-02-01,0.041623691709576
2046-02-02,0.0439138139106217
2046-02-03,0.1061250177662156
2046-02-04,0.03949427381037
2046-02-05,0.104614801909116
2046-02-06,0.0304934416226417
2046-02-07,0.0297801081029411
2046-02-08,0.0288302899815417
2046-02-09,0.0269168837328551
2046-02-10,0.0233739976339579
2046-02-11,0.0199860388747435
2046-02-12,0.0171181442964274
2046-02-13,0.0147387098606921
2046-02-14,0.0127166042912989
2046-02-15,0.0110245072392869
2046-02-16,0.0131476463473309
2046-02-17,0.0126006441868777
2046-02-18,0.0088311613500041
2046-02-19,0.025647793014901
2046-02-20,0.0144453058826238
2046-02-21,0.0138583748157813
2046-02-22,0.013050139733196
2046-02-23,0.011869375440858
2046-02-24,0.0109054671089608
2046-02-25,0.0097878507197228
2046-02-26,0.0096944968793906
2046-02-27,0.0081593579153446
2046-02-28,0.0073934272397995
2046-03-01,0.0066860733749352
2046-03-02,0.0099561176012476
2046-03-03,0.0058412594786997
2046-03-04,0.0055255925984903
2046-03-05,0.0051207415027908
2046-03-06,0.0180273582731543
2046-03-07,0.0171651374100768
2046-03-08,0.0269804622765477
2046-03-09,0.0203702926716168
2046-03-10,0.0195669210361468
2046-03-11,0.0210702368901096
2046-03-12,0.0223198533090941
2046-03-13,0.0233196791142909
2046-03-14,0.0191327178300397
2046-03-15,0.0171624544889594
2046-03-16,0.0151263577018026
2046-03-17,0.013202798208465
2046-03-18,0.011507338124112
2046-03-19,0.0214738980099024
2046-03-20,0.0169347559615378
2046-03-21,0.0129758238170287
2046-03-22,0.0126272731557152
2046-03-23,0.0114705192478963
2046-03-24,0.0102072554693771
2046-03-25,0.0314328164090734
2046-03-26,0.0158689277193135
2046-03-27,0.0185698333261899
2046-03-28,0.0157826583792583
2046-03-29,0.0246623116188369
2046-03-30,0.0223806006926555
2046-03-31,0.0178529236210108
2046-04-01,0.0166557538465097
2046-04-02,0.014606876394315
2046-04-03,0.0126858893317974
2046-04-04,0.0166191906063354
2046-04-05,0.0575380860357778
2046-04-06,0.0290578941127768
2046-04-07,0.0264861209401984
2046-04-08,0.0230200724291755
2046-04-09,0.019513888870181
2046-04-10,0.0174121375511357
2046-04-11,0.0146584541310665
2046-04-12,0.0128165118151808
2046-04-13,0.0111145446115834
2046-04-14,0.0096496499447245
2046-04-15,0.0084026997015542
2046-04-16,0.0072220778478548
2046-04-17,0.0061969723581911
2046-04-18,0.005346259172529
2046-04-19,0.0178358125107295
2046-04-20,0.0160810051330023
2046-04-21,0.0090314196348413
2046-04-22,0.009320918817505
2046-04-23,0.0298243365128228
2046-04-24,0.0142400206875948
2046-04-25,0.0143382228885198
2046-04-26,0.0127950828325606
2046-04-27,0.0110932307387594
2046-04-28,0.0095114485672554
2046-04-29,0.0081467356277801
2046-04-30,0.0097728965386535
2046-05-01,0.0066103466507335
2046-05-02,0.0059321880205954
2046-05-03,0.00524645494814
2046-05-04,0.0071804953784097
2046-05-05,0.0048160973987461
2046-05-06,0.004443326908494
2046-05-07,0.0040434685986272
2046-05-08,0.0060318864238073
2046-05-09,0.0165604423911504
2046-05-10,0.0210373589643102
2046-05-11,0.0259027931216896
2046-05-12,0.0430877042463838
2046-05-13,0.0266838438504982
2046-05-14,0.024605629371426
2046-05-15,0.0206655027581562
2046-05-16,0.0170310893986838
2046-05-17,0.0140552625537208
2046-05-18,0.0116512852155522
2046-05-19,0.0096731855647697
2046-05-20,0.008062753000494
2046-05-21,0.0073890382069847
2046-05-22,0.0064184345870852
2046-05-23,0.0056577025480714
2046-05-24,0.0050163404861759
2046-05-25,0.004287710968976
2046-05-26,0.0035830414248928
2046-05-27,0.0030037240214011
2046-05-28,0.0042398920396785
2046-05-29,0.0088452812504025
2046-05-30,0.00496758779471
2046-05-31,0.0030312277630482
2046-06-01,0.003011295439545
2046-06-02,0.0027796248071821
2046-06-03,0.0024453079771801
2046-06-04,0.0020693400331729
2046-06-05,0.0017050496387467
2046-06-06,0.001391506275073
2046-06-07,0.0011207402572995
2046-06-08,0.0009062698741977
2046-06-09,0.0007523002797487
2046-06-10,0.0006689226273029
2046-06-11,0.0005996372234855
2046-06-12,0.0005102004408025
2046-06-13,0.0004489816249888
2046-06-14,0.0004188257875188
2046-06-15,0.0004094462746754
2046-06-16,0.0004052098912314
2046-06-17,0.0004010208169979
2046-06-18,0.0003967727157932
2046-06-19,0.0003924576554474
2046-06-20,0.0003884444594933
2046-06-21,0.0003844588013442
2046-06-22,0.0003800619283065
2046-06-23,0.0003757276805254
2046-06-24,0.00037138740845
2046-06-25,0.0003671497904307
2046-06-26,0.000362987709492
2046-06-27,0.0003583094381294
2046-06-28,0.0003536558616379
2046-06-29,0.0003489484344401
2046-06-30,0.0003441078830874
2046-07-01,0.0003397395445382
2046-07-02,0.0003354135990842
2046-07-03,0.0003306125388557
2046-07-04,0.0003258334048098
2046-07-05,0.0003210605199155
2046-07-06,0.0003162914438483
2046-07-07,0.0003117348119776
2046-07-08,0.0003070765610491
2046-07-09,0.0003025557088625
2046-07-10,0.0002978301271419
2046-07-11,0.0002931193200563
2046-07-12,0.0002886239665929
2046-07-13,0.0002839337036793
2046-07-14,0.0002792338635524
2046-07-15,0.0002745741712776
2046-07-16,0.0002699568978363
2046-07-17,0.0002652282886355
2046-07-18,0.0002602792417363
2046-07-19,0.0002555095462677
2046-07-20,0.0002510293592964
2046-07-21,0.0002466596151115
2046-07-22,0.000242688537098
2046-07-23,0.0002389834142807
2046-07-24,0.0002353486423408
2046-07-25,0.0002319722132108
2046-07-26,0.0002286642352371
2046-07-27,0.0002254449324682
2046-07-28,0.0002221192292987
2046-07-29,0.0002190592531554
2046-07-30,0.0002162234643676
2046-07-31,0.0002135656822085
2046-08-01,0.0002110109847011
2046-08-02,0.0002085616510258
2046-08-03,0.0002060779803226
2046-08-04,0.0002035284132112
2046-08-05,0.0002009950714659
2046-08-06,0.000198743453987
2046-08-07,0.0001964567119307
2046-08-08,0.0001938524868971
2046-08-09,0.0001915280054552
2046-08-10,0.0001892111765365
2046-08-11,0.0001868765888279
2046-08-12,0.0001848209747071
2046-08-13,0.0001831095653567
2046-08-14,0.0001815428531723
2046-08-15,0.0001799549217795
2046-08-16,0.0001784158914665
2046-08-17,0.0001769833253497
2046-08-18,0.0001756357367661
2046-08-19,0.0001743245721987
2046-08-20,0.0001730353170789
2046-08-21,0.0001716272507516
2046-08-22,0.0001702818034782
2046-08-23,0.0001690833837737
2046-08-24,0.0001679931594921
2046-08-25,0.0001669993499258
2046-08-26,0.0001662723476192
2046-08-27,0.0001656011914739
2046-08-28,0.0001648150591952
2046-08-29,0.000691115113924
2046-08-30,0.0001637130455809
2046-08-31,0.0001629011904845
2046-09-01,0.0001621080387102
2046-09-02,0.0001614248050496
2046-09-03,0.000160692597167
2046-09-04,0.0001600053383164
2046-09-05,0.0001594827265999
2046-09-06,0.0001591351055437
2046-09-07,0.0001587852339355
2046-09-08,0.0001584173848381
2046-09-09,0.0001581569092985
2046-09-10,0.0001578994060237
2046-09-11,0.0001576419632734
2046-09-12,0.0001574324193498
2046-09-13,0.0001572294344645
2046-09-14,0.000157048462492
2046-09-15,0.0001569605634078
2046-09-16,0.0001568751442761
2046-09-17,0.0001567896944785
2046-09-18,0.0001567042753468
2046-09-19,0.0001566188255492
2046-09-20,0.0001565334064175
2046-09-21,0.0001564479566199
2046-09-22,0.0001563625374882
2046-09-23,0.0001562770876906
2046-09-24,0.0001561916685589
2046-09-25,0.0001561062494273
2046-09-26,0.0001560207996296
2046-09-27,0.000155935380498
2046-09-28,0.0001558504843446
2046-09-29,0.0001557662591902
2046-09-30,0.0001556808400585
2046-10-01,0.0001555954209269
2046-10-02,0.0001555105247734
2046-10-03,0.0001554263302851
2046-10-04,0.0001553414034656
2046-10-05,0.000155255984334
2046-10-06,0.0001551717898456
2046-10-07,0.0001550868936922
2046-10-08,0.0001550014745605
2046-10-09,0.0001549178030504
2046-10-10,0.0001548323839187
2046-10-11,0.0001547487124086
2046-10-12,0.0001546632932769
2046-10-13,0.0001545796524327
2046-10-14,0.0001544947562793
2046-10-15,0.0001544105617909
2046-10-16,0.0001543268902808
2046-10-17,0.0001542419941274
2046-10-18,0.0001541583532832
2046-10-19,0.0001540741587948
2046-10-20,0.0001539892626414
2046-10-21,0.0001539055911312
2046-10-22,0.0001538219502871
2046-10-23,0.0001537382787769
2046-10-24,0.0001536534132895
2046-10-25,0.0001535692188011
2046-10-26,0.0011486206475517
2046-10-27,0.0001534019064468
2046-10-28,0.0001533182656026
2046-10-29,0.0001532345940925
2046-10-30,0.0001531514762265
2046-10-31,0.0001530678047164
2046-11-01,0.0001529841638722
2046-11-02,0.0001529005230281
2046-11-03,0.0001528168821839
2046-11-04,0.0001527332106738
2046-11-05,0.0001526507944729
2046-11-06,0.0001525676766069
2046-11-07,0.0001524840357628
2046-11-08,0.0001524003949186
2046-11-09,0.0001523172463867
2046-11-10,0.0001522348301858
2046-11-11,0.0001521511893416
2046-11-12,0.0001520680714757
2046-11-13,0.0001519856552748
2046-11-14,0.0001519020144306
2046-11-15,0.000151820121208
2046-11-16,0.0001517364803638
2046-11-17,0.0001516533624979
2046-11-18,0.000151570946297
2046-11-19,0.0001514878590971
2046-11-20,0.0001514059658744
2046-11-21,0.0001513235496735
2046-11-22,0.0001512404318076
2046-11-23,0.0001511585385849
2046-11-24,0.0001510749284068
2046-11-25,0.0001509930351841
2046-11-26,0.0001509111419614
2046-11-27,0.0001508280240955
2046-11-28,0.0001507456385606
2046-11-29,0.0001506637453379
2046-11-30,0.0001505818827813
2046-12-01,0.0001504987649153
2046-12-02,0.0001504169023587
2046-12-03,0.000150335009136
2046-12-04,0.0001502531159134
2046-12-05,0.0001501712533567
2046-12-06,0.0001500893908
2046-12-07,0.0001500074975774
2046-12-08,0.0001499256350207
2046-12-09,0.000149843741798
2046-12-10,0.0001497618792414
2046-12-11,0.0003123639344953
2046-12-12,0.0002730283471042
2046-12-13,0.0016039900327372
2046-12-14,0.0002309181042337
2046-12-15,0.0004786777918722
2046-12-16,0.000167200668397
2046-12-17,0.000260574672174
2046-12-18,0.0001540797089474
2046-12-19,0.0001658438074886
2046-12-20,0.0010371246830833
2046-12-21,0.0004824049185337
2046-12-22,0.0001487984624729
2046-12-23,0.00014872465475
2046-12-24,0.0035253204172514
2046-12-25,0.0001486382902403
2046-12-26,0.0001486819324866
2046-12-27,0.0001487417580071
2046-12-28,0.0001488094290086
2046-12-29,0.0001488818812284
2046-12-30,0.0001489561424017
2046-12-31,0.0001788131579222
2047-01-01,0.0001491073103054
2047-01-02,0.0001491832017453
2047-01-03,0.0001492591238512
2047-01-04,0.0002595896554882
2047-01-05,0.0049608611673939
2047-01-06,0.0016263185781501
2047-01-07,0.0001518300674988
2047-01-08,0.0001537842147431
2047-01-09,0.0001554790240208
2047-01-10,0.0001569193844756
2047-01-11,0.0001581531724673
2047-01-12,0.0001592237914537
2047-01-13,0.0001601632252529
2047-01-14,0.000160995612202
2047-01-15,0.0004192209268477
2047-01-16,0.0014663112002783
2047-01-17,0.0022491522975851
2047-01-18,0.0017777427506328
2047-01-19,0.0002477661762622
2047-01-20,0.0002664304558447
2047-01-21,0.0003268337548547
2047-01-22,0.0003259802795227
2047-01-23,0.0019644629275917
2047-01-24,0.0088451630621095
2047-01-25,0.0042649534018084
2047-01-26,0.0049935526464322
2047-01-27,0.0002099825816533
2047-01-28,0.0002165344258039
2047-01-29,0.0158670452406674
2047-01-30,0.025637614333938
2047-01-31,0.0113933831471423
2047-02-01,0.0051135421944847
2047-02-02,0.003728672527339
2047-02-03,0.0049620471884269
2047-02-04,0.0046331019046038
2047-02-05,0.0054152576104533
2047-02-06,0.0074315569627136
2047-02-07,0.006880022626973
2047-02-08,0.0055598280152761
2047-02-09,0.0107006724341989
2047-02-10,0.0056758011366369
2047-02-11,0.0127480046206499
2047-02-12,0.0145721972133823
2047-02-13,0.0091103302047915
2047-02-14,0.0101596120469409
2047-02-15,0.0108203682017033
2047-02-16,0.0115899312538336
2047-02-17,0.0102228400166171
2047-02-18,0.0099025553557944
2047-02-19,0.0094888176092045
2047-02-20,0.0092491550754747
2047-02-21,0.0091727446765915
2047-02-22,0.007905647637086
2047-02-23,0.0191883168109997
2047-02-24,0.0214697065496918
2047-02-25,0.0158203946244939
2047-02-26,0.0141760297842867
2047-02-27,0.0172074213379056
2047-02-28,0.0169240962505988
2047-03-01,0.0138776706330521
2047-03-02,0.0154223125944358
2047-03-03,0.012437096559758
2047-03-04,0.0115895861848315
2047-03-05,0.0122710146483086
2047-03-06,0.0098355712843465
2047-03-07,0.0089497790940681
2047-03-08,0.0080645440504229
2047-03-09,0.0072488787392168
2047-03-10,0.0065055456014025
2047-03-11,0.0058382252328794
2047-03-12,0.005225990660719
2047-03-13,0.0046706966912448
2047-03-14,0.0041716245934288
2047-03-15,0.0081835361353231
2047-03-16,0.0036463392425509
2047-03-17,0.0035055488512948
2047-03-18,0.0033059858553676
2047-03-19,0.0030603972528304
2047-03-20,0.0027866475677932
2047-03-21,0.0025175830474056
2047-03-22,0.0022579287422823
2047-03-23,0.0020049095454649
2047-03-24,0.0017728465827126
2047-03-25,0.0024683363215389
2047-03-26,0.0014942463121515
2047-03-27,0.001327915644011
2047-03-28,0.0057447335851772
2047-03-29,0.0012018309430559
2047-03-30,0.0011763005973521
2047-03-31,0.0011156952446922
2047-04-01,0.0010445612427111
2047-04-02,0.0009582608394141
2047-04-03,0.0008560327308209
2047-04-04,0.0007584779554227
2047-04-05,0.0008840322966903
2047-04-06,0.0013104735723102
2047-04-07,0.0024847356826122
2047-04-08,0.0006596321538874
2047-04-09,0.0055981872659278
2047-04-10,0.0021463545962054
2047-04-11,0.0008939552554833
2047-04-12,0.0009464443539512
2047-04-13,0.0013899491496778
2047-04-14,0.0022274899290839
2047-04-15,0.0010690245446693
2047-04-16,0.0010656521022498
2047-04-17,0.0010178426457047
2047-04-18,0.0009391857164657
2047-04-19,0.0008620963177355
2047-04-20,0.0007909018005437
2047-04-21,0.0007115707111978
2047-04-22,0.000626842746252
2047-04-23,0.0005549176276715
2047-04-24,0.0005027392328172
2047-04-25,0.0004647500120973
2047-04-26,0.000437200938146
2047-04-27,0.0004183801095051
2047-04-28,0.0004089494272924
2047-04-29,0.0004057700478061
2047-04-30,0.0004431119264699
2047-05-01,0.0073100269845603
2047-05-02,0.0004042782136942
2047-05-03,0.0004040403807917
2047-05-04,0.0004026109561238
2047-05-05,0.0004005117741358
2047-05-06,0.0073808936765195
2047-05-07,0.0004032452555086
2047-05-08,0.0004060284268623
2047-05-09,0.000406475618668
2047-05-10,0.0004052822273837
2047-05-11,0.000403626925115
2047-05-12,0.0004011614088103
2047-05-13,0.0003979545977222
2047-05-14,0.0003944865959214
2047-05-15,0.0005075187470592
2047-05-16,0.0003906902357142
2047-05-17,0.0003884448837819
2047-05-18,0.0027948271081801
2047-05-19,0.0003864765018664
2047-05-20,0.0003843553708379
2047-05-21,0.0003813225940708
2047-05-22,0.0003776530885691
2047-05-23,0.0003737740195222
2047-05-24,0.0003698884719232
2047-05-25,0.0003659560607496
2047-05-26,0.0003620414570002
2047-05-27,0.0003580871666635
2047-05-28,0.0003541646401737
2047-05-29,0.0003500636813842
2047-05-30,0.0003459163276318
2047-05-31,0.0003417978328688
2047-06-01,0.0003375450240525
2047-06-02,0.0003332189296841
2047-06-03,0.0003288599491017
2047-06-04,0.0003244154205656
2047-06-05,0.0003199406533692
2047-06-06,0.0003153545295614
2047-06-07,0.0003109883249308
2047-06-08,0.0003067605960939
2047-06-09,0.0003028204559484
2047-06-10,0.0002991299540164
2047-06-11,0.0002956179203594
2047-06-12,0.0002920025174347
2047-06-13,0.0002883791296302
2047-06-14,0.0002845832618285
2047-06-15,0.0049086515521361
2047-06-16,0.0002980761636656
2047-06-17,0.0002797345813108
2047-06-18,0.0002765946162504
2047-06-19,0.0002732570413455
2047-06-20,0.0002696388044426
2047-06-21,0.0002656801368515
2047-06-22,0.0002616421979773
2047-06-23,0.0002574483925115
2047-06-24,0.0002533051850332
2047-06-25,0.0002493476206103
2047-06-26,0.0002454406871772
2047-06-27,0.0002412193100986
2047-06-28,0.0002371271036398
2047-06-29,0.0002333897991189
2047-06-30,0.0002297387973528
2047-07-01,0.0002261286794227
2047-07-02,0.0002224345931333
2047-07-03,0.0002187155707236
2047-07-04,0.0002150623937068
2047-07-05,0.0002117446780437
2047-07-06,0.0002086988138566
2047-07-07,0.0002057545111725
2047-07-08,0.0002027417086561
2047-07-09,0.0001995893798466
2047-07-10,0.0001963757003299
2047-07-11,0.0001936659488707
2047-07-12,0.0001911124029026
2047-07-13,0.0001884782684629
2047-07-14,0.0001861653997462
2047-07-15,0.0001836932718526
2047-07-16,0.000181249814489
2047-07-17,0.0001790703986279
2047-07-18,0.0001772739770793
2047-07-19,0.0001756848346281
2047-07-20,0.0001740265744816
2047-07-21,0.000172412584217
2047-07-22,0.0001710830585779
2047-07-23,0.0001697372907932
2047-07-24,0.0001686733204556
2047-07-25,0.0001678519193559
2047-07-26,0.0001671079438447
2047-07-27,0.0001663311978179
2047-07-28,0.0001655791568545
2047-07-29,0.0001648831362374
2047-07-30,0.0001641167324205
2047-07-31,0.000163247439415
2047-08-01,0.0001624270331766
2047-08-02,0.000161815092583
2047-08-03,0.000161321824138
2047-08-04,0.0001608696611564
2047-08-05,0.0001604485873286
2047-08-06,0.0001600620795061
2047-08-07,0.0001596920456904
2047-08-08,0.0001593056699613
2047-08-09,0.0001589180389229
2047-08-10,0.00015853540661
2047-08-11,0.0001582209409205
2047-08-12,0.0001579917708912
2047-08-13,0.0001577855354109
2047-08-14,0.0001575866784561
2047-08-15,0.0001573832315846
2047-08-16,0.0001571484059743
2047-08-17,0.0001568846812378
2047-08-18,0.0001566927181419
2047-08-19,0.0001566035944144
2047-08-20,0.0001565181446168
2047-08-21,0.0045053674042434
2047-08-22,0.00015635401388
2047-08-23,0.0001562815481552
2047-08-24,0.0001562096054087
2047-08-25,0.0001561383643271
2047-08-26,0.0001560663909146
2047-08-27,0.0001559926698805
2047-08-28,0.0001559169918722
2047-08-29,0.0001558407602196
2047-08-30,0.0001557633039238
2047-08-31,0.0001556845923186
2047-09-01,0.0001556046560703
2047-09-02,0.0001555247198219
2047-09-03,0.0001554435589303
2047-09-04,0.0001553618443944
2047-09-05,0.0001552794281935
2047-09-06,0.0001551970119926
2047-09-07,0.0001551145651257
2047-09-08,0.0001550321489248
2047-09-09,0.0001549485080807
2047-09-10,0.0001548655382356
2047-09-11,0.0001547818973914
2047-09-12,0.0001546982258812
2047-09-13,0.0001546145850371
2047-09-14,0.0001545309135269
2047-09-15,0.00015444846666
2047-09-16,0.0001543643028376
2047-09-17,0.0001542794066842
2047-09-18,0.0001541957351741
2047-09-19,0.0001541120943299
2047-09-20,0.0001540284228198
2047-09-21,0.0001539447819756
2047-09-22,0.0001538611104654
2047-09-23,0.0001537774696213
2047-09-24,0.0001536937981111
2047-09-25,0.000153610126601
2047-09-26,0.0001535264857568
2047-09-27,0.0001534428142467
2047-09-28,0.0001533596963807
2047-09-29,0.0001532760555366
2047-09-30,0.0001531923840264
2047-10-01,0.0001531087431823
2047-10-02,0.0001530250716721
2047-10-03,0.0001529419538062
2047-10-04,0.000152858312962
2047-10-05,0.0001527746414519
2047-10-06,0.0001526915235859
2047-10-07,0.0001526078827418
2047-10-08,0.0001525254358749
2047-10-09,0.000152442318009
2047-10-10,0.0001523586771648
2047-10-11,0.0001522755592989
2047-10-12,0.0001521919184547
2047-10-13,0.000152110025232
2047-10-14,0.0001520263843879
2047-10-15,0.000151943235856
2047-10-16,0.0001518608196551
2047-10-17,0.0001517777017891
2047-10-18,0.0001516945839232
2047-10-19,0.0001516121677223
2047-10-20,0.0001515290498564
2047-10-21,0.0001514471872997
2047-10-22,0.0001513635464556
2047-10-23,0.0001512816532329
2047-10-24,0.000151198535367
2047-10-25,0.0001511166421443
2047-10-26,0.0001510335242784
2047-10-27,0.0001509511387435
2047-10-28,0.0001508692455208
2047-10-29,0.0001819249354704
2047-10-30,0.0001507042344322
2047-10-31,0.0001506223718756
2047-11-01,0.0006553420631746
2047-11-02,0.00232841344496
2047-11-03,0.0008945392681167
2047-11-04,0.0001502978939137
2047-11-05,0.000150220320263
2047-11-06,0.0001501427466123
2047-11-07,0.0001500669205832
2047-11-08,0.0001499905715758
2047-11-09,0.0001499129979251
2047-11-10,0.0001498366489177
2047-11-11,0.0001497595982453
2047-11-12,0.0001496819939287
2047-11-13,0.000149604420278
2047-11-14,0.0001495268159613
2047-11-15,0.0001494479870014
2047-11-16,0.0001493691580415
2047-11-17,0.0001492915537249
2047-11-18,0.000149212694099
2047-11-19,0.000149133865139
2047-11-20,0.0001490555284914
2047-11-21,0.0001657763293745
2047-11-22,0.0001488978399055
2047-11-23,0.0001488190109456
2047-11-24,0.0001487401513197
2047-11-25,0.0052749163172843
2047-11-26,0.0062809416278931
2047-11-27,0.0043111781255659
2047-11-28,0.0091639891199651
2047-11-29,0.0011189879576018
2047-11-30,0.0006061248067953
2047-12-01,0.000782155568921
2047-12-02,0.0009483677207396
2047-12-03,0.002764585634721
2047-12-04,0.0015001644211051
2047-12-05,0.0020790144966781
2047-12-06,0.0048378149374327
2047-12-07,0.0107808864630332
2047-12-08,0.000232158639811
2047-12-09,0.0002402245545929
2047-12-10,0.0002437852798525
2047-12-11,0.0002459006985526
2047-12-12,0.0002475400501794
2047-12-13,0.0024177228707076
2047-12-14,0.0002718545943576
2047-12-15,0.0037870091120195
2047-12-16,0.0079144362527623
2047-12-17,0.0002680309964654
2047-12-18,0.0002744656019629
2047-12-19,0.0002773179136871
2047-12-20,0.0002787499600523
2047-12-21,0.0002796375736432
2047-12-22,0.0002801941681577
2047-12-23,0.0002804665073581
2047-12-24,0.0002806146485859
2047-12-25,0.0019636390184255
2047-12-26,0.0085401873165966
2047-12-27,0.0040492193700536
2047-12-28,0.007871434743463
2047-12-29,0.0019181119169804
2047-12-30,0.0005786134429044
2047-12-31,0.0003340286192498
2048-01-01,0.0003324355103926
2048-01-02,0.0003348473470693
2048-01-03,0.0003366781424985
2048-01-04,0.0003381347803462
2048-01-05,0.000339330008702
2048-01-06,0.0015702917943868
2048-01-07,0.0068178191753881
2048-01-08,0.0052636645474173
2048-01-09,0.0033208111827662
2048-01-10,0.0013443376750354
2048-01-11,0.0014989252274287
2048-01-12,0.0018026602435297
2048-01-13,0.0029973179435086
2048-01-14,0.0004635993274641
2048-01-15,0.0011800377559446
2048-01-16,0.0006773061490209
2048-01-17,0.0007824226972242
2048-01-18,0.0026204141905862
2048-01-19,0.0025354556793613
2048-01-20,0.0023255610664168
2048-01-21,0.0015861300160043
2048-01-22,0.0021572161063746
2048-01-23,0.0004982705547475
2048-01-24,0.0005682304181917
2048-01-25,0.0006046861328824
2048-01-26,0.000707091311339
2048-01-27,0.0007916273318165
2048-01-28,0.00246879784637
2048-01-29,0.0063103337409424
2048-01-30,0.0072930472624792
2048-01-31,0.0042175691108475
2048-02-01,0.00640849546011
2048-02-02,0.0052748352549756
2048-02-03,0.0044362306204769
2048-02-04,0.0045600146026082
2048-02-05,0.0044228417414983
2048-02-06,0.0041580868066677
2048-02-07,0.0038625578012214
2048-02-08,0.0035608810052761
2048-02-09,0.0032710472896752
2048-02-10,0.0030006806074225
2048-02-11,0.0027465385309274
2048-02-12,0.0025018027146744
2048-02-13,0.0022834961987099
2048-02-14,0.0020884854962088
2048-02-15,0.0019180646783943
2048-02-16,0.0018137257148698
2048-02-17,0.0016575345792905
2048-02-18,0.0015313321476908
2048-02-19,0.0014099995705839
2048-02-20,0.0013046316906172
2048-02-21,0.0012010316581309
2048-02-22,0.0011069269919631
2048-02-23,0.0010414914867005
2048-02-24,0.0009746343323888
2048-02-25,0.0009294809361921
2048-02-26,0.0008753346286317
2048-02-27,0.0008242900068032
2048-02-28,0.000783986170135
2048-02-29,0.0007480983734389
2048-03-01,0.0007092410122818
2048-03-02,0.0006603971535448
2048-03-03,0.0006145587812938
2048-03-04,0.0005873283162087
2048-03-05,0.026098796365391
2048-03-06,0.0726014856926015
2048-03-07,0.03266910810018
2048-03-08,0.025671631080393
2048-03-09,0.025754843870425
2048-03-10,0.0235630041612693
2048-03-11,0.019805187781425
2048-03-12,0.0174168295939727
2048-03-13,0.0150739054839709
2048-03-14,0.0130186323965404
2048-03-15,0.0113141105745145
2048-03-16,0.0098719001672716
2048-03-17,0.0085618252516344
2048-03-18,0.007416547632968
2048-03-19,0.0064602850109306
2048-03-20,0.0056789080813661
2048-03-21,0.0049820133629085
2048-03-22,0.0043432490285115
2048-03-23,0.0040399820080418
2048-03-24,0.0043010952197884
2048-03-25,0.0148093876462777
2048-03-26,0.0072788885672659
2048-03-27,0.0052469697770063
2048-03-28,0.0053993807742714
2048-03-29,0.0051377711659942
2048-03-30,0.0047240528133633
2048-03-31,0.0042785384692724
2048-04-01,0.0038323687481158
2048-04-02,0.0034102855649768
2048-04-03,0.0030172813610311
2048-04-04,0.0026327756163758
2048-04-05,0.0023091123003382
2048-04-06,0.0020642520156737
2048-04-07,0.0018694754996042
2048-04-08,0.0017242339269089
2048-04-09,0.0015498305520223
2048-04-10,0.0013580443126028
2048-04-11,0.001156987142689
2048-04-12,0.0009727185537425
2048-04-13,0.0008318892403831
2048-04-14,0.0007139537149171
2048-04-15,0.0006144190623378
2048-04-16,0.0005345223894158
2048-04-17,0.0004831394845342
2048-04-18,0.0004518602087605
2048-04-19,0.0045534043880122
2048-04-20,0.0004315302629268
2048-04-21,0.0004196494187597
2048-04-22,0.0004106708344018
2048-04-23,0.0004846191404988
2048-04-24,0.0004061227934023
2048-04-25,0.00040401956775
2048-04-26,0.0004012562833863
2048-04-27,0.0003984766591885
2048-04-28,0.000395781833837
2048-04-29,0.0003931885433599
2048-04-30,0.0003905226048185
2048-05-01,0.0003880056736271
2048-05-02,0.0003853871404559
2048-05-03,0.0003817866302871
2048-05-04,0.0003777840787394
2048-05-05,0.0003737293885131
2048-05-06,0.0003698873870454
2048-05-07,0.0003658502621453
2048-05-08,0.000361708114818
2048-05-09,0.0003574819071335
2048-05-10,0.0003533670111201
2048-05-11,0.0003492812979583
2048-05-12,0.0003451547418635
2048-05-13,0.0003408966591352
2048-05-14,0.0003364402734396
2048-05-15,0.0003319879252055
2048-05-16,0.0003275076535077
2048-05-17,0.0003231989924997
2048-05-18,0.000319005948807
2048-05-19,0.0003147468676507
2048-05-20,0.0003104502130566
2048-05-21,0.0003061514088703
2048-05-22,0.0003018255873105
2048-05-23,0.0002972981940924
2048-05-24,0.0002925916550608
2048-05-25,0.000287777141302
2048-05-26,0.0002831433733419
2048-05-27,0.0002788286809912
2048-05-28,0.0002745891277846
2048-05-29,0.0002699634499088
2048-05-30,0.0002652048952026
2048-05-31,0.0002604087673953
2048-06-01,0.000255776051248
2048-06-02,0.0002513488179389
2048-06-03,0.000247081700117
2048-06-04,0.000242831322062
2048-06-05,0.0002387874778251
2048-06-06,0.0002348870554386
2048-06-07,0.0002310168099131
2048-06-08,0.0002271760964552
2048-06-09,0.0002235070873
2048-06-10,0.000219792963082
2048-06-11,0.0002161140264265
2048-06-12,0.0002126837871083
2048-06-13,0.0002095013757785
2048-06-14,0.0002062751189662
2048-06-15,0.0002028709218233
2048-06-16,0.0001995363976761
2048-06-17,0.0001964234034341
2048-06-18,0.0001935616776724
2048-06-19,0.0001909798667977
2048-06-20,0.0001882415767744
2048-06-21,0.0001855135856803
2048-06-22,0.0001830031532481
2048-06-23,0.0001810545821059
2048-06-24,0.0001791787282192
2048-06-25,0.0001776611408626
2048-06-26,0.00017623331145
2048-06-27,0.000174717144626
2048-06-28,0.0001731760805467
2048-06-29,0.0001718800394074
2048-06-30,0.0001707261921626
2048-07-01,0.0001694851989783
2048-07-02,0.0001680425064643
2048-07-03,0.0001668235482783
2048-07-04,0.0001658006192716
2048-07-05,0.0001647541068439
2048-07-06,0.0001637443173607
2048-07-07,0.0001627448900936
2048-07-08,0.0001618040956001
2048-07-09,0.0001609529845949
2048-07-10,0.000160223709772
2048-07-11,0.0001595953794381
2048-07-12,0.0001589255817655
2048-07-13,0.0001582694155089
2048-07-14,0.0001578014169849
2048-07-15,0.0001575266284948
2048-07-16,0.0001572697286397
2048-07-17,0.0001571034523864
2048-07-18,0.0001570180332547
2048-07-19,0.0001569325834571
2048-07-20,0.0001568471336594
2048-07-21,0.0001567617145278
2048-07-22,0.0001566762647301
2048-07-23,0.0001565896209552
2048-07-24,0.0001565041711575
2048-07-25,0.0001564187520259
2048-07-26,0.0001563333022282
2048-07-27,0.0001562478830966
2048-07-28,0.0001561624639649
2048-07-29,0.0001560775371455
2048-07-30,0.0001559933426571
2048-07-31,0.0001559078928595
2048-08-01,0.0001558224737278
2048-08-02,0.0001557375775744
2048-08-03,0.0001556521584427
2048-08-04,0.0001555667393111
2048-08-05,0.0001554830371349
2048-08-06,0.0001891253013977
2048-08-07,0.0002601365613088
2048-08-08,0.0008035252988458
2048-08-09,0.0001551431082298
2048-08-10,0.0001550582120764
2048-08-11,0.000154974017588
2048-08-12,0.0001548891214346
2048-08-13,0.0001548054499244
2048-08-14,0.0001547200307928
2048-08-15,0.0001546363592826
2048-08-16,0.000154550940151
2048-08-17,0.0001544672686408
2048-08-18,0.000154383568461
2048-08-19,0.0001891077918731
2048-08-20,0.0001542145371549
2048-08-21,0.000155575152843
2048-08-22,0.0001540459694913
2048-08-23,0.0001539623286471
2048-08-24,0.0001538774324937
2048-08-25,0.0001537932380053
2048-08-26,0.0001537095971612
2048-08-27,0.000153625925651
2048-08-28,0.0001535422848068
2048-08-29,0.0001534573886534
2048-08-30,0.0001533737478093
2048-08-31,0.0001532900762991
2048-09-01,0.0001532064354549
2048-09-02,0.0001531227639448
2048-09-03,0.0001530396460789
2048-09-04,0.0001529560052347
2048-09-05,0.0001812830640031
2048-09-06,0.0001527886928804
2048-09-07,0.0001527062766795
2048-09-08,0.0001526226051693
2048-09-09,0.0001525394873034
2048-09-10,0.0001524558464592
2048-09-11,0.0001523722056151
2048-09-12,0.0001522890570832
2048-09-13,0.0001522066408823
2048-09-14,0.0001521230000381
2048-09-15,0.0001520398821722
2048-09-16,0.0001519574659713
2048-09-17,0.0001518743481054
2048-09-18,0.0001517907072612
2048-09-19,0.0001517088140385
2048-09-20,0.0001516251731944
2048-09-21,0.0017363481278271
2048-09-22,0.0022739620057626
2048-09-23,0.0001513808101676
2048-09-24,0.000151303999514
2048-09-25,0.0001512289364818
2048-09-26,0.0001511520951622
2048-09-27,0.0001510757768208
2048-09-28,0.0001509982338361
2048-09-29,0.0001509213618505
2048-09-30,0.0001508420405783
2048-10-01,0.0001507644669277
2048-10-02,0.0001506851149895
2048-10-03,0.0001506062860296
2048-10-04,0.0001505269340915
2048-10-05,0.0001504475514873
2048-10-06,0.0001503674672181
2048-10-07,0.00015028811528
2048-10-08,0.0001502075080326
2048-10-09,0.0001501274237634
2048-10-10,0.000150046816516
2048-10-11,0.0001499661786026
2048-10-12,0.0001498860943334
2048-10-13,0.00014980545642
2048-10-14,0.0001497248491726
2048-10-15,0.0001496447342374
2048-10-16,0.00014956412699
2048-10-17,0.0001494827874116
2048-10-18,0.0001494021801642
2048-10-19,0.0001493215422508
2048-10-20,0.0001492402026723
2048-10-21,0.0001491595954249
2048-10-22,0.0001490794804898
2048-10-23,0.0001489976179331
2048-10-24,0.0001489175336639
2048-10-25,0.0001488368957505
2048-10-26,0.0001487555561721
2048-10-27,0.0004166105120887
2048-10-28,0.0001485948339895
2048-10-29,0.0001485129714328
2048-10-30,0.0001484328564977
2048-10-31,0.0001483527722285
2048-11-01,0.0001482709096718
2048-11-02,0.0001481907947367
2048-11-03,0.0001481107104675
2048-11-04,0.0001480288479108
2048-11-05,0.0001479487636416
2048-11-06,0.0001478686487065
2048-11-07,0.0001477885337713
2048-11-08,0.0001477084495021
2048-11-09,0.0001476265869455
2048-11-10,0.0001475465026763
2048-11-11,0.0001474663877411
2048-11-12,0.0001473863034719
2048-11-13,0.0001473061885368
2048-11-14,0.0001472261042676
2048-11-15,0.0001471447646892
2048-11-16,0.00014706468042
2048-11-17,0.0001469845961508
2048-11-18,0.0001469044812156
2048-11-19,0.0001468243969465
2048-11-20,0.0001467442820113
2048-11-21,0.0001466641977421
2048-11-22,0.0001465841134729
2048-11-23,0.0001465040292038
2048-11-24,0.0001464244372468
2048-11-25,0.0001463455776209
2048-11-26,0.0012737693494889
2048-11-27,0.0054397822453304
2048-11-28,0.0106470302481161
2048-11-29,0.0421131547394832
2048-11-30,0.0160147679155234
2048-12-01,0.0011126533503629
2048-12-02,0.0113353876169861
2048-12-03,0.0144849297437677
2048-12-04,0.0134675012536117
2048-12-05,0.0068080729448077
2048-12-06,0.002501567706797
2048-12-07,0.0003620324501271
2048-12-08,0.0014446521300644
2048-12-09,0.0003708896997049
2048-12-10,0.0043989634534583
2048-12-11,0.0013821746144108
2048-12-12,0.000383038921781
2048-12-13,0.0003859689243429
2048-12-14,0.00038753933624
2048-12-15,0.0003883748999235
2048-12-16,0.0003887093880371
2048-12-17,0.0003888540409874
2048-12-18,0.0003888740665999
2048-12-19,0.0003888455808287
2048-12-20,0.0008284771881458
2048-12-21,0.0007524357934494
2048-12-22,0.000389763571716
2048-12-23,0.0003896264366487
2048-12-24,0.0003893346870691
2048-12-25,0.0003889375621903
2048-12-26,0.0003882456631384
2048-12-27,0.0003874512298077
2048-12-28,0.0003866293927203
2048-12-29,0.000385700840758
2048-12-30,0.0003847287871818
2048-12-31,0.0003837424030331
2049-01-01,0.0018504245826703
2049-01-02,0.0030989114757959
2049-01-03,0.0003839761315503
2049-01-04,0.0003845789367396
2049-01-05,0.0022894147967683
2049-01-06,0.0043375365001833
2049-01-07,0.0003904856619668
2049-01-08,0.0206449341533884
2049-01-09,0.0028043548217422
2049-01-10,0.0023783042574056
2049-01-11,0.0023055081635186
2049-01-12,0.0024379355988369
2049-01-13,0.0024559727250422
2049-01-14,0.012700948615456
2049-01-15,0.0209440776366233
2049-01-16,0.0112647346289985
2049-01-17,0.0093470024594995
2049-01-18,0.0093687345513307
2049-01-19,0.0099819462860673
2049-01-20,0.0084022302822988
2049-01-21,0.0077950371586132
2049-01-22,0.0071263805298165
2049-01-23,0.0064748263355484
2049-01-24,0.0058942348922529
2049-01-25,0.0053811511460326
2049-01-26,0.0049291053947412
2049-01-27,0.0044984283145606
2049-01-28,0.0041047018947703
2049-01-29,0.0037392508819602
2049-01-30,0.0034043886886623
2049-01-31,0.0031252289378272
2049-02-01,0.0032273919017292
2049-02-02,0.0027615413827433
2049-02-03,0.0063685046030645
2049-02-04,0.0025425645469217
2049-02-05,0.0024775799911035
2049-02-06,0.0033243478914184
2049-02-07,0.0030100710257422
2049-02-08,0.0024190470776423
2049-02-09,0.0023708640403835
2049-02-10,0.0022717822494098
2049-02-11,0.0021456242653112
2049-02-12,0.002019405929183
2049-02-13,0.0019021226887232
2049-02-14,0.0017882961461593
2049-02-15,0.0016736638705683
2049-02-16,0.0015545642766646
2049-02-17,0.0058625486310037
2049-02-18,0.0033532987898883
2049-02-19,0.0016368128292347
2049-02-20,0.0016890009506705
2049-02-21,0.0016888587640311
2049-02-22,0.0016501577072614
2049-02-23,0.0015990925457028
2049-02-24,0.0023033851426386
2049-02-25,0.0087233945418962
2049-02-26,0.0094777355281481
2049-02-27,0.0052667270673909
2049-02-28,0.0091764276499649
2049-03-01,0.0113243746555079
2049-03-02,0.0092477819632862
2049-03-03,0.0175743864672889
2049-03-04,0.0550671361650134
2049-03-05,0.0333077807384898
2049-03-06,0.0298623363203949
2049-03-07,0.0303549920503062
2049-03-08,0.0253353492818702
2049-03-09,0.0222482396508318
2049-03-10,0.0191740091490669
2049-03-11,0.0164646009938548
2049-03-12,0.0141270403223146
2049-03-13,0.0121559784260038
2049-03-14,0.0105266049587383
2049-03-15,0.009199281362554
2049-03-16,0.008261297492497
2049-03-17,0.0127744984858948
2049-03-18,0.013636369114169
2049-03-19,0.008034492683707
2049-03-20,0.0081619700227112
2049-03-21,0.007695566022872
2049-03-22,0.0166594279949741
2049-03-23,0.0086159568813156
2049-03-24,0.0115278693114745
2049-03-25,0.0089884714097853
2049-03-26,0.0085421335016541
2049-03-27,0.0078239591184139
2049-03-28,0.0070980745186628
2049-03-29,0.0206064693771452
2049-03-30,0.0099530870690041
2049-03-31,0.0096422401500584
2049-04-01,0.0092247147314387
2049-04-02,0.0083530655908815
2049-04-03,0.0078584273801946
2049-04-04,0.0126618609517048
2049-04-05,0.0070261421360322
2049-04-06,0.0068347454871499
2049-04-07,0.0116900651889396
2049-04-08,0.007433634808641
2049-04-09,0.0069420752458236
2049-04-10,0.0064346483914279
2049-04-11,0.0058325278761354
2049-04-12,0.0122276961725318
2049-04-13,0.0057345241637522
2049-04-14,0.0057620489326087
2049-04-15,0.0068223931450838
2049-04-16,0.0053282057339117
2049-04-17,0.0049584865838748
2049-04-18,0.0044194187892065
2049-04-19,0.0039016810468454
2049-04-20,0.0034033217211299
2049-04-21,0.0030049921350953
2049-04-22,0.0026895114650656
2049-04-23,0.002322913110294
2049-04-24,0.0019855806131797
2049-04-25,0.0016949616526457
2049-04-26,0.0014578275595493
2049-04-27,0.0012707684267663
2049-04-28,0.0013981803730704
2049-04-29,0.003667579770383
2049-04-30,0.0011038117446119
2049-05-01,0.0010046618780493
2049-05-02,0.0008889436681689
2049-05-03,0.0007692928696494
2049-05-04,0.0006720183992672
2049-05-05,0.0012506939192852
2049-05-06,0.000593553105246
2049-05-07,0.0005429611187457
2049-05-08,0.0004842207154386
2049-05-09,0.0004412726292925
2049-05-10,0.0004178004983542
2049-05-11,0.0004078628429474
2049-05-12,0.0004040344660055
2049-05-13,0.0004003027166644
2049-05-14,0.0003964715210492
2049-05-15,0.0003926400310072
2049-05-16,0.0003890329011896
2049-05-17,0.0003854057718823
2049-05-18,0.0003817468035479
2049-05-19,0.0003780716195754
2049-05-20,0.0003742525967447
2049-05-21,0.0003702998735237
2049-05-22,0.000366681429531
2049-05-23,0.0005508621437427
2049-05-24,0.0077605521174464
2049-05-25,0.0003811511035248
2049-05-26,0.0003630152010257
2049-05-27,0.0003609404859523
2049-05-28,0.0003583233649021
2049-05-29,0.000355120730888
2049-05-30,0.0003514652869338
2049-05-31,0.0003477434587607
2049-06-01,0.0003438659835825
2049-06-02,0.0003399389723422
2049-06-03,0.0003359370194587
2049-06-04,0.0003318344050456
2049-06-05,0.00032766184122
2049-06-06,0.0003234289460566
2049-06-07,0.0003191379668361
2049-06-08,0.0003151971892028
2049-06-09,0.0003122439291295
2049-06-10,0.0003101008415574
2049-06-11,0.000307540310005
2049-06-12,0.0003056993719888
2049-06-13,0.0003037407405018
2049-06-14,0.0003159405146507
2049-06-15,0.0002998637890614
2049-06-16,0.0002958965252734
2049-06-17,0.0002915769605968
2049-06-18,0.0002873787639582
2049-06-19,0.0002828591253737
2049-06-20,0.0002784481340476
2049-06-21,0.0002738272569288
2049-06-22,0.000269173134989
2049-06-23,0.0002646316005448
2049-06-24,0.0002601908564905
2049-06-25,0.0002559677934636
2049-06-26,0.0002516737053717
2049-06-27,0.0002473876693087
2049-06-28,0.000243111158772
2049-06-29,0.0002390745691153
2049-06-30,0.0002351695915951
2049-07-01,0.0002312629580285
2049-07-02,0.000227452872927
2049-07-03,0.0002236349456541
2049-07-04,0.0002200073785605
2049-07-05,0.0002164574244054
2049-07-06,0.0002132904947231
2049-07-07,0.0002103086292608
2049-07-08,0.0002072592068837
2049-07-09,0.0002040646702914
2049-07-10,0.0002011340861319
2049-07-11,0.0001983953247758
2049-07-12,0.0001958083586158
2049-07-13,0.0001934273041599
2049-07-14,0.0001912218773814
2049-07-15,0.0001891984378213
2049-07-16,0.0001872510082863
2049-07-17,0.0001853187029869
2049-07-18,0.000183368394034
2049-07-19,0.0001813993245472
2049-07-20,0.0001795530276174
2049-07-21,0.0001779494450149
2049-07-22,0.0001762741776499
2049-07-23,0.0001746014130889
2049-07-24,0.0001733005011941
2049-07-25,0.0001718987429248
2049-07-26,0.0001704069821912
2049-07-27,0.0001691618199994
2049-07-28,0.0001677563286305
2049-07-29,0.0001661729247102
2049-07-30,0.0001648881871245
2049-07-31,0.0001639029084304
2049-08-01,0.000162979032855
2049-08-02,0.0001622672723047
2049-08-03,0.0001615553445348
2049-08-04,0.0001608057452125
2049-08-05,0.0001601783950014
2049-08-06,0.0001596013695878
2049-08-07,0.0001590272174754
2049-08-08,0.0001586034052849
2049-08-09,0.000158260175411
2049-08-10,0.0001579909463008
2049-08-11,0.0001577078896314
2049-08-12,0.0001573855830455
2049-08-13,0.0001571166494233
2049-08-14,0.0001570042574738
2049-08-15,0.0001569188383421
2049-08-16,0.0001568333885445
2049-08-17,0.0001567479387468
2049-08-18,0.0001566625196152
2049-08-19,0.0001565770698175
2049-08-20,0.0001564904260426
2049-08-21,0.0001564049762449
2049-08-22,0.0001563195571133
2049-08-23,0.0001562341073156
2049-08-24,0.000156148688184
2049-08-25,0.0001560644630296
2049-08-26,0.0001559795668762
2049-08-27,0.0001558941477445
2049-08-28,0.0001558086979469
2049-08-29,0.0001557238017935
2049-08-30,0.0001556383826618
2049-08-31,0.0001555541881734
2049-09-01,0.000155469261354
2049-09-02,0.0001553838422224
2049-09-03,0.0001552984230907
2049-09-04,0.0001552147515805
2049-09-05,0.0001551293324489
2049-09-06,0.0001550444362955
2049-09-07,0.0001549602418071
2049-09-08,0.0001548753456537
2049-09-09,0.0001547916741435
2049-09-10,0.0001547062550119
2049-09-11,0.0001546225835017
2049-09-12,0.00015453716437
2049-09-13,0.0001544534928599
2049-09-14,0.0001543685967065
2049-09-15,0.0001542849251963
2049-09-16,0.0001542007613739
2049-09-17,0.0001541158652205
2049-09-18,0.0001540321937103
2049-09-19,0.0001539485222002
2049-09-20,0.0001538636567128
2049-09-21,0.0001537799852026
2049-09-22,0.0001536963136925
2049-09-23,0.0001536121498701
2049-09-24,0.0001535284783599
2049-09-25,0.0001534448375157
2049-09-26,0.0001533611660056
2049-09-27,0.0001532767928304
2049-09-28,0.0001531931519862
2049-09-29,0.0001531095111421
2049-09-30,0.0001530258396319
2049-10-01,0.0001529421987878
2049-10-02,0.0001528585272776
2049-10-03,0.0001527761110767
2049-10-04,0.0001526929932108
2049-10-05,0.0001526093217006
2049-10-06,0.0001525256808565
2049-10-07,0.0001524420400123
2049-10-08,0.0001523589221464
2049-10-09,0.0001522764752795
2049-10-10,0.0001521933574136
2049-10-11,0.0001521097165694
2049-10-12,0.0001520260757252
2049-10-13,0.0001519441825026
2049-10-14,0.0001518605416584
2049-10-15,0.0001517774237925
2049-10-16,0.0001516950075916
2049-10-17,0.0001516118897257
2049-10-18,0.000151529996503
2049-10-19,0.0001514463556588
2049-10-20,0.0001513644624362
2049-10-21,0.000151280821592
2049-10-22,0.0001511989283694
2049-10-23,0.0001511158105034
2049-10-24,0.0001510339479468
2049-10-25,0.0006419119219365
2049-10-26,0.0001639007507373
2049-10-27,0.0001507865206573
2049-10-28,0.0004516099134604
2049-10-29,0.0003460390208444
2049-10-30,0.000150539647012
2049-10-31,0.0001504577844554
2049-11-01,0.0001503753682545
2049-11-02,0.0011353041037189
2049-11-03,0.0001502121354534
2049-11-04,0.0001505814645974
2049-11-05,0.0001500499486087
2049-11-06,0.0001499686090303
2049-11-07,0.0054645842108072
2049-11-08,0.0149374383346187
2049-11-09,0.0001605940072476
2049-11-10,0.0001688236402594
2049-11-11,0.0014051262615222
2049-11-12,0.0093843302521879
2049-11-13,0.0048224861671682
2049-11-14,0.0005355441585302
2049-11-15,0.0002082190189862
2049-11-16,0.0002117042535079
2049-11-17,0.0030149734271819
2049-11-18,0.0002170092499215
2049-11-19,0.0002192829121797
2049-11-20,0.0002205518690971
2049-11-21,0.0002211751809531
2049-11-22,0.0002213925922742
2049-11-23,0.0002214579136327
2049-11-24,0.0002311944620797
2049-11-25,0.0002219783834918
2049-11-26,0.0002220055193675
2049-11-27,0.0002218041520099
2049-11-28,0.002157523113072
2049-11-29,0.0008060641929018
2049-11-30,0.0002232546016864
2049-12-01,0.0002236992103276
2049-12-02,0.0019280212936512
2049-12-03,0.0002252009021018
2049-12-04,0.0002260896343124
2049-12-05,0.0002265809447537
2049-12-06,0.0002268142807616
2049-12-07,0.0002269281226729
2049-12-08,0.0005734690867835
2049-12-09,0.0002278117194387
2049-12-10,0.0035005129993659
2049-12-11,0.0122325193887108
2049-12-12,0.0002447696804307
2049-12-13,0.0002527664100179
2049-12-14,0.0002561930133746
2049-12-15,0.0002582194580245
2049-12-16,0.0002594766410224
2049-12-17,0.0002603715902397
2049-12-18,0.0002609086358665
2049-12-19,0.0002609921727779
2049-12-20,0.0002608421488624
2049-12-21,0.000289085065065
2049-12-22,0.0002610361982688
2049-12-23,0.0002667527280972
2049-12-24,0.0132191408954976
2049-12-25,0.0002718323907397
2049-12-26,0.0039725535958436
2049-12-27,0.0192281185473797
2049-12-28,0.0003497695435663
2049-12-29,0.0052437719168827
2049-12-30,0.0010044737194365
2049-12-31,0.0003445001658589
2050-01-01,0.0003486937136041
2050-01-02,0.0003514783134113
2050-01-03,0.0003669315306864
2050-01-04,0.0092795733371737
2050-01-05,0.0055626679480904
2050-01-06,0.0204198837692702
2050-01-07,0.0017945235286223
2050-01-08,0.0018604861433419
2050-01-09,0.002785903916948
2050-01-10,0.0018793449945588
2050-01-11,0.0053486637998404
2050-01-12,0.021418497841757
2050-01-13,0.0613589267465606
2050-01-14,0.0341204158952343
2050-01-15,0.0372569938482495
2050-01-16,0.035446626092175
2050-01-17,0.0294041487572645
2050-01-18,0.0293701479475396
2050-01-19,0.0283322864643652
2050-01-20,0.0314733427639593
2050-01-21,0.0252842616702078
2050-01-22,0.0295440558819189
2050-01-23,0.0453696829878598
2050-01-24,0.0413546424666693
2050-01-25,0.0487023460308159
2050-01-26,0.0522830032660078
2050-01-27,0.0343575600260969
2050-01-28,0.0300101264821737
2050-01-29,0.0297233568851225
2050-01-30,0.0290751157585592
2050-01-31,0.0277430470880193
2050-02-01,0.0248838428786305
2050-02-02,0.0243901856083145
2050-02-03,0.0233157852428326
2050-02-04,0.0191864604151922
2050-02-05,0.017416958088624
2050-02-06,0.0154073120502264
2050-02-07,0.0135340896706731
2050-02-08,0.0118229303527997
2050-02-09,0.0103255185817668
2050-02-10,0.0090578343025182
2050-02-11,0.0080070102553904
2050-02-12,0.0070965805483448
2050-02-13,0.006289561723324
2050-02-14,0.0084084557775316
2050-02-15,0.0066806145843434
2050-02-16,0.0050349045359728
2050-02-17,0.0090469922808612
2050-02-18,0.0049703785576067
2050-02-19,0.0050657661587477
2050-02-20,0.0049440901348205
2050-02-21,0.0047037690874156
2050-02-22,0.0043919794812361
2050-02-23,0.0040663761398031
2050-02-24,0.0037609132814719
2050-02-25,0.0035212914337736
2050-02-26,0.0039659250407206
2050-02-27,0.0036036013476096
2050-02-28,0.0035391168551942
2050-03-01,0.0033881692437275
2050-03-02,0.0091941334042538
2050-03-03,0.0060488368219973
2050-03-04,0.005872800620261
2050-03-05,0.0073849762380424
2050-03-06,0.0082717621674633
2050-03-07,0.0096988426395558
2050-03-08,0.0075473830279717
2050-03-09,0.0087769370435564
2050-03-10,0.0189525202866187
2050-03-11,0.0129727652457204
2050-03-12,0.0121871953764062
2050-03-13,0.0113508983820781
2050-03-14,0.0106656197909957
2050-03-15,0.0097617738208369
2050-03-16,0.0088636895518216
2050-03-17,0.0079222638680357
2050-03-18,0.0070290436189334
2050-03-19,0.0062037497088499
2050-03-20,0.0054580584923126
2050-03-21,0.0047940833285584
2050-03-22,0.004210530192644
2050-03-23,0.0037066047236401
2050-03-24,0.0046316167299399
2050-03-25,0.0045813785098401
2050-03-26,0.0032779083680045
2050-03-27,0.0028474597038539
2050-03-28,0.004611118200302
2050-03-29,0.0027159746083147
2050-03-30,0.0025326065487208
2050-03-31,0.0023789472481183
2050-04-01,0.002204331962394
2050-04-02,0.0020054969198116
2050-04-03,0.0018073545448087
2050-04-04,0.0016356274624863
2050-04-05,0.0016839726832974
2050-04-06,0.004229071695232
2050-04-07,0.0014389102199202
2050-04-08,0.0013182579457712
2050-04-09,0.00117820785574
2050-04-10,0.0010356581390204
2050-04-11,0.0009078178460757
2050-04-12,0.0008000466013826
2050-04-13,0.0007150733449053
2050-04-14,0.0006906903941532
2050-04-15,0.0006335630491948
2050-04-16,0.0005973280227571
2050-04-17,0.0005556315082367
2050-04-18,0.0005183048820874
2050-04-19,0.000485668844801
2050-04-20,0.0082024708108201
2050-04-21,0.0018045826296353
2050-04-22,0.0034354661827158
2050-04-23,0.0007749698065474
2050-04-24,0.000867260116416
2050-04-25,0.0008797674786429
2050-04-26,0.0008508111295792
2050-04-27,0.0007964214463211
2050-04-28,0.0007161236820431
2050-04-29,0.0006362407443446
2050-04-30,0.0005682592137747
2050-05-01,0.0005095948898665
2050-05-02,0.0004624307319768
2050-05-03,0.000429919690032
2050-05-04,0.0004117923961535
2050-05-05,0.0004049570754942
2050-05-06,0.0004013744255012
2050-05-07,0.0003980736306761
2050-05-08,0.0003948871173676
2050-05-09,0.0003914519078277
2050-05-10,0.0003878096694877
2050-05-11,0.0003840158203737
2050-05-12,0.0003801324455615
2050-05-13,0.0003761881992723
2050-05-14,0.000372444158177
2050-05-15,0.000369047682881
2050-05-16,0.0003656344845562
2050-05-17,0.0003619422022128
2050-05-18,0.0003580221568262
2050-05-19,0.0003536046570894
2050-05-20,0.0003490715233439
2050-05-21,0.0003448991902321
2050-05-22,0.0003406650222139
2050-05-23,0.0003364157520902
2050-05-24,0.0003319588577703
2050-05-25,0.0003274780818256
2050-05-26,0.0003232238349376
2050-05-27,0.0003192299683645
2050-05-28,0.0003156321295772
2050-05-29,0.0003120562133166
2050-05-30,0.0003078938129694
2050-05-31,0.0003030519747511
2050-06-01,0.0002982623672509
2050-06-02,0.0002932735146734
2050-06-03,0.0002883887484917
2050-06-04,0.0002835465365495
2050-06-05,0.00027848318278
2050-06-06,0.000273333918457
2050-06-07,0.0002684335134231
2050-06-08,0.0002637729041849
2050-06-09,0.000259091432006
2050-06-10,0.0002544569096561
2050-06-11,0.0002498899228537
2050-06-12,0.0002453642684503
2050-06-13,0.0002410075284688
2050-06-14,0.0002374012416202
2050-06-15,0.0058937473138765
2050-06-16,0.0002344955841197
2050-06-17,0.0002313600456217
2050-06-18,0.0005768602025751
2050-06-19,0.0009175321003017
2050-06-20,0.0002271388276765
2050-06-21,0.0002242993197663
2050-06-22,0.0002216034387273
2050-06-23,0.0002183698904597
2050-06-24,0.0002148745531964
2050-06-25,0.0002113202970118
2050-06-26,0.0002078191911817
2050-06-27,0.0002043297171927
2050-06-28,0.0002011392147491
2050-06-29,0.0001982704834611
2050-06-30,0.0001956136517704
2050-07-01,0.0001928341628811
2050-07-02,0.0001901420067725
2050-07-03,0.00018780632056
2050-07-04,0.000185792403341
2050-07-05,0.000184000988377
2050-07-06,0.0001823739932673
2050-07-07,0.000180515530051
2050-07-08,0.0001782065316559
2050-07-09,0.0001762438639293
2050-07-10,0.0001745271022984
2050-07-11,0.000173255641559
2050-07-12,0.000172082952865
2050-07-13,0.0001707557564366
2050-07-14,0.0001692611156849
2050-07-15,0.000168010473964
2050-07-16,0.000166637068648
2050-07-17,0.0001655961056618
2050-07-18,0.0001647947379922
2050-07-19,0.0001640289046405
2050-07-20,0.000163223377736
2050-07-21,0.0001625276482774
2050-07-22,0.0001617964986259
2050-07-23,0.0001609914108145
2050-07-24,0.0001605519546816
2050-07-25,0.0001601297584453
2050-07-26,0.0001597092178325
2050-07-27,0.000159293427772
2050-07-28,0.0001588024389333
2050-07-29,0.0001582318512964
2050-07-30,0.0001578374361022
2050-07-31,0.0001575316631985
2050-08-01,0.0001572425852926
2050-08-02,0.0001569930332971
2050-08-03,0.0001568978170193
2050-08-04,0.0001568128901999
2050-08-05,0.0001567274710682
2050-08-06,0.0001566420212706
2050-08-07,0.000156556571473
2050-08-08,0.0001564711523413
2050-08-09,0.0001563857332096
2050-08-10,0.000156300283412
2050-08-11,0.0001562148642803
2050-08-12,0.0001561299374609
2050-08-13,0.0001560445183293
2050-08-14,0.0001559590991976
2050-08-15,0.0001558736494
2050-08-16,0.0001557887532465
2050-08-17,0.0001557045587582
2050-08-18,0.0001556191089605
2050-08-19,0.0001555342128071
2050-08-20,0.0001554487936754
2050-08-21,0.000155364599187
2050-08-22,0.0001552797030336
2050-08-23,0.000155194283902
2050-08-24,0.0001551105817258
2050-08-25,0.0001550251625942
2050-08-26,0.0001549402664408
2050-08-27,0.0001548560719524
2050-08-28,0.0001547711757989
2050-08-29,0.0001546875042888
2050-08-30,0.0001546021158231
2050-08-31,0.000154518444313
2050-09-01,0.0001544347728028
2050-09-02,0.0001543493536712
2050-09-03,0.000154265682161
2050-09-04,0.0001541807860076
2050-09-05,0.0001540971144974
2050-09-06,0.0001540134736533
2050-09-07,0.0001539292791649
2050-09-08,0.0001538443830115
2050-09-09,0.0001537607421673
2050-09-10,0.0001536770706572
2050-09-11,0.000153593399147
2050-09-12,0.0001535097583028
2050-09-13,0.0001534248621494
2050-09-14,0.0001533412213053
2050-09-15,0.0001532575497951
2050-09-16,0.0001531739089509
2050-09-17,0.0001530902374408
2050-09-18,0.0001530065965966
2050-09-19,0.0001529229250865
2050-09-20,0.0001528398072205
2050-09-21,0.0001527561663764
2050-09-22,0.0001526737195095
2050-09-23,0.0001525900786653
2050-09-24,0.0001525069607994
2050-09-25,0.0001524233199552
2050-09-26,0.0001523396484451
2050-09-27,0.0001522577552224
2050-09-28,0.0001521741143783
2050-09-29,0.0001520904735341
2050-09-30,0.0001520073556682
2050-10-01,0.0001519249394673
2050-10-02,0.0001518418216014
2050-10-03,0.0001517594054005
2050-10-04,0.0001516762875345
2050-10-05,0.0001515926466904
2050-10-06,0.0001515107534677
2050-10-07,0.0001514276356018
2050-10-08,0.0001513452194009
2050-10-09,0.000151262101535
2050-10-10,0.0001511802083123
2050-10-11,0.0001510977921114
2050-10-12,0.0001510147049115
2050-10-13,0.0001509328116888
2050-10-14,0.0001508509184661
2050-10-15,0.000150767277622
2050-10-16,0.0001506854150653
2050-10-17,0.0001506035218427
2050-10-18,0.00015052162862
2050-10-19,0.0001504385414201
2050-10-20,0.0001503566481974
2050-10-21,0.0001502747856407
2050-10-22,0.0001501928924181
2050-10-23,0.0001501110298614
2050-10-24,0.0001500291366387
2050-10-25,0.0027083024280431
2050-10-26,0.0004779484403885
2050-10-27,0.0001497852965902
2050-10-28,0.0001497057046333
2050-10-29,0.0001496255896981
2050-10-30,0.0001495460284072
2050-10-31,0.0001494664364503
2050-11-01,0.0001493863521811
2050-11-02,0.0001493067602242
2050-11-03,0.0015542601033843
2050-11-04,0.0018040075029756
2050-11-05,0.0001490876015386
2050-11-06,0.000149038906159
2050-11-07,0.0001489931830441
2050-11-08,0.0001489480135734
2050-11-09,0.0001489040380801
2050-11-10,0.0001488571209879
2050-11-11,0.0001488101732297
2050-11-12,0.0001487627024934
2050-11-13,0.0001487122288262
2050-11-14,0.0001486605305158
2050-11-15,0.0001486070539179
2050-11-16,0.0001485530543418
2050-11-17,0.0001484983531006
2050-11-18,0.0001484413505937
2050-11-19,0.000148384871065
2050-11-20,0.0001483260902706
2050-11-21,0.0001482661154989
2050-11-22,0.0001482061100613
2050-11-23,0.0001481431016929
2050-11-24,0.0001480796010122
2050-11-25,0.000148014291378
2050-11-26,0.0001479477877666
2050-11-27,0.0001478795058677
2050-11-28,0.0030543648174855
2050-11-29,0.010841432530331
2050-11-30,0.0001550298953353
2050-12-01,0.0001576904285215
2050-12-02,0.0001609744452344
2050-12-03,0.0001631697681602
2050-12-04,0.0001647267159884
2050-12-05,0.0001658794629932
2050-12-06,0.000166783935019
2050-12-07,0.00317431929881
2050-12-08,0.0035227321148266
2050-12-09,0.0003023140909259
2050-12-10,0.0011342209738931
2050-12-11,0.0001811051804562
2050-12-12,0.0001832083012917
2050-12-13,0.0001851174740558
2050-12-14,0.0001866838179434
2050-12-15,0.0001879972732794
2050-12-16,0.0001891177343048
2050-12-17,0.0001900903283984
2050-12-18,0.000190943433746
2050-12-19,0.0001917009740227
2050-12-20,0.0001923793287733
2050-12-21,0.0065570678749533
2050-12-22,0.0003564033209306
2050-12-23,0.0004108790955678
2050-12-24,0.0002028426330895
2050-12-25,0.0002051201987366
2050-12-26,0.0002069282902891
2050-12-27,0.0002084031187144
2050-12-28,0.0002096388195891
2050-12-29,0.0002106941238427
2050-12-30,0.000211609622964
2050-12-31,0.0002124139351573
2051-01-01,0.0002131266391689
2051-01-02,0.0002137654565419
2051-01-03,0.0002143407916255
2051-01-04,0.0002148619975035
2051-01-05,0.0002153373252802
2051-01-06,0.0002157720791522
2051-01-07,0.0002161714152951
2051-01-08,0.0002165383673058
2051-01-09,0.0030196039320242
2051-01-10,0.0006579435354298
2051-01-11,0.0010093130690443
2051-01-12,0.0022225535389849
2051-01-13,0.0033832379972501
2051-01-14,0.0041242188524485
2051-01-15,0.0049632118804389
2051-01-16,0.0053392467142203
2051-01-17,0.0042157052804924
2051-01-18,0.0046046346305017
2051-01-19,0.0058326382707186
2051-01-20,0.0063996859155502
2051-01-21,0.0241770737795006
2051-01-22,0.0007826904714935
2051-01-23,0.0003564448130289
2051-01-24,0.0003898589904043
2051-01-25,0.0006643380073813
2051-01-26,0.0014601923764675
2051-01-27,0.0029453996586242
2051-01-28,0.007246933275236
2051-01-29,0.0365395979757531
2051-01-30,0.0346728493955856
2051-01-31,0.0166933197024951
2051-02-01,0.0195282667934096
2051-02-02,0.0241390933427434
2051-02-03,0.0237047369787905
2051-02-04,0.0290935050337072
2051-02-05,0.0278284283465621
2051-02-06,0.027016492696395
2051-02-07,0.0318490702807852
2051-02-08,0.0478057708215238
2051-02-09,0.0337872712331276
2051-02-10,0.0304795176543055
2051-02-11,0.0290211252785454
2051-02-12,0.0252712533126317
2051-02-13,0.023940149747819
2051-02-14,0.019989246222341
2051-02-15,0.0188144293495946
2051-02-16,0.0186797727652935
2051-02-17,0.015323554422985
2051-02-18,0.0135941304733721
2051-02-19,0.01714854556617
2051-02-20,0.01216463907787
2051-02-21,0.0115168849173381
2051-02-22,0.010525501450708
2051-02-23,0.0173539450978538
2051-02-24,0.0110669988305479
2051-02-25,0.0104102355826731
2051-02-26,0.0146201011754202
2051-02-27,0.0107667455000316
2051-02-28,0.0101890369951969
2051-03-01,0.0102695304151831
2051-03-02,0.0107327412693167
2051-03-03,0.0110005347460775
2051-03-04,0.0113927728716769
2051-03-05,0.0106884591132587
2051-03-06,0.008806056195494
2051-03-07,0.008412558364059
2051-03-08,0.0077603104748118
2051-03-09,0.0070421415888126
2051-03-10,0.0063723202762847
2051-03-11,0.0057408005385011
2051-03-12,0.005142378806296
2051-03-13,0.0046156014082515
2051-03-14,0.0041735416906857
2051-03-15,0.0037563896873252
2051-03-16,0.0043559008392334
2051-03-17,0.0073626970531808
2051-03-18,0.0032580907888756
2051-03-19,0.0031699996003378
2051-03-20,0.0029850058602165
2051-03-21,0.002768566480369
2051-03-22,0.0025553320639197
2051-03-23,0.0023502289861764
2051-03-24,0.0021375411671534
2051-03-25,0.0019316147503063
2051-03-26,0.0017404226649686
2051-03-27,0.001563549561418
2051-03-28,0.0014019382836324
2051-03-29,0.0012564500792563
2051-03-30,0.0011138172723895
2051-03-31,0.0009743480532757
2051-04-01,0.0008471854577506
2051-04-02,0.0007267434721137
2051-04-03,0.0008600867491159
2051-04-04,0.0006141362173152
2051-04-05,0.0005861819204355
2051-04-06,0.0017941016101384
2051-04-07,0.0008090043160861
2051-04-08,0.0005301800624454
2051-04-09,0.0004927281078853
2051-04-10,0.0004586208282867
2051-04-11,0.0004342803616311
2051-04-12,0.0004184978181707
2051-04-13,0.0004099642131055
2051-04-14,0.0004065599793003
2051-04-15,0.0004037240587209
2051-04-16,0.0004008448418015
2051-04-17,0.0003979894643323
2051-04-18,0.0003950107009449
2051-04-19,0.0004264070677422
2051-04-20,0.0003917294529282
2051-04-21,0.0008045803259676
2051-04-22,0.0003887932740648
2051-04-23,0.0003864566340329
2051-04-24,0.0003839578721826
2051-04-25,0.0003813090982685
2051-04-26,0.0003783379726242
2051-04-27,0.0005361641760601
2051-04-28,0.0097848618918817
2051-04-29,0.0003762381775957
2051-04-30,0.0003774085254248
2051-05-01,0.0003770312122402
2051-05-02,0.0003755983519666
2051-05-03,0.0003738701082758
2051-05-04,0.0003714724842601
2051-05-05,0.0003685873023853
2051-05-06,0.0003657694799658
2051-05-07,0.0016645287669551
2051-05-08,0.0138334362041882
2051-05-09,0.0076528558731352
2051-05-10,0.0038248316851635
2051-05-11,0.0014047997698735
2051-05-12,0.0006448455727784
2051-05-13,0.0005814795480509
2051-05-14,0.0005772229696251
2051-05-15,0.0005437986050391
2051-05-16,0.000505804187238
2051-05-17,0.000473458190945
2051-05-18,0.0004526444510246
2051-05-19,0.0004384989274579
2051-05-20,0.0004228759022717
2051-05-21,0.0004080084197285
2051-05-22,0.0003975300249037
2051-05-23,0.0003935416686807
2051-05-24,0.0003902718300255
2051-05-25,0.0003873024164951
2051-05-26,0.0003842378827636
2051-05-27,0.000380888551115
2051-05-28,0.0003773599743048
2051-05-29,0.0003740267313857
2051-05-30,0.0003707682451373
2051-05-31,0.0003671749675111
2051-06-01,0.0003630036888118
2051-06-02,0.0003586098890817
2051-06-03,0.0003542687138412
2051-06-04,0.0003499895558051
2051-06-05,0.0003457790546668
2051-06-06,0.0003415972650029
2051-06-07,0.0003373645182832
2051-06-08,0.0003330529720392
2051-06-09,0.0003287624414657
2051-06-10,0.0003244262277898
2051-06-11,0.0003200474624212
2051-06-12,0.000315315213228
2051-06-13,0.0003106184234327
2051-06-14,0.0003057506735176
2051-06-15,0.0003008650169545
2051-06-16,0.0002960115142742
2051-06-17,0.0002912156797908
2051-06-18,0.0002861987954397
2051-06-19,0.000281361915553
2051-06-20,0.0002763838652582
2051-06-21,0.0002713614502383
2051-06-22,0.0002668016024103
2051-06-23,0.0002625035849418
2051-06-24,0.0002579672085306
2051-06-25,0.0002536937117948
2051-06-26,0.0002494068434958
2051-06-27,0.0002452602096532
2051-06-28,0.0002410461803386
2051-06-29,0.0002369935736412
2051-06-30,0.0002333196069906
2051-07-01,0.0002298815765515
2051-07-02,0.0002264745187634
2051-07-03,0.0002230912885705
2051-07-04,0.0002197428419316
2051-07-05,0.0002165043326466
2051-07-06,0.0002134289735941
2051-07-07,0.0002105654568824
2051-07-08,0.0002076029837449
2051-07-09,0.0002046711602003
2051-07-10,0.0002020523336874
2051-07-11,0.0001993353439886
2051-07-12,0.0001964232173526
2051-07-13,0.0001936895061954
2051-07-14,0.0001913370244885
2051-07-15,0.0001891760503032
2051-07-16,0.0001870965661396
2051-07-17,0.0001851319109374
2051-07-18,0.0001832467066368
2051-07-19,0.0001812822755259
2051-07-20,0.0001794282692395
2051-07-21,0.0001775609915019
2051-07-22,0.000175858564856
2051-07-23,0.0001742560399279
2051-07-24,0.0001730345126304
2051-07-25,0.0001718101349246
2051-07-26,0.0001702551777415
2051-07-27,0.0001684697036032
2051-07-28,0.000167024238052
2051-07-29,0.000165556750626
2051-07-30,0.0001641887409891
2051-07-31,0.0001632444540118
2051-08-01,0.0001624923545203
2051-08-02,0.0001619251159744
2051-08-03,0.0001614206666334
2051-08-04,0.0001608810923336
2051-08-05,0.0001602628195523
2051-08-06,0.0001596745687731
2051-08-07,0.0001592191870896
2051-08-08,0.0001588226925971
2051-08-09,0.0001584378025479
2051-08-10,0.00015809005844
2051-08-11,0.0001578503035906
2051-08-12,0.0001576497679918
2051-08-13,0.000157449201727
2051-08-14,0.0001572547586786
2051-08-15,0.0001570640202259
2051-08-16,0.0001568708018207
2051-08-17,0.0001567388462449
2051-08-18,0.0001566533964472
2051-08-19,0.0001565679773156
2051-08-20,0.0001564825275179
2051-08-21,0.0001563971083863
2051-08-22,0.0001563121815669
2051-08-23,0.0001562267624352
2051-08-24,0.0001561413433036
2051-08-25,0.0001560558935059
2051-08-26,0.0001559709973525
2051-08-27,0.0001558855782208
2051-08-28,0.0001558001590892
2051-08-29,0.0001557152322698
2051-08-30,0.0001556298131381
2051-08-31,0.0001555449169847
2051-09-01,0.0001554607224963
2051-09-02,0.0001553758263429
2051-09-03,0.0001552904072112
2051-09-04,0.0001552055110578
2051-09-05,0.000395145009755
2051-09-06,0.000155036420416
2051-09-07,0.0001549522259276
2051-09-08,0.0001548673297742
2051-09-09,0.0001547824336208
2051-09-10,0.0001546987621106
2051-09-11,0.000154613342979
2051-09-12,0.0001545296714688
2051-09-13,0.0001544447753154
2051-09-14,0.0001543611344712
2051-09-15,0.0001542757153396
2051-09-16,0.0001541920438294
2051-09-17,0.0001541083723193
2051-09-18,0.0001540235068318
2051-09-19,0.0001539398353217
2051-09-20,0.0001538561638115
2051-09-21,0.0102065416239627
2051-09-22,0.0005756417255026
2051-09-23,0.000154772748649
2051-09-24,0.0126894776063313
2051-09-25,0.0001674559247642
2051-09-26,0.00017479143315
2051-09-27,0.0001780173484332
2051-09-28,0.000179664003704
2051-09-29,0.0001803067005378
2051-09-30,0.0001804685887494
2051-10-01,0.0001804577847657
2051-10-02,0.0001804572731718
2051-10-03,0.0001805533881928
2051-10-04,0.0001806175565182
2051-10-05,0.0011395968818516
2051-10-06,0.0003217769114234
2051-10-07,0.0008620899848948
2051-10-08,0.0001821053016686
2051-10-09,0.0001821561411655
2051-10-10,0.0001818271030209
2051-10-11,0.0001812638244699
2051-10-12,0.0001806421752495
2051-10-13,0.0001801194943451
2051-10-14,0.0176521021142298
2051-10-15,0.0015006169256722
2051-10-16,0.000206918594584
2051-10-17,0.0002112992075491
2051-10-18,0.0002134982202397
2051-10-19,0.0002147659246402
2051-10-20,0.0002153670618802
2051-10-21,0.0002154054780352
2051-10-22,0.0002149248893809
2051-10-23,0.0002141198378846
2051-10-24,0.0002131415908365
2051-10-25,0.0002120750390808
2051-10-26,0.0002109278768063
2051-10-27,0.0002097450927591
2051-10-28,0.000208520448832
2051-10-29,0.0002072600383827
2051-10-30,0.0002060755132567
2051-10-31,0.0002049152254312
2051-11-01,0.0002037216093258
2051-11-02,0.0002026182655205
2051-11-03,0.0002015562095597
2051-11-04,0.0002004633952317
2051-11-05,0.0001993739281258
2051-11-06,0.0001983208151236
2051-11-07,0.0001972594992669
2051-11-08,0.0001962295821104
2051-11-09,0.000195220943072
2051-11-10,0.0001942093877916
2051-11-11,0.0001932424070533
2051-11-12,0.0001923718059041
2051-11-13,0.0001915214369164
2051-11-14,0.0001907022404999
2051-11-15,0.0001898664069359
2051-11-16,0.0001889781050989
2051-11-17,0.0001881656722318
2051-11-18,0.0001873029550026
2051-11-19,0.0001864613932274
2051-11-20,0.0001856393006167
2051-11-21,0.0001848449851051
2051-11-22,0.0002715567548402
2051-11-23,0.0001838783011362
2051-11-24,0.000183341321683
2051-11-25,0.00022401082485
2051-11-26,0.0002623740229085
2051-11-27,0.0001824161799696
2051-11-28,0.0001819350888108
2051-11-29,0.000181442016595
2051-11-30,0.0001809338324182
2051-12-01,0.0001804436404691
2051-12-02,0.0001800040595897
2051-12-03,0.0001795356994029
2051-12-04,0.0001790727047444
2051-12-05,0.0014635573869393
2051-12-06,0.0078258601463087
2051-12-07,0.0044232964420573
2051-12-08,0.0001842129738507
2051-12-09,0.0001880650641042
2051-12-10,0.000190442807993
2051-12-11,0.0001920055909398
2051-12-12,0.0001931127819218
2051-12-13,0.0001939525849865
2051-12-14,0.000194593540443
2051-12-15,0.0001949685325489
2051-12-16,0.0001951048023429
2051-12-17,0.0004336443599033
2051-12-18,0.0001955512272993
2051-12-19,0.0001954830316631
2051-12-20,0.0001953503989716
2051-12-21,0.0117822786546721
2051-12-22,0.0052675676087471
2051-12-23,0.0002167004645307
2051-12-24,0.0002231128919961
2051-12-25,0.0002265444109656
2051-12-26,0.0108071830062403
2051-12-27,0.0511611377604763
2051-12-28,0.0026681128823204
2051-12-29,0.0025638409487552
2051-12-30,0.0003406683604594
2051-12-31,0.0003446994258209
2052-01-01,0.0086699322635055
2052-01-02,0.0041639115476178
2052-01-03,0.0197511903666168
2052-01-04,0.015162470371561
2052-01-05,0.0481036232307776
2052-01-06,0.0540783246367858
2052-01-07,0.0502607878969143
2052-01-08,0.0539830612234162
2052-01-09,0.0355904926141197
2052-01-10,0.0666250418562257
2052-01-11,0.0491407802556254
2052-01-12,0.035996329692718
2052-01-13,0.0295262827084946
2052-01-14,0.0285454077419624
2052-01-15,0.0271464684117038
2052-01-16,0.0254079164357096
2052-01-17,0.0249404170290303
2052-01-18,0.0193038720579499
2052-01-19,0.0174143645708817
2052-01-20,0.0154591102361295
2052-01-21,0.0136683239099453
2052-01-22,0.0120952106941824
2052-01-23,0.0107533515315024
2052-01-24,0.0121285831684754
2052-01-25,0.0088599459696578
2052-01-26,0.0187939555394863
2052-01-27,0.0140401973522907
2052-01-28,0.0132237286233304
2052-01-29,0.0242309690115111
2052-01-30,0.0182740659695958
2052-01-31,0.0162641909736241
2052-02-01,0.0151007235154944
2052-02-02,0.0134830141616784
2052-02-03,0.0119096368150129
2052-02-04,0.0105012105601763
2052-02-05,0.0093016801614368
2052-02-06,0.0082735134575923
2052-02-07,0.0073869710066755
2052-02-08,0.021440987308985
2052-02-09,0.0092328025691197
2052-02-10,0.0095817290646289
2052-02-11,0.0093809358132769
2052-02-12,0.0088208914023965
2052-02-13,0.0100313679846755
2052-02-14,0.0086399012827617
2052-02-15,0.009095461349375
2052-02-16,0.0125333249349839
2052-02-17,0.0078558516962288
2052-02-18,0.0123247597016034
2052-02-19,0.0084773203697755
2052-02-20,0.0084711134283447
2052-02-21,0.0080477822457546
2052-02-22,0.0074745454131433
2052-02-23,0.0068232537703661
2052-02-24,0.006187114579914
2052-02-25,0.0056204360717949
2052-02-26,0.0050955664256569
2052-02-27,0.0077565494306231
2052-02-28,0.0047221440874786
2052-02-29,0.004293412864824
2052-03-01,0.0040577422612591
2052-03-02,0.0038664330743977
2052-03-03,0.0098539026291801
2052-03-04,0.00534865984852
2052-03-05,0.0044574179862803
2052-03-06,0.0044598419959881
2052-03-07,0.0043104744825465
2052-03-08,0.0040506374642452
2052-03-09,0.0037404493041255
2052-03-10,0.0034320974979404
2052-03-11,0.0061728849815933
2052-03-12,0.0030963841463221
2052-03-13,0.002934059964482
2052-03-14,0.002729936894339
2052-03-15,0.002508854070072
2052-03-16,0.0022890591863166
2052-03-17,0.0020682547422458
2052-03-18,0.0018633090425799
2052-03-19,0.0016983633291881
2052-03-20,0.0015653916565735
2052-03-21,0.0014101288898744
2052-03-22,0.0012605785042251
2052-03-23,0.0011245824109947
2052-03-24,0.000997379320625
2052-03-25,0.0008803509665825
2052-03-26,0.0007782958011171
2052-03-27,0.0006951714591098
2052-03-28,0.0006316325142847
2052-03-29,0.0005807340990195
2052-03-30,0.0005361591462215
2052-03-31,0.0004989228485155
2052-04-01,0.000522669207944
2052-04-02,0.0004602450891989
2052-04-03,0.001707258013749
2052-04-04,0.0096785451337322
2052-04-05,0.0042002442852474
2052-04-06,0.0020215181987473
2052-04-07,0.0008584925319124
2052-04-08,0.0009107253968428
2052-04-09,0.0008876706884552
2052-04-10,0.0008254381011717
2052-04-11,0.0007494149827361
2052-04-12,0.0006741687209255
2052-04-13,0.0006091439703329
2052-04-14,0.00055874363263
2052-04-15,0.0005209211560759
2052-04-16,0.0004828233544648
2052-04-17,0.0004495217180938
2052-04-18,0.0004258566655102
2052-04-19,0.0004108844785819
2052-04-20,0.0004045314599283
2052-04-21,0.0004014709987814
2052-04-22,0.0003983869145026
2052-04-23,0.0003952011059615
2052-04-24,0.0003922079375873
2052-04-25,0.0081409881751547
2052-04-26,0.0018337381491895
2052-04-27,0.0027553612898365
2052-04-28,0.000397361297202
2052-04-29,0.0003977933830722
2052-04-30,0.0003969957358142
2052-05-01,0.0003955487233085
2052-05-02,0.0003935175410674
2052-05-03,0.0003910062804941
2052-05-04,0.0003880069767149
2052-05-05,0.0003847561161869
2052-05-06,0.0003813512017564
2052-05-07,0.0003778849603192
2052-05-08,0.0003740924393136
2052-05-09,0.0003705000896028
2052-05-10,0.0003675274692574
2052-05-11,0.0003645693927121
2052-05-12,0.0003609711220925
2052-05-13,0.0003572671368099
2052-05-14,0.0012111466322045
2052-05-15,0.0020996380982374
2052-05-16,0.0003536774321537
2052-05-17,0.000351300973101
2052-05-18,0.000350111271965
2052-05-19,0.0010923649984568
2052-05-20,0.0033025030147823
2052-05-21,0.0003817877462716
2052-05-22,0.0003473731725578
2052-05-23,0.0003450629831762
2052-05-24,0.0003426215465508
2052-05-25,0.0015013348458861
2052-05-26,0.0104491880606231
2052-05-27,0.0051595091453008
2052-05-28,0.0003606625767558
2052-05-29,0.0003636728675859
2052-05-30,0.000363012511561
2052-05-31,0.0003609481936514
2052-06-01,0.0003584559021956
2052-06-02,0.0003553110997283
2052-06-03,0.0003518464194082
2052-06-04,0.0003482012243048
2052-06-05,0.0003444912748264
2052-06-06,0.0003410804092822
2052-06-07,0.0003378686260559
2052-06-08,0.0003344242375761
2052-06-09,0.0003304816820749
2052-06-10,0.0003264661320112
2052-06-11,0.0003222227069031
2052-06-12,0.0003179601970174
2052-06-13,0.0003136856950718
2052-06-14,0.0003094739017588
2052-06-15,0.000305234983064
2052-06-16,0.0003009016896642
2052-06-17,0.0002964705176531
2052-06-18,0.0002919914292283
2052-06-19,0.0002876868758895
2052-06-20,0.0002834065468106
2052-06-21,0.0002791944673912
2052-06-22,0.0002748412023608
2052-06-23,0.0002702637606791
2052-06-24,0.0002655482909604
2052-06-25,0.0002610049753388
2052-06-26,0.0002567327216089
2052-06-27,0.0002523583497143
2052-06-28,0.0002482487073897
2052-06-29,0.0002440222227635
2052-06-30,0.0002398595454779
2052-07-01,0.0002359970439582
2052-07-02,0.0002322962252083
2052-07-03,0.0002286739778157
2052-07-04,0.0002250944277143
2052-07-05,0.0002214423579445
2052-07-06,0.0002178699218419
2052-07-07,0.0002143562337885
2052-07-08,0.0002108116483503
2052-07-09,0.0002074070193368
2052-07-10,0.000204067079672
2052-07-11,0.0002008823135557
2052-07-12,0.0001977828974247
2052-07-13,0.0001945914985775
2052-07-14,0.0001917531800107
2052-07-15,0.0001889851432163
2052-07-16,0.0001863404616742
2052-07-17,0.0001839705237649
2052-07-18,0.0001820382351175
2052-07-19,0.0001802852566578
2052-07-20,0.0001786642296537
2052-07-21,0.0001771185780769
2052-07-22,0.0001755693032839
2052-07-23,0.0001738138273293
2052-07-24,0.0001721581975372
2052-07-25,0.0001709178561086
2052-07-26,0.0001699232450616
2052-07-27,0.0001689217699282
2052-07-28,0.00016784502241
2052-07-29,0.0001665852638023
2052-07-30,0.0001654687577018
2052-07-31,0.0001644575589429
2052-08-01,0.0001634678386928
2052-08-02,0.0001628480652775
2052-08-03,0.0001623569786641
2052-08-04,0.0001618664738971
2052-08-05,0.0001613858022513
2052-08-06,0.0001609397546716
2052-08-07,0.0001604842542372
2052-08-08,0.0001600279478651
2052-08-09,0.0001595487629669
2052-08-10,0.0001590845919151
2052-08-11,0.0001586554047667
2052-08-12,0.000158279921579
2052-08-13,0.0001579603569287
2052-08-14,0.0001576530906136
2052-08-15,0.0001573729875658
2052-08-16,0.000157103841278
2052-08-17,0.0001568861606735
2052-08-18,0.0001567634485996
2052-08-19,0.0001566780294679
2052-08-20,0.0001565925796703
2052-08-21,0.0001565076528509
2052-08-22,0.0001564222337192
2052-08-23,0.0001563368145876
2052-08-24,0.0001562513647899
2052-08-25,0.0001561659456583
2052-08-26,0.0001560804958606
2052-08-27,0.000155995076729
2052-08-28,0.0001559101805755
2052-08-29,0.0001558259554212
2052-08-30,0.0001557405362895
2052-08-31,0.0001556551171579
2052-09-01,0.0001555701903384
2052-09-02,0.0001554847712068
2052-09-03,0.0001554005767184
2052-09-04,0.000155315680565
2052-09-05,0.0001552302614333
2052-09-06,0.0001551465899232
2052-09-07,0.0001550611707915
2052-09-08,0.0001549774992814
2052-09-09,0.0001548920801497
2052-09-10,0.0001548071839963
2052-09-11,0.0001547229895079
2052-09-12,0.0001546380933545
2052-09-13,0.0001545544218443
2052-09-14,0.0001544702273559
2052-09-15,0.0001543853312025
2052-09-16,0.0001543016596924
2052-09-17,0.0001542167635389
2052-09-18,0.0001541325997165
2052-09-19,0.0001540489282064
2052-09-20,0.0001539652566962
2052-09-21,0.0001538803605428
2052-09-22,0.0001537967196987
2052-09-23,0.0001537130481885
2052-09-24,0.0001536288843661
2052-09-25,0.000153545212856
2052-09-26,0.0002264527090083
2052-09-27,0.0001533766758584
2052-09-28,0.0001532930043482
2052-09-29,0.0001532093635041
2052-09-30,0.0001608040584402
2052-10-01,0.000153042574128
2052-10-02,0.0001529589332838
2052-10-03,0.0001528752617737
2052-10-04,0.0001527916209295
2052-10-05,0.0001527079800853
2052-10-06,0.0001526260561967
2052-10-07,0.0001525424153525
2052-10-08,0.0001524587745084
2052-10-09,0.0001523751336642
2052-10-10,0.0001522919851323
2052-10-11,0.0001522095689314
2052-10-12,0.0001521264510655
2052-10-13,0.0001520428102213
2052-10-14,0.0001519603940204
2052-10-15,0.0001518772761545
2052-10-16,0.0001517936353103
2052-10-17,0.0001517117420876
2052-10-18,0.0001516281012435
2052-10-19,0.0001515462080208
2052-10-20,0.0001514630901549
2052-10-21,0.000151380673954
2052-10-22,0.0001512975560881
2052-10-23,0.0001512151398872
2052-10-24,0.0001511320220213
2052-10-25,0.0001510501594646
2052-10-26,0.0001509682662419
2052-10-27,0.0001508846253978
2052-10-28,0.0001508027321751
2052-10-29,0.0001507208696184
2052-10-30,0.0001506377517525
2052-10-31,0.0021465155553858
2052-11-01,0.00172136935504
2052-11-02,0.0049013530694083
2052-11-03,0.0022946447279938
2052-11-04,0.0001510867516884
2052-11-05,0.0001518920441467
2052-11-06,0.0001526435239117
2052-11-07,0.0001533108243496
2052-11-08,0.0001538966960979
2052-11-09,0.0001544106279864
2052-11-10,0.0001548663977509
2052-11-11,0.0001552673403389
2052-11-12,0.000155606753533
2052-11-13,0.0001558932405021
2052-11-14,0.0001561442492591
2052-11-15,0.000156364288681
2052-11-16,0.0001565519791384
2052-11-17,0.0001566961455117
2052-11-18,0.0009427855600746
2052-11-19,0.0006573827401843
2052-11-20,0.0211704141967567
2052-11-21,0.0486900926639734
2052-11-22,0.0002556060737388
2052-11-23,0.0002672439500531
2052-11-24,0.0002710544700416
2052-11-25,0.000273031331104
2052-11-26,0.0002740581507786
2052-11-27,0.0002746694391841
2052-11-28,0.0012115930786805
2052-11-29,0.0070838224364697
2052-11-30,0.0010190174865974
2052-12-01,0.0002956595429416
2052-12-02,0.0002909767187489
2052-12-03,0.0002928420418867
2052-12-04,0.000294093691548
2052-12-05,0.0002948260543309
2052-12-06,0.0002950251737713
2052-12-07,0.0002950747559594
2052-12-08,0.0003643883670682
2052-12-09,0.0002958205910901
2052-12-10,0.0002956805745224
2052-12-11,0.0002954678084215
2052-12-12,0.0002952658985054
2052-12-13,0.0002947577404101
2052-12-14,0.0002940031563846
2052-12-15,0.0002932441215428
2052-12-16,0.0037160200786376
2052-12-17,0.0350821588643444
2052-12-18,0.0278032308164126
2052-12-19,0.0003915784753676
2052-12-20,0.000425539262332
2052-12-21,0.0027487560521115
2052-12-22,0.004217370371663
2052-12-23,0.0006880772779314
2052-12-24,0.0008367409886794
2052-12-25,0.0132163428691534
2052-12-26,0.0041079326439621
2052-12-27,0.0027686983173107
2052-12-28,0.0030177298596595
2052-12-29,0.0030577299482118
2052-12-30,0.0273031123030895
2052-12-31,0.0222775714784874
2053-01-01,0.0170993007242898
2053-01-02,0.0145625778577616
2053-01-03,0.0235975155334889
2053-01-04,0.0203784556823564
2053-01-05,0.0258218651326221
2053-01-06,0.0189751290470423
2053-01-07,0.034504478083948
2053-01-08,0.0295747685133297
2053-01-09,0.0241551652760516
2053-01-10,0.0233681543733553
2053-01-11,0.0198344856800609
2053-01-12,0.0175258789779888
2053-01-13,0.0153641925723326
2053-01-14,0.0134293413949006
2053-01-15,0.0117761440563817
2053-01-16,0.0103768094272201
2053-01-17,0.0091664165420669
2053-01-18,0.0081754343888117
2053-01-19,0.0073141045627541
2053-01-20,0.0065433699984325
2053-01-21,0.0189503896722476
2053-01-22,0.0072570675747212
2053-01-23,0.0079700598952685
2053-01-24,0.0078192642778729
2053-01-25,0.0073236018797299
2053-01-26,0.0067470321990917
2053-01-27,0.0063444067287946
2053-01-28,0.0058267570248961
2053-01-29,0.0054195661372764
2053-01-30,0.0081096941652672
2053-01-31,0.0056079246681807
2053-02-01,0.0048713540907525
2053-02-02,0.0054894197215808
2053-02-03,0.0102860032421428
2053-02-04,0.0051141324877015
2053-02-05,0.0054040101748584
2053-02-06,0.0053783374873256
2053-02-07,0.005213027154643
2053-02-08,0.0049539372708512
2053-02-09,0.0046735807193954
2053-02-10,0.0043797141162185
2053-02-11,0.004082994215878
2053-02-12,0.0037956803343251
2053-02-13,0.0119745490318892
2053-02-14,0.0040544422664417
2053-02-15,0.0049794670890889
2053-02-16,0.0051770178902555
2053-02-17,0.0077546403463189
2053-02-18,0.0059838667786075
2053-02-19,0.0061201449241728
2053-02-20,0.0059198989044741
2053-02-21,0.0053421044712383
2053-02-22,0.0051857479094686
2053-02-23,0.004915866541249
2053-02-24,0.0045975854003986
2053-02-25,0.0042532895971795
2053-02-26,0.003905240880002
2053-02-27,0.0206107105147168
2053-02-28,0.007182478280796
2053-03-01,0.007219250597848
2053-03-02,0.007333149554434
2053-03-03,0.0190970550992764
2053-03-04,0.0097347261200037
2053-03-05,0.0124697119695624
2053-03-06,0.0125449407833548
2053-03-07,0.0136027308615243
2053-03-08,0.0141424912337585
2053-03-09,0.0130563583958023
2053-03-10,0.0112687008756589
2053-03-11,0.0105070936616637
2053-03-12,0.0135853824141929
2053-03-13,0.0093135735078745
2053-03-14,0.0088574837797839
2053-03-15,0.0081910356028561
2053-03-16,0.0074493733608999
2053-03-17,0.0067425372063768
2053-03-18,0.0061162433534115
2053-03-19,0.0055580483979067
2053-03-20,0.0050100499136072
2053-03-21,0.0045207051463884
2053-03-22,0.0049121414430743
2053-03-23,0.0038508374958698
2053-03-24,0.0034880643136099
2053-03-25,0.0119085450070023
2053-03-26,0.0246459857541146
2053-03-27,0.0088983546176976
2053-03-28,0.0096585940233847
2053-03-29,0.0090575819216519
2053-03-30,0.0082014744552147
2053-03-31,0.007501018215653
2053-04-01,0.007474833580648
2053-04-02,0.0063560105585587
2053-04-03,0.0056218514264593
2053-04-04,0.0049460465071092
2053-04-05,0.0043640705591085
2053-04-06,0.0038586461447095
2053-04-07,0.0034246245036028
2053-04-08,0.0030377375127754
2053-04-09,0.0026155757060949
2053-04-10,0.0022242093478431
2053-04-11,0.0018869407715259
2053-04-12,0.001588636273893
2053-04-13,0.0013325887625552
2053-04-14,0.0012025859039524
2053-04-15,0.0079246730521754
2053-04-16,0.0010538340870134
2053-04-17,0.0010391492753521
2053-04-18,0.0010017076825959
2053-04-19,0.0009508689066951
2053-04-20,0.0008563104239101
2053-04-21,0.0007613402743856
2053-04-22,0.0053680101524925
2053-04-23,0.0007393115101824
2053-04-24,0.0007551222136076
2053-04-25,0.0007327293445248
2053-04-26,0.012228753504325
2053-04-27,0.0152105809433052
2053-04-28,0.0074671506679541
2053-04-29,0.0089435473357307
2053-04-30,0.0071850075980309
2053-05-01,0.0077435139920386
2053-05-02,0.0126630621738334
2053-05-03,0.0081579145609493
2053-05-04,0.0077769082349986
2053-05-05,0.0071662609877586
2053-05-06,0.0065657560607892
2053-05-07,0.0060946634754454
2053-05-08,0.0058398882571373
2053-05-09,0.0068092390401283
2053-05-10,0.0049832159897689
2053-05-11,0.0045146576806676
2053-05-12,0.0039591197933376
2053-05-13,0.0034112309781549
2053-05-14,0.0029023902117813
2053-05-15,0.0024429474194743
2053-05-16,0.0020340611350473
2053-05-17,0.0016545436250034
2053-05-18,0.0013209744987205
2053-05-19,0.0010466884277087
2053-05-20,0.0008384792750224
2053-05-21,0.0006994527219497
2053-05-22,0.0006059872149825
2053-05-23,0.0005135847526797
2053-05-24,0.0004503666359661
2053-05-25,0.0004197417321516
2053-05-26,0.0004096806578865
2053-05-27,0.0004053148636775
2053-05-28,0.0004011986751047
2053-05-29,0.0003971901732477
2053-05-30,0.0003929238819297
2053-05-31,0.0003886111359732
2053-06-01,0.0003853118090368
2053-06-02,0.0003831877248976
2053-06-03,0.000379796937336
2053-06-04,0.0003753629774822
2053-06-05,0.0003709866233425
2053-06-06,0.0003664916276373
2053-06-07,0.000361841871863
2053-06-08,0.0003570329959706
2053-06-09,0.0003523080945541
2053-06-10,0.0003479618988458
2053-06-11,0.0003439341985569
2053-06-12,0.0003398203701243
2053-06-13,0.0003353871532229
2053-06-14,0.0003304240684003
2053-06-15,0.0003254972012106
2053-06-16,0.0003206182970696
2053-06-17,0.0003155665841445
2053-06-18,0.0003109211278562
2053-06-19,0.0003063367139587
2053-06-20,0.0003013467982669
2053-06-21,0.0002965057758386
2053-06-22,0.0002917127413929
2053-06-23,0.0002869224073383
2053-06-24,0.0002820265655065
2053-06-25,0.0002767156904117
2053-06-26,0.0002712401939244
2053-06-27,0.0002662767950502
2053-06-28,0.0002612887655236
2053-06-29,0.00025631307906
2053-06-30,0.0002517937157002
2053-07-01,0.0002472100438871
2053-07-02,0.0002434111702615
2053-07-03,0.0002398854083488
2053-07-04,0.0002364129627799
2053-07-05,0.0002330077171784
2053-07-06,0.0002296742756906
2053-07-07,0.0002263499742395
2053-07-08,0.0002229970848652
2053-07-09,0.0002195269348269
2053-07-10,0.0002163534083919
2053-07-11,0.0002133493598308
2053-07-12,0.0002103686461329
2053-07-13,0.0002074285431223
2053-07-14,0.0002045841569424
2053-07-15,0.0002019174695008
2053-07-16,0.0001994073703221
2053-07-17,0.0001970380931813
2053-07-18,0.0001947407158464
2053-07-19,0.0001924755701213
2053-07-20,0.0001902555779394
2053-07-21,0.0001881286508282
2053-07-22,0.0001858532422319
2053-07-23,0.0001833452087573
2053-07-24,0.0001810671052034
2053-07-25,0.0001792620327068
2053-07-26,0.0001776192561723
2053-07-27,0.0001759542962373
2053-07-28,0.0001743678970412
2053-07-29,0.0001729277029954
2053-07-30,0.0001713598598635
2053-07-31,0.000169594770253
2053-08-01,0.000168307562532
2053-08-02,0.0001670852967932
2053-08-03,0.0001657739771948
2053-08-04,0.0001646740800428
2053-08-05,0.0001634324526803
2053-08-06,0.0001623567554958
2053-08-07,0.000161628674103
2053-08-08,0.0001610667438356
2053-08-09,0.0001606173654286
2053-08-10,0.0001601623263005
2053-08-11,0.0001596822639819
2053-08-12,0.0001592478151963
2053-08-13,0.0001588756019713
2053-08-14,0.0001584925399531
2053-08-15,0.0001581157271281
2053-08-16,0.0001578273130049
2053-08-17,0.000157579112949
2053-08-18,0.0001573810496573
2053-08-19,0.0001571885039075
2053-08-20,0.000157057772975
2053-08-21,0.0001569723231773
2053-08-22,0.0001568868733797
2053-08-23,0.000156801454248
2053-08-24,0.0001567160044504
2053-08-25,0.0001566305853187
2053-08-26,0.0001565439108778
2053-08-27,0.0001564584917462
2053-08-28,0.0001563730419485
2053-08-29,0.0001562876228169
2053-08-30,0.0001562021730192
2053-08-31,0.0001561179785308
2053-09-01,0.0001560325287332
2053-09-02,0.0001559471096015
2053-09-03,0.0001558622134481
2053-09-04,0.0001557767636505
2053-09-05,0.0001556913445188
2053-09-06,0.0001556059253872
2053-09-07,0.000155522253877
2053-09-08,0.0001554368347453
2053-09-09,0.0001553513849477
2053-09-10,0.0001552677134375
2053-09-11,0.0001551822943059
2053-09-12,0.0001550973981525
2053-09-13,0.0001550132036641
2053-09-14,0.0001549283075107
2053-09-15,0.0001548441130223
2053-09-16,0.0001547592168689
2053-09-17,0.0001546750223805
2053-09-18,0.000154590126227
2053-09-19,0.0001545064547169
2053-09-20,0.0001544210355852
2053-09-21,0.0001543373947411
2053-09-22,0.0001542537232309
2053-09-23,0.0001541688270775
2053-09-24,0.0001540846325891
2053-09-25,0.0001540009917449
2053-09-26,0.0001539160955915
2053-09-27,0.0001538324240814
2053-09-28,0.0001537487525712
2053-09-29,0.0001536651117271
2053-09-30,0.0001535809172387
2053-10-01,0.0001534972763945
2053-10-02,0.0001534123802411
2053-10-03,0.0001533287393969
2053-10-04,0.0001532450678868
2053-10-05,0.0001531614270426
2053-10-06,0.0001530782785107
2053-10-07,0.0001529946376665
2053-10-08,0.0001529109661564
2053-10-09,0.0001528273253122
2053-10-10,0.0001527449091113
2053-10-11,0.0118348541016542
2053-10-12,0.0413383258158378
2053-10-13,0.0163043497715356
2053-10-14,0.0002442553503494
2053-10-15,0.0002525219925692
2053-10-16,0.0002552128694844
2053-10-17,0.0002563664370794
2053-10-18,0.0002568484760354
2053-10-19,0.0002568330684143
2053-10-20,0.0002563576326675
2053-10-21,0.0002555796480281
2053-10-22,0.0002546691103791
2053-10-23,0.0002535976010993
2053-10-24,0.0002524705372397
2053-10-25,0.000251257251156
2053-10-26,0.0002502718737587
2053-10-27,0.0002490246956001
2053-10-28,0.0002476030280998
2053-10-29,0.0002461681953761
2053-10-30,0.0004213985107815
2053-10-31,0.0002451613781194
2053-11-01,0.0002443475533926
2053-11-02,0.0015774598531201
2053-11-03,0.000243533877068
2053-11-04,0.0002427379673095
2053-11-05,0.0002419975950145
2053-11-06,0.0002412982381813
2053-11-07,0.0002406023463065
2053-11-08,0.0010573008259736
2053-11-09,0.0002400402672108
2053-11-10,0.0002394218577962
2053-11-11,0.0002387401914139
2053-11-12,0.002160327542276
2053-11-13,0.000238428662014
2053-11-14,0.0002381140818564
2053-11-15,0.0002376270727967
2053-11-16,0.0002371279465525
2053-11-17,0.0008286462354468
2053-11-18,0.0002370374793778
2053-11-19,0.000236322611964
2053-11-20,0.0002352875366356
2053-11-21,0.0002341663388541
2053-11-22,0.0002330268912422
2053-11-23,0.0002318925568653
2053-11-24,0.0002307958940409
2053-11-25,0.0002297340830266
2053-11-26,0.0002286600946847
2053-11-27,0.0002276558475945
2053-11-28,0.0002268040932866
2053-11-29,0.0002556868837213
2053-11-30,0.0002260011561702
2053-12-01,0.0002256546726425
2053-12-02,0.0002251460145448
2053-12-03,0.0002246168711846
2053-12-04,0.0002240972174618
2053-12-05,0.0006297106194346
2053-12-06,0.0010150131133571
2053-12-07,0.0002236032236099
2053-12-08,0.0006645072814294
2053-12-09,0.0008403264730797
2053-12-10,0.0002234774394205
2053-12-11,0.000223472748121
2053-12-12,0.0002233772214476
2053-12-13,0.0014254604463807
2053-12-14,0.0004232738081758
2053-12-15,0.0039709523310204
2053-12-16,0.0002253015672303
2053-12-17,0.0045755867912484
2053-12-18,0.0007696183101106
2053-12-19,0.0002358385102681
2053-12-20,0.0061679815533204
2053-12-21,0.0002454075485963
2053-12-22,0.0002508859765061
2053-12-23,0.0283995124453702
2053-12-24,0.001883506596156
2053-12-25,0.0003075431195722
2053-12-26,0.0003125629089914
2053-12-27,0.00031530077631
2053-12-28,0.0003169878899146
2053-12-29,0.0015833145498545
2053-12-30,0.0009307007346071
2053-12-31,0.0005838912856445
2054-01-01,0.0035830795523494
2054-01-02,0.0004523455050192
2054-01-03,0.0006727883200842
2054-01-04,0.000902283846902
2054-01-05,0.0006876019538796
2054-01-06,0.001033279970451
2054-01-07,0.0007946270460967
2054-01-08,0.0039184641744989
2054-01-09,0.0006426217202241
2054-01-10,0.0006196065921029
2054-01-11,0.0007299541082758
2054-01-12,0.0021280403265721
2054-01-13,0.0021827480670741
2054-01-14,0.0004836285672862
2054-01-15,0.0003603723036091
2054-01-16,0.0003619546280341
2054-01-17,0.0003628541823486
2054-01-18,0.0013157973937597
2054-01-19,0.0036208232762807
2054-01-20,0.0027611643000285
2054-01-21,0.0003715878889864
2054-01-22,0.0003743130637019
2054-01-23,0.0003757811448612
2054-01-24,0.0003763587361523
2054-01-25,0.0003763818938608
2054-01-26,0.0039627381216987
2054-01-27,0.0004072579675662
2054-01-28,0.0003803288415793
2054-01-29,0.0003812770060032
2054-01-30,0.0003815371737737
2054-01-31,0.0003812897419794
2054-02-01,0.0003807461657704
2054-02-02,0.000380071543773
2054-02-03,0.0003793454871845
2054-02-04,0.000378701164372
2054-02-05,0.0003780342161344
2054-02-06,0.0003772349124327
2054-02-07,0.0003764624388373
2054-02-08,0.0021468263372175
2054-02-09,0.002835351526476
2054-02-10,0.0004504022526996
2054-02-11,0.0003777651516982
2054-02-12,0.0003781364574318
2054-02-13,0.0003782144748495
2054-02-14,0.000378128581883
2054-02-15,0.0003779131642359
2054-02-16,0.003609946996375
2054-02-17,0.0046226404054318
2054-02-18,0.0096186464754404
2054-02-19,0.0007100574691659
2054-02-20,0.0007137385845809
2054-02-21,0.0008085020549669
2054-02-22,0.0008567528380066
2054-02-23,0.0081198614428918
2054-02-24,0.0023180691056113
2054-02-25,0.0052122454464044
2054-02-26,0.0039140287797401
2054-02-27,0.0181366598551181
2054-02-28,0.0067334469013963
2054-03-01,0.0072028973899883
2054-03-02,0.0065244826998762
2054-03-03,0.0062128511949329
2054-03-04,0.0058514206521724
2054-03-05,0.0053791348446751
2054-03-06,0.0048980387097046
2054-03-07,0.0044306869050175
2054-03-08,0.0039763907301506
2054-03-09,0.0035582592507569
2054-03-10,0.0108057728101196
2054-03-11,0.0034252656133086
2054-03-12,0.0035373969372209
2054-03-13,0.0034404748115755
2054-03-14,0.0032534092770722
2054-03-15,0.003021495551317
2054-03-16,0.0027716876480219
2054-03-17,0.0025363001413537
2054-03-18,0.0023330337261027
2054-03-19,0.0021257550434613
2054-03-20,0.0019054047858838
2054-03-21,0.0016991471898416
2054-03-22,0.0015191517381915
2054-03-23,0.0013765308725877
2054-03-24,0.0012617790638856
2054-03-25,0.0011338909397017
2054-03-26,0.0010105086284322
2054-03-27,0.0009057702661106
2054-03-28,0.001544889836268
2054-03-29,0.0007936037271004
2054-03-30,0.0007243728868038
2054-03-31,0.0044046689278636
2054-04-01,0.0029714438877035
2054-04-02,0.000702503162077
2054-04-03,0.0006906448134874
2054-04-04,0.0006607716329827
2054-04-05,0.0007587639517817
2054-04-06,0.0059821355389952
2054-04-07,0.002427772549117
2054-04-08,0.0011717542937091
2054-04-09,0.0010788504078817
2054-04-10,0.0011090101132721
2054-04-11,0.0010698129862098
2054-04-12,0.0009951824233959
2054-04-13,0.000920754215199
2054-04-14,0.0008550636105294
2054-04-15,0.0007857789347729
2054-04-16,0.0007062580963096
2054-04-17,0.0006380078121474
2054-04-18,0.0005897675974977
2054-04-19,0.0005564316199275
2054-04-20,0.0005285993723139
2054-04-21,0.002511869179076
2054-04-22,0.0005015491018469
2054-04-23,0.0004785699407023
2054-04-24,0.0004551908056684
2054-04-25,0.0004366464203631
2054-04-26,0.00042283823967
2054-04-27,0.002412089293105
2054-04-28,0.0004118645074909
2054-04-29,0.0004052975286723
2054-04-30,0.0003993190417358
2054-05-01,0.0003957564333114
2054-05-02,0.0003921232282302
2054-05-03,0.0003884772786688
2054-05-04,0.0003847837929188
2054-05-05,0.0003810358828119
2054-05-06,0.000377428037481
2054-05-07,0.0006949064832475
2054-05-08,0.0018561976267103
2054-05-09,0.0003740209939321
2054-05-10,0.0003720249542304
2054-05-11,0.0016298063487472
2054-05-12,0.0023632213893435
2054-05-13,0.0003706938490095
2054-05-14,0.0003687361940818
2054-05-15,0.000366026442937
2054-05-16,0.0003629501016123
2054-05-17,0.0003596528163043
2054-05-18,0.0003561387017787
2054-05-19,0.0003523053979416
2054-05-20,0.0003485166216272
2054-05-21,0.0003446750347448
2054-05-22,0.0003407163384904
2054-05-23,0.000336806010908
2054-05-24,0.0003328367311914
2054-05-25,0.0003287228471143
2054-05-26,0.0003245042293459
2054-05-27,0.0003205228569527
2054-05-28,0.0003167268880636
2054-05-29,0.0003129803289198
2054-05-30,0.0003091357431854
2054-05-31,0.0003051774758735
2054-06-01,0.0003012918750586
2054-06-02,0.000297425481304
2054-06-03,0.0002934239597853
2054-06-04,0.0002891397273793
2054-06-05,0.0002847558867472
2054-06-06,0.0002803476616427
2054-06-07,0.0002759756896405
2054-06-08,0.0002716058149848
2054-06-09,0.0002671492078658
2054-06-10,0.0002628819394775
2054-06-11,0.000258684205313
2054-06-12,0.0002542255825939
2054-06-13,0.0002498477199879
2054-06-14,0.0002456520449082
2054-06-15,0.0002413015443038
2054-06-16,0.0002369060780557
2054-06-17,0.0002327462313794
2054-06-18,0.0002289239724224
2054-06-19,0.0002255152504686
2054-06-20,0.0002224132763947
2054-06-21,0.000219182991491
2054-06-22,0.0002160700576344
2054-06-23,0.0002128648315149
2054-06-24,0.0002096359065778
2054-06-25,0.0002064108751186
2054-06-26,0.0002032706891406
2054-06-27,0.0002001610321709
2054-06-28,0.0001971796151369
2054-06-29,0.0001943986608578
2054-06-30,0.0001916680473865
2054-07-01,0.0001891538505439
2054-07-02,0.0001865721539982
2054-07-03,0.0001841345478414
2054-07-04,0.0001820943818038
2054-07-05,0.0001801537545027
2054-07-06,0.0001780297109117
2054-07-07,0.0001760402618282
2054-07-08,0.0001742595232912
2054-07-09,0.0001725459462411
2054-07-10,0.0001711484939858
2054-07-11,0.0001698153123323
2054-07-12,0.0001683132960247
2054-07-13,0.0001667764986683
2054-07-14,0.0001654366483087
2054-07-15,0.0001640762422652
2054-07-16,0.0001629580758653
2054-07-17,0.0001620138941817
2054-07-18,0.0001610596806424
2054-07-19,0.0001604438924428
2054-07-20,0.0001599861587417
2054-07-21,0.0001595715287626
2054-07-22,0.0001591910289224
2054-07-23,0.0001588554929357
2054-07-24,0.0001585307063972
2054-07-25,0.0001582400585367
2054-07-26,0.000157978374787
2054-07-27,0.0001577173636928
2054-07-28,0.0001574255485282
2054-07-29,0.0001571059958924
2054-07-30,0.0001568229185388
2054-07-31,0.0001567179051149
2054-08-01,0.0001566324553172
2054-08-02,0.0001565470361856
2054-08-03,0.0001564615863879
2054-08-04,0.0001563761365903
2054-08-05,0.0001562912404369
2054-08-06,0.0001562057906392
2054-08-07,0.0001561203715076
2054-08-08,0.0001560354446881
2054-08-09,0.0001559500255565
2054-08-10,0.0001558645757588
2054-08-11,0.0001557796796054
2054-08-12,0.0001556942604738
2054-08-13,0.0001556093336544
2054-08-14,0.0001555239145227
2054-08-15,0.0001554397200343
2054-08-16,0.0001553548238809
2054-08-17,0.0001552698970615
2054-08-18,0.0001551857025731
2054-08-19,0.0001551008064197
2054-08-20,0.000155015387288
2054-08-21,0.0001549317157779
2054-08-22,0.0001548468196244
2054-08-23,0.0001547614004928
2054-08-24,0.0001546777289826
2054-08-25,0.0001545928328292
2054-08-26,0.0001545091613191
2054-08-27,0.0001544237421874
2054-08-28,0.0001543400706773
2054-08-29,0.0001542563991671
2054-08-30,0.0001541715030137
2054-08-31,0.0001540878315035
2054-09-01,0.0001540029353501
2054-09-02,0.0001539192945059
2054-09-03,0.0001538356229958
2054-09-04,0.0001537519514856
2054-09-05,0.0001536670553322
2054-09-06,0.0001535834144881
2054-09-07,0.0001559143334889
2054-09-08,0.0001534160714677
2054-09-09,0.0003495517886215
2054-09-10,0.0001532487591134
2054-09-11,0.0001531644166042
2054-09-12,0.0001530807450941
2054-09-13,0.0001529971042499
2054-09-14,0.0001529134327398
2054-09-15,0.0001528303148738
2054-09-16,0.0001527466433637
2054-09-17,0.0001526630025195
2054-09-18,0.0001525810786309
2054-09-19,0.0001524974377867
2054-09-20,0.0001873369026138
2054-09-21,0.0001523306790766
2054-09-22,0.0001522470075665
2054-09-23,0.0001521638897005
2054-09-24,0.0001520814734996
2054-09-25,0.0001519983556337
2054-09-26,0.0001519152377678
2054-09-27,0.0001518327909009
2054-09-28,0.000151749673035
2054-09-29,0.0001516660321908
2054-09-30,0.0001515841389682
2054-10-01,0.0001515010211022
2054-10-02,0.0001514186049013
2054-10-03,0.0001513354870354
2054-10-04,0.0001512535938127
2054-10-05,0.0001511704759468
2054-10-06,0.0001510885827242
2054-10-07,0.000151004972546
2054-10-08,0.0001509230793233
2054-10-09,0.0001508411861007
2054-10-10,0.0001507580682347
2054-10-11,0.0001506761750121
2054-10-12,0.0001505943124554
2054-10-13,0.0001505111945895
2054-10-14,0.0001504293013668
2054-10-15,0.0001503474388102
2054-10-16,0.0001502655455875
2054-10-17,0.0001501836523648
2054-10-18,0.0001501005651649
2054-10-19,0.0001500191949205
2054-10-20,0.0001499373323638
2054-10-21,0.0001498554391411
2054-10-22,0.0001497735765845
2054-10-23,0.0001496916833618
2054-10-24,0.0001496103437834
2054-10-25,0.0001495284505607
2054-10-26,0.0001494465880041
2054-10-27,0.0001493652484256
2054-10-28,0.000149283355203
2054-10-29,0.0001492032402678
2054-10-30,0.0001491213777111
2054-10-31,0.0001490395151545
2054-11-01,0.00014895814491
2054-11-02,0.0001488762823534
2054-11-03,0.0001487961674182
2054-11-04,0.0001487143048615
2054-11-05,0.0001486329652831
2054-11-06,0.0001513718139596
2054-11-07,0.0001484709877913
2054-11-08,0.0001483896482128
2054-11-09,0.0001483095332777
2054-11-10,0.0009709345341808
2054-11-11,0.0013454412744295
2054-11-12,0.012941983872108
2054-11-13,0.000859283717678
2054-11-14,0.0001543345163701
2054-11-15,0.0001573074839849
2054-11-16,0.0001594982117728
2054-11-17,0.0001611544883928
2054-11-18,0.0001624155150041
2054-11-19,0.0001634150274662
2054-11-20,0.0001642226758406
2054-11-21,0.0001648475654191
2054-11-22,0.0001653041318545
2054-11-23,0.0001656471708497
2054-11-24,0.0001659148025214
2054-11-25,0.0024204096898453
2054-11-26,0.0001667862988375
2054-11-27,0.0001674349846652
2054-11-28,0.0001679674169235
2054-11-29,0.0001683931588562
2054-11-30,0.0001687184739276
2054-12-01,0.0001689346739363
2054-12-02,0.0001691047435503
2054-12-03,0.0001692084076674
2054-12-04,0.000169263818811
2054-12-05,0.0001693111759282
2054-12-06,0.0072128970608573
2054-12-07,0.0002681588471864
2054-12-08,0.0001755545352521
2054-12-09,0.0001780509506211
2054-12-10,0.0044863925615384
2054-12-11,0.0006284378728139
2054-12-12,0.0003654430140367
2054-12-13,0.0004706760079823
2054-12-14,0.0001927242487954
2054-12-15,0.0002043180666656
2054-12-16,0.0001956171595751
2054-12-17,0.0001964712667114
2054-12-18,0.000197073155103
2054-12-19,0.0001974594241816
2054-12-20,0.0001977506863353
2054-12-21,0.0001979261986989
2054-12-22,0.0001979827980462
2054-12-23,0.0001986613072021
2054-12-24,0.0001983023688578
2054-12-25,0.0001983503482599
2054-12-26,0.0001982595075769
2054-12-27,0.0001982008678378
2054-12-28,0.0001982300176011
2054-12-29,0.000198170781277
2054-12-30,0.0001978472049035
2054-12-31,0.0001974812808395
2055-01-01,0.0001970845898277
2055-01-02,0.0001967238701891
2055-01-03,0.0004945408031297
2055-01-04,0.000196564377959
2055-01-05,0.0001962866743776
2055-01-06,0.0001958319814958
2055-01-07,0.0001953440417137
2055-01-08,0.0001947627076895
2055-01-09,0.0001941406693236
2055-01-10,0.0001935047060085
2055-01-11,0.0001928795297731
2055-01-12,0.0001923070871864
2055-01-13,0.0001917143511061
2055-01-14,0.0001912479564326
2055-01-15,0.0001908946292093
2055-01-16,0.0001903171294103
2055-01-17,0.0001897468960913
2055-01-18,0.0001892097432605
2055-01-19,0.0001886466476409
2055-01-20,0.000188004292081
2055-01-21,0.0001873327822563
2055-01-22,0.0001867265714474
2055-01-23,0.000186129190744
2055-01-24,0.0001854780611015
2055-01-25,0.0001848270058731
2055-01-26,0.0001841990683822
2055-01-27,0.0001836844821084
2055-01-28,0.008969387433152
2055-01-29,0.018563689542298
2055-01-30,0.0291265540398596
2055-01-31,0.0078131309890073
2055-02-01,0.0159723216231827
2055-02-02,0.0028913217631462
2055-02-03,0.0167230791258355
2055-02-04,0.0028068200819767
2055-02-05,0.0003675527023311
2055-02-06,0.0003727169893827
2055-02-07,0.0003754234128121
2055-02-08,0.0098508477556523
2055-02-09,0.0003877940508234
2055-02-10,0.0080075320611426
2055-02-11,0.0004914500449374
2055-02-12,0.0006131830517493
2055-02-13,0.0006843707453107
2055-02-14,0.0007267793481756
2055-02-15,0.0007478392985323
2055-02-16,0.0007602313894203
2055-02-17,0.0095828399152715
2055-02-18,0.0010562171642115
2055-02-19,0.0026234988624927
2055-02-20,0.0026083689262414
2055-02-21,0.0017246916208071
2055-02-22,0.0085307168188245
2055-02-23,0.0064373204619004
2055-02-24,0.0042653635633631
2055-02-25,0.0063232521882911
2055-02-26,0.0095625758082088
2055-02-27,0.0052500911012952
2055-02-28,0.0055472881714215
2055-03-01,0.0053860198422558
2055-03-02,0.0106141026109966
2055-03-03,0.0084479192981775
2055-03-04,0.0064160639908633
2055-03-05,0.0062912865501241
2055-03-06,0.0060672277947437
2055-03-07,0.0056904070481997
2055-03-08,0.005228888291362
2055-03-09,0.0047699481909866
2055-03-10,0.0043555694418408
2055-03-11,0.0039727543537834
2055-03-12,0.0036267336955057
2055-03-13,0.0032701255558813
2055-03-14,0.002943448344324
2055-03-15,0.0026358171455946
2055-03-16,0.0023545370849149
2055-03-17,0.0021047693732825
2055-03-18,0.0018796363016991
2055-03-19,0.0016750956876276
2055-03-20,0.0014926474085932
2055-03-21,0.0013202000350631
2055-03-22,0.0011700817054411
2055-03-23,0.0010353513360647
2055-03-24,0.0009168912312662
2055-03-25,0.0031931009720653
2055-03-26,0.0026447559301982
2055-03-27,0.0007850334374252
2055-03-28,0.0007449910903269
2055-03-29,0.0006976626977687
2055-03-30,0.0006434557848363
2055-03-31,0.0006043685568104
2055-04-01,0.0007165632971019
2055-04-02,0.0005632688294365
2055-04-03,0.0005341828148691
2055-04-04,0.0004982550054641
2055-04-05,0.0004657437447084
2055-04-06,0.0004386851861819
2055-04-07,0.0004187013121948
2055-04-08,0.0004073122587194
2055-04-09,0.000402853517231
2055-04-10,0.0004000024842232
2055-04-11,0.0003971606812951
2055-04-12,0.000394300188127
2055-04-13,0.0004494538987731
2055-04-14,0.0003908208968248
2055-04-15,0.0003887752073589
2055-04-16,0.0003861178258157
2055-04-17,0.0003833323061457
2055-04-18,0.0003802305554979
2055-04-19,0.0003770735806722
2055-04-20,0.0003738618951344
2055-04-21,0.0003707635869781
2055-04-22,0.0003680967942906
2055-04-23,0.0003656746709083
2055-04-24,0.0003628423142955
2055-04-25,0.0003595844276463
2055-04-26,0.0003561763110415
2055-04-27,0.0003526698317091
2055-04-28,0.000349249417618
2055-04-29,0.0003459043940741
2055-04-30,0.0003425323012128
2055-05-01,0.0003390035996594
2055-05-02,0.0003541483403218
2055-05-03,0.0006216038669429
2055-05-04,0.000333053243636
2055-05-05,0.0003298710465484
2055-05-06,0.0003262248419344
2055-05-07,0.0003229414509096
2055-05-08,0.0003199259131457
2055-05-09,0.0003160220228312
2055-05-10,0.0003116584721227
2055-05-11,0.0003069093727765
2055-05-12,0.0003022926869549
2055-05-13,0.0002979204937896
2055-05-14,0.0002935044584131
2055-05-15,0.0002890776543897
2055-05-16,0.0002845658176592
2055-05-17,0.0002799718267907
2055-05-18,0.0002753630780635
2055-05-19,0.0002707420592446
2055-05-20,0.0002660351779977
2055-05-21,0.0002610859790882
2055-05-22,0.0002563445000256
2055-05-23,0.0002519043405302
2055-05-24,0.0002476011248389
2055-05-25,0.0002433268495155
2055-05-26,0.0002390716539208
2055-05-27,0.000235391738716
2055-05-28,0.0002317911550203
2055-05-29,0.0002280201273386
2055-05-30,0.0002243893460479
2055-05-31,0.0002208869567511
2055-06-01,0.0002174799999675
2055-06-02,0.0002140356991466
2055-06-03,0.0002106488056899
2055-06-04,0.0002073827385172
2055-06-05,0.0002041854807647
2055-06-06,0.0002011167794186
2055-06-07,0.0001981002551901
2055-06-08,0.000195319086894
2055-06-09,0.0001924885231681
2055-06-10,0.0001896020702989
2055-06-11,0.0001868008693004
2055-06-12,0.0001842318802066
2055-06-13,0.0001820345356566
2055-06-14,0.0001799203707688
2055-06-15,0.0001780604682887
2055-06-16,0.0001764352453116
2055-06-17,0.0001749253227529
2055-06-18,0.0001736423974367
2055-06-19,0.0001724587139665
2055-06-20,0.0001710609380677
2055-06-21,0.00016956538337
2055-06-22,0.0001681805449506
2055-06-23,0.0001668377810731
2055-06-24,0.0001654850536374
2055-06-25,0.0001643393705065
2055-06-26,0.0001635418820822
2055-06-27,0.0001628974813272
2055-06-28,0.0001622875574249
2055-06-29,0.0001616533471648
2055-06-30,0.0001609631443791
2055-07-01,0.0001603039861915
2055-07-02,0.0001596711371697
2055-07-03,0.0001591145418445
2055-07-04,0.0001586236703574
2055-07-05,0.0001581487678672
2055-07-06,0.0001578194383931
2055-07-07,0.0001576058514004
2055-07-08,0.000157384368213
2055-07-09,0.0001571596137465
2055-07-10,0.000157038649294
2055-07-11,0.0001569531994964
2055-07-12,0.0001568677496988
2055-07-13,0.0001567823305671
2055-07-14,0.0001566956561262
2055-07-15,0.0001566102369945
2055-07-16,0.0001565247871969
2055-07-17,0.0001564393680652
2055-07-18,0.0001563539182676
2055-07-19,0.0001562684991359
2055-07-20,0.0001561830493383
2055-07-21,0.0001560976302066
2055-07-22,0.0001560127340532
2055-07-23,0.0001559272842556
2055-07-24,0.0001558430897672
2055-07-25,0.0001557576706355
2055-07-26,0.0001556727438161
2055-07-27,0.0001555873246844
2055-07-28,0.0001555019055528
2055-07-29,0.0001554182340426
2055-07-30,0.000155332814911
2055-07-31,0.0001552478880916
2055-08-01,0.0001551636936032
2055-08-02,0.0001550787974498
2055-08-03,0.0001549933783181
2055-08-04,0.000154909706808
2055-08-05,0.0001548242876763
2055-08-06,0.0001547406161661
2055-08-07,0.0001546557200127
2055-08-08,0.0001545715255243
2055-08-09,0.0001544866293709
2055-08-10,0.0001544029885268
2055-08-11,0.0001543175693951
2055-08-12,0.0001542338978849
2055-08-13,0.0001541502263748
2055-08-14,0.0001540653302214
2055-08-15,0.0001539816893772
2055-08-16,0.0001538974948888
2055-08-17,0.0001538138233787
2055-08-18,0.0001537289578912
2055-08-19,0.0001536452863811
2055-08-20,0.0001535616148709
2055-08-21,0.0001534779740268
2055-08-22,0.0001533943025166
2055-08-23,0.0001533106616725
2055-08-24,0.0001532269901623
2055-08-25,0.0001531433493181
2055-08-26,0.000153059677808
2055-08-27,0.0001529765599421
2055-08-28,0.0001528929190979
2055-08-29,0.0001528092475877
2055-08-30,0.0001527256067436
2055-08-31,0.0001526419658994
2055-09-01,0.0001525588173675
2055-09-02,0.0001524751765233
2055-09-03,0.0001523927603224
2055-09-04,0.0001523096424565
2055-09-05,0.0001522259709464
2055-09-06,0.0001521423301022
2055-09-07,0.0001520604368795
2055-09-08,0.0001519767960354
2055-09-09,0.0001518936781694
2055-09-10,0.0001518112619686
2055-09-11,0.0001517281441026
2055-09-12,0.0001516445032585
2055-09-13,0.0001515626100358
2055-09-14,0.0001514794921699
2055-09-15,0.000151397075969
2055-09-16,0.0001513139581031
2055-09-17,0.0001512320648804
2055-09-18,0.0001511496793455
2055-09-19,0.0001510665614796
2055-09-20,0.0001509846682569
2055-09-21,0.000223710915861
2055-09-22,0.0001508191648561
2055-09-23,0.0001507372716334
2055-09-24,0.0001506553784108
2055-09-25,0.0001505722912108
2055-09-26,0.0001504903979882
2055-09-27,0.0001504085047655
2055-09-28,0.0001503266422088
2055-09-29,0.0001502447489862
2055-09-30,0.0001501616617862
2055-10-01,0.0001500797685636
2055-10-02,0.0001499979060069
2055-10-03,0.0001499160127842
2055-10-04,0.0001498341502276
2055-10-05,0.0001497522570049
2055-10-06,0.0001496703944482
2055-10-07,0.0001495890548698
2055-10-08,0.0021301510821676
2055-10-09,0.0004716044227621
2055-10-10,0.0001493446918431
2055-10-11,0.0001492645769079
2055-10-12,0.0001491832373295
2055-10-13,0.0001491025994161
2055-10-14,0.0001490225151469
2055-10-15,0.0001489411755685
2055-10-16,0.0001488610606333
2055-10-17,0.0001487792287426
2055-10-18,0.0001486991138074
2055-10-19,0.0001486189988723
2055-10-20,0.0001485376899598
2055-10-21,0.0001484570520464
2055-10-22,0.0001483769371113
2055-10-23,0.0001482956281988
2055-10-24,0.0001482155132637
2055-10-25,0.0001481348753503
2055-10-26,0.0001480535357718
2055-10-27,0.0001479734515026
2055-10-28,0.0001478933365675
2055-10-29,0.0001478132522983
2055-10-30,0.0001477319127199
2055-10-31,0.0001476512748065
2055-11-01,0.0001475711905373
2055-11-02,0.0001474910756021
2055-11-03,0.0005460389732531
2055-11-04,0.0001473296517545
2055-11-05,0.0001472495674853
2055-11-06,0.0001471694525502
2055-11-07,0.000147089368281
2055-11-08,0.0001470092840118
2055-11-09,0.0001469291690766
2055-11-10,0.0001468490848075
2055-11-11,0.0001467695235165
2055-11-12,0.0001466894085814
2055-11-13,0.0001466093243122
2055-11-14,0.000146529240043
2055-11-15,0.0001464491557738
2055-11-16,0.0001463707884602
2055-11-17,0.000146290704191
2055-11-18,0.0001462106199218
2055-11-19,0.0001461305356526
2055-11-20,0.0001460509743617
2055-11-21,0.0001459721147358
2055-11-22,0.017799570380123
2055-11-23,0.012131327116067
2055-11-24,0.0010483134631702
2055-11-25,0.0063348547749118
2055-11-26,0.0038135326217185
2055-11-27,0.0002059989520722
2055-11-28,0.0002119205871034
2055-11-29,0.0011324595673992
2055-11-30,0.0002179455995885
2055-12-01,0.0002196434061159
2055-12-02,0.0002206883656608
2055-12-03,0.0002213818965113
2055-12-04,0.0002217854021262
2055-12-05,0.0021595770432041
2055-12-06,0.000223311435755
2055-12-07,0.0002242168152351
2055-12-08,0.0002247629409692
2055-12-09,0.0004393013116821
2055-12-10,0.0002259005307393
2055-12-11,0.0002261975436571
2055-12-12,0.0002264442521652
2055-12-13,0.0002267140714452
2055-12-14,0.000376701886145
2055-12-15,0.0002889297706086
2055-12-16,0.0002276492024552
2055-12-17,0.0002276645544349
2055-12-18,0.0002275272488766
2055-12-19,0.0002270992111085
2055-12-20,0.0002265628180034
2055-12-21,0.0002261619092283
2055-12-22,0.0002260145129462
2055-12-23,0.0002258664203081
2055-12-24,0.0014419248301855
2055-12-25,0.0002687013628043
2055-12-26,0.0002750303425298
2055-12-27,0.0002259467066724
2055-12-28,0.000225857140116
2055-12-29,0.0002257281449564
2055-12-30,0.0047332055546475
2055-12-31,0.0002397259337879
2056-01-01,0.0002282531078143
2056-01-02,0.0002290994752328
2056-01-03,0.0002295555811311
2056-01-04,0.0002299446580173
2056-01-05,0.0002301465314078
2056-01-06,0.0002300504727497
2056-01-07,0.0002299370646608
2056-01-08,0.0002297234174006
2056-01-09,0.0002294519408407
2056-01-10,0.0002290185526226
2056-01-11,0.0002284843777471
2056-01-12,0.0089823699660151
2056-01-13,0.0076689276248127
2056-01-14,0.0002459399880498
2056-01-15,0.0002528846860607
2056-01-16,0.0002562901531622
2056-01-17,0.0002581127370797
2056-01-18,0.0002592037370559
2056-01-19,0.0002598218728544
2056-01-20,0.0002601834543674
2056-01-21,0.0002603653061796
2056-01-22,0.0002603280397831
2056-01-23,0.0002600745791928
2056-01-24,0.0002597607259327
2056-01-25,0.0002594446257734
2056-01-26,0.0130713911093755
2056-01-27,0.0049995852912575
2056-01-28,0.0002825974074966
2056-01-29,0.0039295978312454
2056-01-30,0.0296970690823526
2056-01-31,0.001053055199536
2056-02-01,0.0003536335604786
2056-02-02,0.0003579032456218
2056-02-03,0.0003601045189833
2056-02-04,0.0003614246682611
2056-02-05,0.0003621939114802
2056-02-06,0.0003626394830566
2056-02-07,0.0004365257102291
2056-02-08,0.0003633265050736
2056-02-09,0.0003633793322937
2056-02-10,0.0003632712921556
2056-02-11,0.0003629885051148
2056-02-12,0.0003624181007991
2056-02-13,0.000361601534314
2056-02-14,0.0003607525890058
2056-02-15,0.0020407496195765
2056-02-16,0.003319716948242
2056-02-17,0.0003615631911739
2056-02-18,0.0003625095654764
2056-02-19,0.0006442666344079
2056-02-20,0.000446398553447
2056-02-21,0.0003649942301206
2056-02-22,0.0003652356832149
2056-02-23,0.0017500213687142
2056-02-24,0.0003658657504026
2056-02-25,0.0010989659331725
2056-02-26,0.0060055583378041
2056-02-27,0.0010482040444125
2056-02-28,0.0009924844509148
2056-02-29,0.0008145744906254
2056-03-01,0.0003824344784348
2056-03-02,0.0003837976956369
2056-03-03,0.0003845288717097
2056-03-04,0.0003847254824898
2056-03-05,0.0003844070854452
2056-03-06,0.0003836727044473
2056-03-07,0.0003827465804106
2056-03-08,0.000381644810728
2056-03-09,0.0003804510616006
2056-03-10,0.0003791925564832
2056-03-11,0.0003777307275429
2056-03-12,0.0003761661259198
2056-03-13,0.0003744816695966
2056-03-14,0.0008125348792804
2056-03-15,0.0004164373176587
2056-03-16,0.0003724832611359
2056-03-17,0.0026372491614435
2056-03-18,0.0036668692773167
2056-03-19,0.0003732700502828
2056-03-20,0.0003738696793391
2056-03-21,0.0125103561459199
2056-03-22,0.0021937009009316
2056-03-23,0.0147876003048655
2056-03-24,0.0013114174665223
2056-03-25,0.0089402405211072
2056-03-26,0.0099713983764829
2056-03-27,0.0041761169411823
2056-03-28,0.0044264095025794
2056-03-29,0.0072991788119532
2056-03-30,0.00461769675511
2056-03-31,0.0066099461034212
2056-04-01,0.018957691632733
2056-04-02,0.0239552651527119
2056-04-03,0.0142193213814954
2056-04-04,0.0146576101865548
2056-04-05,0.0130601341133585
2056-04-06,0.0233128743600322
2056-04-07,0.0145643011292623
2056-04-08,0.0142851730393884
2056-04-09,0.0128945281149207
2056-04-10,0.0113477862199895
2056-04-11,0.0098273883339936
2056-04-12,0.0084331861948601
2056-04-13,0.0072354000877182
2056-04-14,0.0062187756046468
2056-04-15,0.0053155606596314
2056-04-16,0.0045297515605904
2056-04-17,0.0038425948579184
2056-04-18,0.0032471557171462
2056-04-19,0.0027275771488432
2056-04-20,0.0022881162461641
2056-04-21,0.0060053358203224
2056-04-22,0.0019311714937121
2056-04-23,0.0135759669014343
2056-04-24,0.0075157830127411
2056-04-25,0.0044825564651069
2056-04-26,0.004622197591329
2056-04-27,0.0044065611146085
2056-04-28,0.0040216769445284
2056-04-29,0.0036161082468559
2056-04-30,0.0031652599090029
2056-05-01,0.0027293304979754
2056-05-02,0.0023287214898974
2056-05-03,0.0019847726199521
2056-05-04,0.0017236681689157
2056-05-05,0.0014862153791146
2056-05-06,0.0012371975579477
2056-05-07,0.0010293859449427
2056-05-08,0.000856414300128
2056-05-09,0.0007084773590015
2056-05-10,0.0005913900412097
2056-05-11,0.0005034105913977
2056-05-12,0.0004497214516111
2056-05-13,0.0004228842671824
2056-05-14,0.0004126418087827
2056-05-15,0.0004100017337189
2056-05-16,0.0005301792808258
2056-05-17,0.0013614639775424
2056-05-18,0.0004068204859638
2056-05-19,0.0004042232554599
2056-05-20,0.0004006239433855
2056-05-21,0.0003965385274957
2056-05-22,0.0003923094837154
2056-05-23,0.0003881218459832
2056-05-24,0.0003839096267006
2056-05-25,0.0003797179634003
2056-05-26,0.0062147079953027
2056-05-27,0.0003762674825008
2056-05-28,0.0003736855635827
2056-05-29,0.0003704912533447
2056-05-30,0.0003672132781807
2056-05-31,0.0003639958158865
2056-06-01,0.000360943134473
2056-06-02,0.0003578907204315
2056-06-03,0.0003545982481967
2056-06-04,0.0003510869329396
2056-06-05,0.0003475920732564
2056-06-06,0.000374380053987
2056-06-07,0.00034267356349
2056-06-08,0.0003392668391296
2056-06-09,0.000335239643809
2056-06-10,0.0003313638658371
2056-06-11,0.0003274694398031
2056-06-12,0.0003232222259603
2056-06-13,0.0003187931631475
2056-06-14,0.000314294364392
2056-06-15,0.0003098361194935
2056-06-16,0.0003053364673165
2056-06-17,0.000300914583023
2056-06-18,0.0002965622657547
2056-06-19,0.0002918933667607
2056-06-20,0.0002871231160393
2056-06-21,0.0002823803778903
2056-06-22,0.0002775624017167
2056-06-23,0.0002728507339455
2056-06-24,0.0002680638318024
2056-06-25,0.0002632843204596
2056-06-26,0.0002584569977417
2056-06-27,0.0002535999958277
2056-06-28,0.0002490556133932
2056-06-29,0.0002447263319196
2056-06-30,0.0002408627411245
2056-07-01,0.0002370132407588
2056-07-02,0.0002331719658837
2056-07-03,0.0002293159294557
2056-07-04,0.0002255098600701
2056-07-05,0.0002216962379738
2056-07-06,0.000218035737141
2056-07-07,0.0002145741031566
2056-07-08,0.000211045765596
2056-07-09,0.0002076525071235
2056-07-10,0.0002046060924806
2056-07-11,0.0002017782595631
2056-07-12,0.0001989857671152
2056-07-13,0.0001963122069238
2056-07-14,0.0001937275541416
2056-07-15,0.0001911156500837
2056-07-16,0.0001884387978409
2056-07-17,0.0001856845473629
2056-07-18,0.0001831109498781
2056-07-19,0.0001808518794978
2056-07-20,0.0001791641178286
2056-07-21,0.0001776583110968
2056-07-22,0.0001761387900404
2056-07-23,0.0001745620861339
2056-07-24,0.0001730169231751
2056-07-25,0.0001716842420858
2056-07-26,0.0001705207787626
2056-07-27,0.0001694165141319
2056-07-28,0.0001682651312522
2056-07-29,0.0001669864922952
2056-07-30,0.0001656070932265
2056-07-31,0.0001644302667496
2056-08-01,0.0001633713789014
2056-08-02,0.000162328299796
2056-08-03,0.0001614540373763
2056-08-04,0.0001606522247093
2056-08-05,0.0001600732626676
2056-08-06,0.0001596104863238
2056-08-07,0.0001591218007472
2056-08-08,0.0001586327913528
2056-08-09,0.0001583551356398
2056-08-10,0.0001580870116973
2056-08-11,0.0001577955037929
2056-08-12,0.0001575058239546
2056-08-13,0.0001572787166597
2056-08-14,0.0001570977446872
2056-08-15,0.0001570122948895
2056-08-16,0.0001569268757579
2056-08-17,0.0001568414259602
2056-08-18,0.0001567547821853
2056-08-19,0.0001629050050712
2056-08-20,0.000156583913256
2056-08-21,0.0001564984634583
2056-08-22,0.0001564130443267
2056-08-23,0.000156327594529
2056-08-24,0.0001562421753974
2056-08-25,0.0001561567255997
2056-08-26,0.0001560713064681
2056-08-27,0.0001559871119797
2056-08-28,0.000155901692848
2056-08-29,0.0001558167660286
2056-08-30,0.000155731346897
2056-08-31,0.0001556459277653
2056-09-01,0.0001555605086337
2056-09-02,0.0001554768064575
2056-09-03,0.0001553913873259
2056-09-04,0.0001553064911724
2056-09-05,0.0001552222966841
2056-09-06,0.0001551368775524
2056-09-07,0.000155051981399
2056-09-08,0.0001549677869106
2056-09-09,0.0001548828907572
2056-09-10,0.0001547986962688
2056-09-11,0.0001547138001154
2056-09-12,0.0001546301286052
2056-09-13,0.0001545447401395
2056-09-14,0.0001544610686294
2056-09-15,0.000154376874141
2056-09-16,0.0001542919779876
2056-09-17,0.0001542083064774
2056-09-18,0.0001541246656333
2056-09-19,0.0001540392465016
2056-09-20,0.0001539555749915
2056-09-21,0.0001538719341473
2056-09-22,0.0001537882626371
2056-09-23,0.0001537033664837
2056-09-24,0.0001536197256396
2056-09-25,0.0001535360541294
2056-09-26,0.000153451890307
2056-09-27,0.0001533682187969
2056-09-28,0.0001532845779527
2056-09-29,0.0001532009371085
2056-09-30,0.0001531177885766
2056-10-01,0.0001538594922061
2056-10-02,0.0001529504762223
2056-10-03,0.0001528668353781
2056-10-04,0.000152783194534
2056-10-05,0.0001526995230238
2056-10-06,0.0001526158821797
2056-10-07,0.0001525327643137
2056-10-08,0.0001524503481128
2056-10-09,0.0001523667072687
2056-10-10,0.0001522830664245
2056-10-11,0.0001521999178926
2056-10-12,0.0001521175016917
2056-10-13,0.0001520343838258
2056-10-14,0.0001519507429816
2056-10-15,0.0001518683267807
2056-10-16,0.0001517852089148
2056-10-17,0.0001517027927139
2056-10-18,0.000151619674848
2056-10-19,0.0001515372586471
2056-10-20,0.0001514541714471
2056-10-21,0.0001853588579312
2056-10-22,0.0001512886373803
2056-10-23,0.0001512067441576
2056-10-24,0.0001511231033135
2056-10-25,0.0001510412407568
2056-10-26,0.0001509593475342
2056-10-27,0.0001508762296682
2056-10-28,0.0001507938134673
2056-10-29,0.0001507119509107
2056-10-30,0.0004544467678494
2056-10-31,0.0001507371609624
2056-11-01,0.0008151913109021
2056-11-02,0.0002637540785068
2056-11-03,0.0001513826814913
2056-11-04,0.0001502189359512
2056-11-05,0.0001501370427285
2056-11-06,0.0039818765639641
2056-11-07,0.0001499811937622
2056-11-08,0.0001499193110735
2056-11-09,0.0001498574590508
2056-11-10,0.0001497980869807
2056-11-11,0.0001497374902672
2056-11-12,0.000194169351527
2056-11-13,0.0001496167891527
2056-11-14,0.0001495566847515
2056-11-15,0.0004626022459793
2056-11-16,0.0001494365066151
2056-11-17,0.0001493791957919
2056-11-18,0.0021477921735226
2056-11-19,0.0005879644665904
2056-11-20,0.0001493210500214
2056-11-21,0.000149372936448
2056-11-22,0.0001494308594022
2056-11-23,0.0001494882593781
2056-11-24,0.0001495413704479
2056-11-25,0.0001495904326306
2056-11-26,0.0001496334582857
2056-11-27,0.0001496711797444
2056-11-28,0.0001497035356746
2056-11-29,0.0001497268828125
2056-11-30,0.0001497438184654
2056-12-01,0.0001497535236136
2056-12-02,0.0001497578632333
2056-12-03,0.0001497568986565
2056-12-04,0.0001497506298832
2056-12-05,0.0001497413581792
2056-12-06,0.0001497279762559
2056-12-07,0.0001497103360926
2056-12-08,0.0001496909176419
2056-12-09,0.0001496667486389
2056-12-10,0.0001496414723474
2056-12-11,0.0001496137161034
2056-12-12,0.0001495836892596
2056-12-13,0.0001495523764406
2056-12-14,0.0001495180913569
2056-12-15,0.0001494814743414
2056-12-16,0.0001494418237292
2056-12-17,0.0001493991701862
2056-12-18,0.0001493547383557
2056-12-19,0.0001493067499502
2056-12-20,0.0001492552356357
2056-12-21,0.0001492037213213
2056-12-22,0.00014914917341
2056-12-23,0.0001490923242331
2056-12-24,0.0001490342197469
2056-12-25,0.0001489743676392
2056-12-26,0.0001489132602222
2056-12-27,0.0001488504051837
2056-12-28,0.0001487887441226
2056-12-29,0.0001487253354399
2056-12-30,0.0001486624497354
2056-12-31,0.0001485990717187
2057-01-01,0.0001485361860142
2057-01-02,0.0001484727466655
2057-01-03,0.0001484075596954
2057-01-04,0.0001483416710601
2057-01-05,0.0043426586655083
2057-01-06,0.0027474199384461
2057-01-07,0.0008246581919181
2057-01-08,0.0001499626709095
2057-01-09,0.0001510359886517
2057-01-10,0.0009390399988019
2057-01-11,0.0001529030978329
2057-01-12,0.000153783658982
2057-01-13,0.0001545753507764
2057-01-14,0.0071638113770752
2057-01-15,0.000325273703763
2057-01-16,0.0090714167699973
2057-01-17,0.0002409278820724
2057-01-18,0.0009117333094158
2057-01-19,0.0022812443468281
2057-01-20,0.0019251380329786
2057-01-21,0.0001979499305374
2057-01-22,0.0002011233970545
2057-01-23,0.0002031953484243
2057-01-24,0.0002044555992996
2057-01-25,0.0002050868250585
2057-01-26,0.0002054247981782
2057-01-27,0.0003492357050926
2057-01-28,0.0003211201538928
2057-01-29,0.0002069018638311
2057-01-30,0.0002069809777468
2057-01-31,0.0002068589640251
2057-02-01,0.0002065980337188
2057-02-02,0.0002064185243705
2057-02-03,0.0021852851625274
2057-02-04,0.0002067126871786
2057-02-05,0.0002067805212794
2057-02-06,0.0002067084815657
2057-02-07,0.0002066537201815
2057-02-08,0.0003106735161022
2057-02-09,0.0002066014125854
2057-02-10,0.0002061855594504
2057-02-11,0.0002057676949748
2057-02-12,0.000205258662301
2057-02-13,0.0002046317494854
2057-02-14,0.0002039787114998
2057-02-15,0.000203388357639
2057-02-16,0.0002027723447562
2057-02-17,0.0002020133541268
2057-02-18,0.0002012091923703
2057-02-19,0.0002004482754326
2057-02-20,0.000199872838111
2057-02-21,0.0328133364861871
2057-02-22,0.0003378062655524
2057-02-23,0.0002478112671343
2057-02-24,0.0008364119421803
2057-02-25,0.0336099877531968
2057-02-26,0.0079561930609299
2057-02-27,0.0096315224345789
2057-02-28,0.002003563593947
2057-03-01,0.0003540366677891
2057-03-02,0.0003634488376217
2057-03-03,0.0047027338181233
2057-03-04,0.0020169455093242
2057-03-05,0.0056219384330456
2057-03-06,0.0131437642736843
2057-03-07,0.0035297625865054
2057-03-08,0.0012291398480173
2057-03-09,0.0104331319890634
2057-03-10,0.0069752571164638
2057-03-11,0.0054405859186186
2057-03-12,0.0055316524070031
2057-03-13,0.0050343634915346
2057-03-14,0.0047289627308753
2057-03-15,0.0045209085219971
2057-03-16,0.0042258659886822
2057-03-17,0.0050087090750088
2057-03-18,0.0048718768447834
2057-03-19,0.003620647324822
2057-03-20,0.0033518119517988
2057-03-21,0.0030582606858778
2057-03-22,0.0027651699985609
2057-03-23,0.0024838210348261
2057-03-24,0.0022339791977582
2057-03-25,0.002014674057499
2057-03-26,0.0018100463517716
2057-03-27,0.0016235699556252
2057-03-28,0.0017557827113298
2057-03-29,0.0014069679324385
2057-03-30,0.0013003690164236
2057-03-31,0.0011703897623831
2057-04-01,0.0010435651400502
2057-04-02,0.0009118785235171
2057-04-03,0.0007940110866025
2057-04-04,0.0006903836192061
2057-04-05,0.0006055606016696
2057-04-06,0.0005407167952087
2057-04-07,0.0004931420147855
2057-04-08,0.0016970248356308
2057-04-09,0.0010246793630395
2057-04-10,0.0004468024079773
2057-04-11,0.0004257689145796
2057-04-12,0.0004096643425539
2057-04-13,0.0100847971700908
2057-04-14,0.0055271437957831
2057-04-15,0.0046436672039042
2057-04-16,0.000980605672502
2057-04-17,0.0011536230171028
2057-04-18,0.0011739424328726
2057-04-19,0.0012460431681859
2057-04-20,0.0011586410755656
2057-04-21,0.0010787594177356
2057-04-22,0.000981309588096
2057-04-23,0.0021564651063068
2057-04-24,0.0009350685338568
2057-04-25,0.0008897235929657
2057-04-26,0.0023918693875076
2057-04-27,0.0008508837867035
2057-04-28,0.0007928431799651
2057-04-29,0.0007128781018626
2057-04-30,0.000639907858776
2057-05-01,0.0005729730800799
2057-05-02,0.0005089550124736
2057-05-03,0.0004559038406578
2057-05-04,0.000418044753936
2057-05-05,0.0003983692025849
2057-05-06,0.0003913368066983
2057-05-07,0.0003888721912988
2057-05-08,0.0003864428525732
2057-05-09,0.0003831060646292
2057-05-10,0.0003793559256329
2057-05-11,0.0003754336309246
2057-05-12,0.0003715359255812
2057-05-13,0.0004066923585137
2057-05-14,0.0003664710544396
2057-05-15,0.0003629976119302
2057-05-16,0.0003592181068523
2057-05-17,0.0003554114551975
2057-05-18,0.0003516168083002
2057-05-19,0.0003476674405387
2057-05-20,0.0003434893843589
2057-05-21,0.0003393231816445
2057-05-22,0.0003350726569362
2057-05-23,0.0003310587099166
2057-05-24,0.000327381735891
2057-05-25,0.0007239117660886
2057-05-26,0.0005318669933678
2057-05-27,0.0003235288697006
2057-05-28,0.0003199180686689
2057-05-29,0.0006322213168368
2057-05-30,0.0003506286148823
2057-05-31,0.0003135245331855
2057-06-01,0.0003101617648625
2057-06-02,0.0003065355851779
2057-06-03,0.0003025392234877
2057-06-04,0.0002988424077625
2057-06-05,0.0002951079650437
2057-06-06,0.0002908853843109
2057-06-07,0.0002866253638901
2057-06-08,0.0002823082253436
2057-06-09,0.0002777465272778
2057-06-10,0.0002731280586078
2057-06-11,0.0002684353537781
2057-06-12,0.0002637314321219
2057-06-13,0.0002590359418688
2057-06-14,0.0002544014662685
2057-06-15,0.0002498893154687
2057-06-16,0.0002455211667539
2057-06-17,0.0002411053316612
2057-06-18,0.0002367519247043
2057-06-19,0.0002326366353199
2057-06-20,0.0002291722593935
2057-06-21,0.0002264472606119
2057-06-22,0.000223618452919
2057-06-23,0.0002202050352883
2057-06-24,0.0002166594921795
2057-06-25,0.0002133053863782
2057-06-26,0.000210204375636
2057-06-27,0.0002071952678868
2057-06-28,0.0002055617323481
2057-06-29,0.0002028820509528
2057-06-30,0.000200221163915
2057-07-01,0.0001973241523339
2057-07-02,0.0001943937463375
2057-07-03,0.0001915646949551
2057-07-04,0.0001886967624971
2057-07-05,0.0001860895587624
2057-07-06,0.0001838216864576
2057-07-07,0.0001819200253827
2057-07-08,0.0001803002201587
2057-07-09,0.0001788977887518
2057-07-10,0.0001775836820587
2057-07-11,0.0001761974731725
2057-07-12,0.000174775834324
2057-07-13,0.0001734659208862
2057-07-14,0.000172270658489
2057-07-15,0.0001710462103534
2057-07-16,0.0001699159999463
2057-07-17,0.0001689352809642
2057-07-18,0.0001679537421548
2057-07-19,0.0001669114713087
2057-07-20,0.0001658882930132
2057-07-21,0.0001649388966609
2057-07-22,0.0001641045717526
2057-07-23,0.0001722739996696
2057-07-24,0.0001626443634109
2057-07-25,0.0001616263414983
2057-07-26,0.000160735813135
2057-07-27,0.0001600197767513
2057-07-28,0.0001594875655108
2057-07-29,0.0001590480611631
2057-07-30,0.0001586060115381
2057-07-31,0.0001582327259321
2057-08-01,0.0001579265237046
2057-08-02,0.0001576428286985
2057-08-03,0.0001573774770082
2057-08-04,0.0001571193525098
2057-08-05,0.0001568661572505
2057-08-06,0.000156703554927
2057-08-07,0.0001566186587736
2057-08-08,0.0001565332089759
2057-08-09,0.0001564477591783
2057-08-10,0.0001563623400466
2057-08-11,0.0001562774132272
2057-08-12,0.0001561907694523
2057-08-13,0.0001561058426329
2057-08-14,0.0001560204235012
2057-08-15,0.0001559350043696
2057-08-16,0.0001558500775502
2057-08-17,0.0001557658830618
2057-08-18,0.0001556809869083
2057-08-19,0.0001555960600889
2057-08-20,0.0001555106409573
2057-08-21,0.0001554257448039
2057-08-22,0.0001553403256722
2057-08-23,0.0001552566234961
2057-08-24,0.0001551717273426
2057-08-25,0.000155086308211
2057-08-26,0.0001550014120576
2057-08-27,0.0001549177405474
2057-08-28,0.000154832844394
2057-08-29,0.0001547479482406
2057-08-30,0.0001546637537522
2057-08-31,0.0001545788575988
2057-09-01,0.0001544951860886
2057-09-02,0.0001544102899352
2057-09-03,0.000154326618425
2057-09-04,0.0001542417222716
2057-09-05,0.0001541580814275
2057-09-06,0.000154073185274
2057-09-07,0.0001539895137639
2057-09-08,0.0001539058422537
2057-09-09,0.0001538209461003
2057-09-10,0.0001537373052561
2057-09-11,0.000153653633746
2057-09-12,0.0001535692605708
2057-09-13,0.0001534856197266
2057-09-14,0.0001534019482165
2057-09-15,0.0001533183073723
2057-09-16,0.0001532351588404
2057-09-17,0.0001531515179962
2057-09-18,0.0001530678464861
2057-09-19,0.0001529835039769
2057-09-20,0.0001528998324667
2057-09-21,0.0001528161916226
2057-09-22,0.0001527330430907
2057-09-23,0.0001526494022465
2057-09-24,0.0001525662843806
2057-09-25,0.0001524838681797
2057-09-26,0.0001524007196478
2057-09-27,0.0001523170788036
2057-09-28,0.0001522339609377
2057-09-29,0.0001521508430717
2057-09-30,0.0001520671715616
2057-10-01,0.0001519852783389
2057-10-02,0.000151902160473
2057-10-03,0.0001518185196288
2057-10-04,0.0001517354017629
2057-10-05,0.0001516535085403
2057-10-06,0.0001515703906743
2057-10-07,0.0001514867498302
2057-10-08,0.0001514048566075
2057-10-09,0.0001513217387416
2057-10-10,0.0001512398455189
2057-10-11,0.000151156727653
2057-10-12,0.0001510748344303
2057-10-13,0.0001509917472304
2057-10-14,0.0001509098540077
2057-10-15,0.0001508267361418
2057-10-16,0.0001507448429191
2057-10-17,0.0001506629803625
2057-10-18,0.0001505798624965
2057-10-19,0.0001504979692739
2057-10-20,0.0001504161067172
2057-10-21,0.0001503342134946
2057-10-22,0.0001502516186069
2057-10-23,0.0001501697560502
2057-10-24,0.0001500878628275
2057-10-25,0.0001500060002709
2057-10-26,0.0001499246300264
2057-10-27,0.0001498427674698
2057-10-28,0.0001497596496038
2057-10-29,0.0001496783100254
2057-10-30,0.0011153378976056
2057-10-31,0.0083954702774879
2057-11-01,0.000178017658099
2057-11-02,0.0001502988345209
2057-11-03,0.0001508331251478
2057-11-04,0.0001513063619582
2057-11-05,0.0001517216092147
2057-11-06,0.000152087253768
2057-11-07,0.0026079560213261
2057-11-08,0.0057109572827735
2057-11-09,0.0056943652643954
2057-11-10,0.0001663455933494
2057-11-11,0.0002897818886983
2057-11-12,0.0020400069531079
2057-11-13,0.0014233668761902
2057-11-14,0.0014694644695168
2057-11-15,0.0001863458223194
2057-11-16,0.0001887468789277
2057-11-17,0.0001902994525986
2057-11-18,0.000191372032464
2057-11-19,0.0001921010490809
2057-11-20,0.0042224688892089
2057-11-21,0.0006840908752338
2057-11-22,0.000198152045094
2057-11-23,0.004312310568966
2057-11-24,0.0006146976214318
2057-11-25,0.0004859590693976
2057-11-26,0.0002117006930653
2057-11-27,0.0002137232635698
2057-11-28,0.0002151919279301
2057-11-29,0.0002162951809677
2057-11-30,0.0002170038876165
2057-12-01,0.0002171894927004
2057-12-02,0.0002172399078394
2057-12-03,0.0002172285621462
2057-12-04,0.0002171229365499
2057-12-05,0.0016388886858659
2057-12-06,0.0002175421043742
2057-12-07,0.0002177086563281
2057-12-08,0.0033288048021672
2057-12-09,0.0455222855401514
2057-12-10,0.0504968710042882
2057-12-11,0.0276380923700776
2057-12-12,0.0091818648173008
2057-12-13,0.0021667259678265
2057-12-14,0.0024705802506202
2057-12-15,0.002558656946071
2057-12-16,0.0026244497495251
2057-12-17,0.0026155574768553
2057-12-18,0.0025638440983605
2057-12-19,0.0024795565693766
2057-12-20,0.0023856188712741
2057-12-21,0.0035472755802279
2057-12-22,0.0031709369168313
2057-12-23,0.0038619179349865
2057-12-24,0.0029570719956144
2057-12-25,0.0026225768832582
2057-12-26,0.0026468657601036
2057-12-27,0.0026274590514432
2057-12-28,0.0024894460796495
2057-12-29,0.0025245120194906
2057-12-30,0.0026236243176983
2057-12-31,0.0022873209061956
2058-01-01,0.002188771471631
2058-01-02,0.0020892791756681
2058-01-03,0.0019772540362012
2058-01-04,0.0018693422778477
2058-01-05,0.0208074263780125
2058-01-06,0.0068879855759567
2058-01-07,0.0050549017599797
2058-01-08,0.005632920224785
2058-01-09,0.0060129073956651
2058-01-10,0.0057425584851618
2058-01-11,0.0056543616429397
2058-01-12,0.0051379957749232
2058-01-13,0.0048215625949139
2058-01-14,0.0045076021685311
2058-01-15,0.0042204135113615
2058-01-16,0.0039474114043161
2058-01-17,0.0036880734880397
2058-01-18,0.0034317747306208
2058-01-19,0.0031686937306441
2058-01-20,0.0029260327527938
2058-01-21,0.002728395269413
2058-01-22,0.0025722874525365
2058-01-23,0.0024207517040592
2058-01-24,0.0023524349335235
2058-01-25,0.0021864828805243
2058-01-26,0.008583369472551
2058-01-27,0.0069705122581423
2058-01-28,0.0058380186835077
2058-01-29,0.0036316928734598
2058-01-30,0.0038778863338458
2058-01-31,0.0038354104355604
2058-02-01,0.003668401351881
2058-02-02,0.0034647090295449
2058-02-03,0.0032551278157914
2058-02-04,0.003050523897519
2058-02-05,0.002862922840174
2058-02-06,0.0026926011734433
2058-02-07,0.0025076215427779
2058-02-08,0.0023212275379772
2058-02-09,0.0021578094710591
2058-02-10,0.0020086114387532
2058-02-11,0.0018778658250936
2058-02-12,0.0017486769116202
2058-02-13,0.0037625502505564
2058-02-14,0.0210576519242953
2058-02-15,0.0583830845787171
2058-02-16,0.0235374549931052
2058-02-17,0.0333186906395015
2058-02-18,0.0440259648373344
2058-02-19,0.0336581470577666
2058-02-20,0.0283220562130775
2058-02-21,0.0266094551798617
2058-02-22,0.023238585291621
2058-02-23,0.0200861345602646
2058-02-24,0.0211712809177528
2058-02-25,0.0470438496906619
2058-02-26,0.0296179278547477
2058-02-27,0.0365301996232326
2058-02-28,0.0315644396104962
2058-03-01,0.0265793264829416
2058-03-02,0.0235279486528599
2058-03-03,0.0203434762288368
2058-03-04,0.0174265680738536
2058-03-05,0.014895568936774
2058-03-06,0.0127340471769858
2058-03-07,0.0109202189055187
2058-03-08,0.0094073231719479
2058-03-09,0.0081395604305001
2058-03-10,0.0070765636079687
2058-03-11,0.0061754285488443
2058-03-12,0.0054102755244562
2058-03-13,0.0047421903212994
2058-03-14,0.004151154082996
2058-03-15,0.0036264632720393
2058-03-16,0.0031830407687052
2058-03-17,0.0028104873742203
2058-03-18,0.0024720756014885
2058-03-19,0.0021751826122912
2058-03-20,0.0063822415601612
2058-03-21,0.0061197316901319
2058-03-22,0.0075757652198271
2058-03-23,0.002807435190155
2058-03-24,0.0031346998680548
2058-03-25,0.0033877516423737
2058-03-26,0.01097402754139
2058-03-27,0.0048193566802984
2058-03-28,0.0046604484144553
2058-03-29,0.0046892911746065
2058-03-30,0.004458386813277
2058-03-31,0.0041539804591503
2058-04-01,0.0038045269463042
2058-04-02,0.0034138965064386
2058-04-03,0.0030118688545425
2058-04-04,0.0026221072967478
2058-04-05,0.0022668887228986
2058-04-06,0.001954646071238
2058-04-07,0.0016837682435699
2058-04-08,0.0014733956511937
2058-04-09,0.0097928462038031
2058-04-10,0.002520372753083
2058-04-11,0.0018554050419008
2058-04-12,0.0019274121994366
2058-04-13,0.0018564323555861
2058-04-14,0.0017340068742641
2058-04-15,0.0015893431775276
2058-04-16,0.0014295688967912
2058-04-17,0.001268900073249
2058-04-18,0.0011263621832427
2058-04-19,0.0010160765380692
2058-04-20,0.0009043853918947
2058-04-21,0.0007867383868801
2058-04-22,0.0006773239055259
2058-04-23,0.0005877264062262
2058-04-24,0.0005359245130634
2058-04-25,0.013521710109935
2058-04-26,0.0008384235596826
2058-04-27,0.0009733110815091
2058-04-28,0.0010001277336767
2058-04-29,0.0009624345816942
2058-04-30,0.0009115466412347
2058-05-01,0.0008380581751204
2058-05-02,0.0007315649186037
2058-05-03,0.000630331961358
2058-05-04,0.000545141748371
2058-05-05,0.0004849088864261
2058-05-06,0.0004427834725817
2058-05-07,0.0004194042318028
2058-05-08,0.0004093738620546
2058-05-09,0.0004048688142814
2058-05-10,0.0004013657039562
2058-05-11,0.0003976859712185
2058-05-12,0.0003939432806985
2058-05-13,0.0003900041133639
2058-05-14,0.0003859327242735
2058-05-15,0.0003819088145
2058-05-16,0.0003779244400217
2058-05-17,0.000374313631677
2058-05-18,0.0003710456027254
2058-05-19,0.0003671352342402
2058-05-20,0.0003632295300444
2058-05-21,0.0003593875727062
2058-05-22,0.0003559100145472
2058-05-23,0.0003525437246575
2058-05-24,0.0003479143589209
2058-05-25,0.0003432896669
2058-05-26,0.0003388368595217
2058-05-27,0.0003346007901706
2058-05-28,0.0003303600328328
2058-05-29,0.0003260473212812
2058-05-30,0.0003216034703283
2058-05-31,0.0003171316566653
2058-06-01,0.0003127977765744
2058-06-02,0.0003081383312393
2058-06-03,0.0003032499754771
2058-06-04,0.000298497699781
2058-06-05,0.0002937283249066
2058-06-06,0.0002888867758887
2058-06-07,0.0002839435353123
2058-06-08,0.0002788818335136
2058-06-09,0.00027370447027
2058-06-10,0.0002686817881767
2058-06-11,0.0002639331862414
2058-06-12,0.0002588114209826
2058-06-13,0.0002537674605557
2058-06-14,0.000249257797322
2058-06-15,0.0002452390927751
2058-06-16,0.0002414505089064
2058-06-17,0.0002377656219065
2058-06-18,0.0002340906555656
2058-06-19,0.0002304552899721
2058-06-20,0.0002266308559067
2058-06-21,0.0002228473163785
2058-06-22,0.0002191677394314
2058-06-23,0.0002156545024474
2058-06-24,0.000212412975118
2058-06-25,0.000209112455985
2058-06-26,0.0002056610996934
2058-06-27,0.0002023757681658
2058-06-28,0.000199590444589
2058-06-29,0.0001971693232792
2058-06-30,0.0001949132980903
2058-07-01,0.0001925746273001
2058-07-02,0.0001903222379452
2058-07-03,0.0001880479464928
2058-07-04,0.0001857052238872
2058-07-05,0.0001832909003594
2058-07-06,0.0001812552302972
2058-07-07,0.0001820052748277
2058-07-08,0.0001784522879225
2058-07-09,0.0001769925805795
2058-07-10,0.0001754915510732
2058-07-11,0.0001738775617021
2058-07-12,0.0001721868998842
2058-07-13,0.0001708142615611
2058-07-14,0.0001695258876389
2058-07-15,0.0001681851243181
2058-07-16,0.0001666450431208
2058-07-17,0.0001653921541224
2058-07-18,0.0001645408914053
2058-07-19,0.0001637987932311
2058-07-20,0.000162928853862
2058-07-21,0.000162025809074
2058-07-22,0.000161252700239
2058-07-23,0.0001606620168667
2058-07-24,0.000160138728502
2058-07-25,0.0001595508432126
2058-07-26,0.0001588728066719
2058-07-27,0.0001584585177576
2058-07-28,0.0001581929609622
2058-07-29,0.0001579533514574
2058-07-30,0.0001577226211153
2058-07-31,0.0001574954727051
2058-08-01,0.0001572483313447
2058-08-02,0.0001570212175932
2058-08-03,0.0001569027024273
2058-08-04,0.0001568167603174
2058-08-05,0.000156731833498
2058-08-06,0.0001566464143664
2058-08-07,0.0001565609645687
2058-08-08,0.0001564755147711
2058-08-09,0.0001563900956394
2058-08-10,0.0001563046458418
2058-08-11,0.0001562192267101
2058-08-12,0.0001561338075785
2058-08-13,0.000156048880759
2058-08-14,0.0001559634616274
2058-08-15,0.0001558780118297
2058-08-16,0.0001557925926981
2058-08-17,0.0001557076965447
2058-08-18,0.000155622246747
2058-08-19,0.0001555380522586
2058-08-20,0.0001554531561052
2058-08-21,0.0001553677369736
2058-08-22,0.0001552828408201
2058-08-23,0.0001551986156658
2058-08-24,0.0001551137195123
2058-08-25,0.0001550295250239
2058-08-26,0.0001549446288705
2058-08-27,0.0001548592097389
2058-08-28,0.0001547755382287
2058-08-29,0.0001546906420753
2058-08-30,0.0001546064475869
2058-08-31,0.0001545215514335
2058-09-01,0.0001544378799233
2058-09-02,0.0001543536854349
2058-09-03,0.0001542688199475
2058-09-04,0.0001541851484374
2058-09-05,0.0001541002522839
2058-09-06,0.0001540165807738
2058-09-07,0.0001539323862854
2058-09-08,0.0001538487454412
2058-09-09,0.0001537638492878
2058-09-10,0.0002990866668754
2058-09-11,0.0001535965369335
2058-09-12,0.0001535128654234
2058-09-13,0.0001534291939132
2058-09-14,0.000153345553069
2058-09-15,0.0001532618815589
2058-09-16,0.0001531770160715
2058-09-17,0.0001530938675395
2058-09-18,0.0001530102266954
2058-09-19,0.0001529265551852
2058-09-20,0.0001528441389843
2058-09-21,0.0001527604981402
2058-09-22,0.0001526773496082
2058-09-23,0.0001525937087641
2058-09-24,0.0001525100679199
2058-09-25,0.0001524263964098
2058-09-26,0.0001523432785438
2058-09-27,0.0001522608623429
2058-09-28,0.000152177744477
2058-09-29,0.0001520941036329
2058-09-30,0.0001520104627887
2058-10-01,0.0001519285389
2058-10-02,0.0001518448980559
2058-10-03,0.0001517630048332
2058-10-04,0.0001516798869673
2058-10-05,0.0001515962461231
2058-10-06,0.0001515143529005
2058-10-07,0.0001514307120563
2058-10-08,0.0001513488188336
2058-10-09,0.0001512657009677
2058-10-10,0.0001511833154328
2058-10-11,0.0001511014222102
2058-10-12,0.0010835239203714
2058-10-13,0.0001509364111216
2058-10-14,0.0001609812897547
2058-10-15,0.0001507709077207
2058-10-16,0.0001506890144981
2058-10-17,0.0001506071212754
2058-10-18,0.0001505240340755
2058-10-19,0.0001504421408528
2058-10-20,0.0001503602476302
2058-10-21,0.0001502783850735
2058-10-22,0.0002175575046306
2058-10-23,0.0002535593502133
2058-10-24,0.0001500327360715
2058-10-25,0.0001499508735148
2058-10-26,0.0002511698754483
2058-10-27,0.0001497876407137
2058-10-28,0.0001497057474911
2058-10-29,0.0001496238849344
2058-10-30,0.0001495420223777
2058-10-31,0.0001494601291551
2058-11-01,0.0001493787895766
2058-11-02,0.00014929692702
2058-11-03,0.0001492150644633
2058-11-04,0.0001491349188622
2058-11-05,0.0001639788551325
2058-11-06,0.000148971716727
2058-11-07,0.0051213185853855
2058-11-08,0.0130538976216081
2058-11-09,0.0003506171080178
2058-11-10,0.0225780517168318
2058-11-11,0.0051077395599626
2058-11-12,0.015770705127346
2058-11-13,0.0002420816424769
2058-11-14,0.0008683203363468
2058-11-15,0.000256308468095
2058-11-16,0.0002586735789906
2058-11-17,0.0002600777689977
2058-11-18,0.0083917170784804
2058-11-19,0.0025137058266294
2058-11-20,0.0002774210397776
2058-11-21,0.0002816225721596
2058-11-22,0.007413296551598
2058-11-23,0.0002922435194225
2058-11-24,0.0002981373382516
2058-11-25,0.0003010210531778
2058-11-26,0.0003028328970351
2058-11-27,0.0003039456944132
2058-11-28,0.0012672516489536
2058-11-29,0.0021667839100889
2058-11-30,0.0003079402505954
2058-12-01,0.0003095799028102
2058-12-02,0.0407749872875869
2058-12-03,0.0032748911876907
2058-12-04,0.0003817424889814
2058-12-05,0.0003874917689053
2058-12-06,0.0003906056218333
2058-12-07,0.0003925196970057
2058-12-08,0.0003935396314501
2058-12-09,0.0003940130368746
2058-12-10,0.000405382029848
2058-12-11,0.0019349826193662
2058-12-12,0.0240821791491551
2058-12-13,0.0013984257796774
2058-12-14,0.0090743276841073
2058-12-15,0.0030807149369201
2058-12-16,0.003524211599593
2058-12-17,0.0131463854522765
2058-12-18,0.0049700307558632
2058-12-19,0.0095116101762944
2058-12-20,0.0232721955116226
2058-12-21,0.0116599112716975
2058-12-22,0.0281101171825775
2058-12-23,0.0161958872564859
2058-12-24,0.024423037380126
2058-12-25,0.0180640399708086
2058-12-26,0.0608239479464439
2058-12-27,0.0358569438506253
2058-12-28,0.0299414037540582
2058-12-29,0.0287615339502927
2058-12-30,0.0265570531173783
2058-12-31,0.0263362085763225
2059-01-01,0.021875693430753
2059-01-02,0.0210836278743441
2059-01-03,0.0207909853757176
2059-01-04,0.0184188664243884
2059-01-05,0.0160830279713656
2059-01-06,0.0145861518291628
2059-01-07,0.0130058537642805
2059-01-08,0.011551621882667
2059-01-09,0.0106294162487535
2059-01-10,0.0093972377214591
2059-01-11,0.0084765366384368
2059-01-12,0.0076447972943205
2059-01-13,0.0069072563027359
2059-01-14,0.0062344431248464
2059-01-15,0.0055992161961922
2059-01-16,0.0050570766593297
2059-01-17,0.0046226966524851
2059-01-18,0.0042166181168496
2059-01-19,0.0038278793301302
2059-01-20,0.0034900239262083
2059-01-21,0.0040864780634449
2059-01-22,0.0030358836592068
2059-01-23,0.0027827391064299
2059-01-24,0.002528487971536
2059-01-25,0.0022897061479099
2059-01-26,0.0020792555185378
2059-01-27,0.0019508349416297
2059-01-28,0.0018143283305489
2059-01-29,0.0016943774599071
2059-01-30,0.0015692315038316
2059-01-31,0.0014368516928687
2059-02-01,0.0013245486380035
2059-02-02,0.0012377139770308
2059-02-03,0.0011668365666833
2059-02-04,0.0053183922868561
2059-02-05,0.0100482309814669
2059-02-06,0.0016694024547128
2059-02-07,0.0021008187376784
2059-02-08,0.0022616546992172
2059-02-09,0.0023043102904344
2059-02-10,0.0022922873485084
2059-02-11,0.0022291900091853
2059-02-12,0.0021280557908654
2059-02-13,0.0020273030677449
2059-02-14,0.0019355436867165
2059-02-15,0.0019118828123435
2059-02-16,0.0017681380813692
2059-02-17,0.0016628801690752
2059-02-18,0.0053360332653734
2059-02-19,0.001588587436647
2059-02-20,0.0015921407855107
2059-02-21,0.001567507023264
2059-02-22,0.0015156634105533
2059-02-23,0.0014478755467753
2059-02-24,0.0013729191510783
2059-02-25,0.0013096170244133
2059-02-26,0.0012547114434732
2059-02-27,0.0011836508889986
2059-02-28,0.0011160041194208
2059-03-01,0.0014565579777334
2059-03-02,0.0010307281882697
2059-03-03,0.0009487692489825
2059-03-04,0.000871050714822
2059-03-05,0.0008013357577979
2059-03-06,0.000730347110827
2059-03-07,0.0006679073930494
2059-03-08,0.0006138272779152
2059-03-09,0.0005679981359956
2059-03-10,0.0005315120539506
2059-03-11,0.0024369375382304
2059-03-12,0.0005466215717943
2059-03-13,0.000487592200745
2059-03-14,0.0004679839608115
2059-03-15,0.0004489094957411
2059-03-16,0.0004344145123761
2059-03-17,0.0004238312662427
2059-03-18,0.0004153570181101
2059-03-19,0.0004092736382395
2059-03-20,0.0004058644074776
2059-03-21,0.0004036397042024
2059-03-22,0.0004014212124887
2059-03-23,0.0003992145992158
2059-03-24,0.0003971155688535
2059-03-25,0.0030514746260821
2059-03-26,0.0003950915634689
2059-03-27,0.0087811782449132
2059-03-28,0.0003981544620864
2059-03-29,0.0004013095411251
2059-03-30,0.0004025581611473
2059-03-31,0.0004027133883492
2059-04-01,0.000430235538185
2059-04-02,0.0004024124609917
2059-04-03,0.0066694299274879
2059-04-04,0.0004129391695566
2059-04-05,0.0036015430540966
2059-04-06,0.0005011488529054
2059-04-07,0.0005412341252024
2059-04-08,0.0005456365506467
2059-04-09,0.0005289355452944
2059-04-10,0.0005040826111026
2059-04-11,0.0004775718431744
2059-04-12,0.0004519924860514
2059-04-13,0.0004302919277631
2059-04-14,0.0004148902763195
2059-04-15,0.000405293691233
2059-04-16,0.0108877187009229
2059-04-17,0.0004582634986899
2059-04-18,0.0005208093212336
2059-04-19,0.0005397745513942
2059-04-20,0.000542808532838
2059-04-21,0.000535400401487
2059-04-22,0.0105684579047717
2059-04-23,0.0007637135617983
2059-04-24,0.0009045242929085
2059-04-25,0.0009180923750727
2059-04-26,0.0008817303651307
2059-04-27,0.0008334726985429
2059-04-28,0.0007924083095135
2059-04-29,0.0023161500594167
2059-04-30,0.0007701951804292
2059-05-01,0.0007293017772926
2059-05-02,0.0006640063625198
2059-05-03,0.0005963598012101
2059-05-04,0.0005378660359701
2059-05-05,0.0004873767202589
2059-05-06,0.0005003870121665
2059-05-07,0.0042981066529299
2059-05-08,0.0008306391067211
2059-05-09,0.0009014665312818
2059-05-10,0.000471374592469
2059-05-11,0.0004421607827193
2059-05-12,0.0004143182228562
2059-05-13,0.0003978424059713
2059-05-14,0.0003905898068431
2059-05-15,0.0003868495109252
2059-05-16,0.0003832818922743
2059-05-17,0.0003797891052607
2059-05-18,0.0003760856187884
2059-05-19,0.0003723327458897
2059-05-20,0.0003684716656749
2059-05-21,0.0003643435987059
2059-05-22,0.0003601761992934
2059-05-23,0.0003559849383451
2059-05-24,0.0003517658749409
2059-05-25,0.0003476069044706
2059-05-26,0.0003434933467196
2059-05-27,0.0003395668129286
2059-05-28,0.0004247432441262
2059-05-29,0.0010775532968601
2059-05-30,0.0003350066938099
2059-05-31,0.0003321382308437
2059-06-01,0.0003287355072482
2059-06-02,0.0003250929622482
2059-06-03,0.0003214738538789
2059-06-04,0.0003182564087425
2059-06-05,0.0003149227578636
2059-06-06,0.00031167667609
2059-06-07,0.0003085592300232
2059-06-08,0.0003048629736742
2059-06-09,0.0003008798422752
2059-06-10,0.0002965714260861
2059-06-11,0.0002925393993426
2059-06-12,0.0002890338331933
2059-06-13,0.0002852471250914
2059-06-14,0.0002808869203333
2059-06-15,0.0002762843982908
2059-06-16,0.000271393598717
2059-06-17,0.0002665047825242
2059-06-18,0.0002617988880078
2059-06-19,0.0002574932831699
2059-06-20,0.0002532836355213
2059-06-21,0.0002492693366267
2059-06-22,0.0002451363561955
2059-06-23,0.000240975366378
2059-06-24,0.0002369206224835
2059-06-25,0.0002329487324807
2059-06-26,0.0002294520081816
2059-06-27,0.0002262172188642
2059-06-28,0.0002228170491914
2059-06-29,0.0002196364896995
2059-06-30,0.0002166577942549
2059-07-01,0.0002137346420058
2059-07-02,0.0002108302057764
2059-07-03,0.0002079801719012
2059-07-04,0.000205206379874
2059-07-05,0.0002025137004887
2059-07-06,0.000200025150864
2059-07-07,0.0001977338177735
2059-07-08,0.0001955113692833
2059-07-09,0.0001933018153319
2059-07-10,0.0001911451998803
2059-07-11,0.000189163976166
2059-07-12,0.0001872885893558
2059-07-13,0.0001853002042004
2059-07-14,0.0001831810276707
2059-07-15,0.000181123562916
2059-07-16,0.0001790673125677
2059-07-17,0.0001770346129748
2059-07-18,0.0001751054139354
2059-07-19,0.0001732895268668
2059-07-20,0.0001714861589949
2059-07-21,0.0001698548969287
2059-07-22,0.0001686055859427
2059-07-23,0.0001675812820568
2059-07-24,0.0001665340002998
2059-07-25,0.0001656916945936
2059-07-26,0.0001649411397393
2059-07-27,0.0001641981903473
2059-07-28,0.000163442620414
2059-07-29,0.0001627060326421
2059-07-30,0.0001620082098214
2059-07-31,0.0001613718395167
2059-08-01,0.0001607631657389
2059-08-02,0.0001601251659749
2059-08-03,0.0001595953183531
2059-08-04,0.0001592126935945
2059-08-05,0.0001588844764578
2059-08-06,0.0001585950819101
2059-08-07,0.0001583156991705
2059-08-08,0.0001580247426537
2059-08-09,0.0001577477785347
2059-08-10,0.000157507678374
2059-08-11,0.0001572756007247
2059-08-12,0.0001569973239571
2059-08-13,0.0001567621590246
2059-08-14,0.0001566767398929
2059-08-15,0.0001565912900953
2059-08-16,0.0001565063632759
2059-08-17,0.0001564209441442
2059-08-18,0.0001563354943466
2059-08-19,0.0001562500752149
2059-08-20,0.0001561651483955
2059-08-21,0.0001560797292638
2059-08-22,0.0001559942794662
2059-08-23,0.0001559093833128
2059-08-24,0.0001558239335151
2059-08-25,0.0001557390373617
2059-08-26,0.0001556536182301
2059-08-27,0.0004229598075754
2059-08-28,0.000155483272279
2059-08-29,0.0001553990777906
2059-08-30,0.0001553141509712
2059-08-31,0.0001552292548178
2059-09-01,0.0001551438356861
2059-09-02,0.000155060164176
2059-09-03,0.0001549747450443
2059-09-04,0.0001548910735342
2059-09-05,0.0001548061467147
2059-09-06,0.0001547212505613
2059-09-07,0.0001546370560729
2059-09-08,0.0001545521599195
2059-09-09,0.0001544684884094
2059-09-10,0.0001543835922559
2059-09-11,0.0001542999514118
2059-09-12,0.0001542162799016
2059-09-13,0.00015413086077
2059-09-14,0.0001540471892598
2059-09-15,0.0001539622931064
2059-09-16,0.0001538786215962
2059-09-17,0.0001537949500861
2059-09-18,0.0001537113092419
2059-09-19,0.0001536264130885
2059-09-20,0.0001535432645566
2059-09-21,0.0001534596237124
2059-09-22,0.0001533759522023
2059-09-23,0.0001532922806921
2059-09-24,0.000153208639848
2059-09-25,0.0001531249683378
2059-09-26,0.0001530406258286
2059-09-27,0.0001529569543185
2059-09-28,0.0001528733134743
2059-09-29,0.0001527901649424
2059-09-30,0.0001527077487415
2059-10-01,0.0001526240772313
2059-10-02,0.0001525409593654
2059-10-03,0.0001524573185212
2059-10-04,0.0001523736470111
2059-10-05,0.0001522905291452
2059-10-06,0.000152206888301
2059-10-07,0.0001521249950783
2059-10-08,0.0001520418465464
2059-10-09,0.0001519582057023
2059-10-10,0.0001518750878363
2059-10-11,0.0001517926716354
2059-10-12,0.0001517095537695
2059-10-13,0.0001516276605468
2059-10-14,0.0001515440197027
2059-10-15,0.0001514609018368
2059-10-16,0.0001513790086141
2059-10-17,0.0001512958907482
2059-10-18,0.0001512134745473
2059-10-19,0.0001511303566813
2059-10-20,0.0002705929228185
2059-10-21,0.0003717062944781
2059-10-22,0.0004716465640341
2059-10-23,0.0009912027033434
2059-10-24,0.0001577674766841
2059-10-25,0.0001506365787248
2059-10-26,0.0001505547161682
2059-10-27,0.0001504728536115
2059-10-28,0.0001503909603888
2059-10-29,0.0001503090978322
2059-10-30,0.0001502272352755
2059-10-31,0.0001501453420528
2059-11-01,0.0001500634794962
2059-11-02,0.0001499821399177
2059-11-03,0.0001499002466951
2059-11-04,0.0001498183841384
2059-11-05,0.0001497365215817
2059-11-06,0.0001496551820033
2059-11-07,0.0001495732887806
2059-11-08,0.000149491426224
2059-11-09,0.0009972024208466
2059-11-10,0.0001493294487321
2059-11-11,0.0001492475861755
2059-11-12,0.000149166246597
2059-11-13,0.0002378479111909
2059-11-14,0.0001490042997712
2059-11-15,0.000148924184836
2059-11-16,0.0001488423222794
2059-11-17,0.0001487622073442
2059-11-18,0.0001486803754535
2059-11-19,0.0001486002605183
2059-11-20,0.0001485201455832
2059-11-21,0.0001484388366707
2059-11-22,0.0001483581987573
2059-11-23,0.0001482781144882
2059-11-24,0.0001481967749097
2059-11-25,0.0001481166599746
2059-11-26,0.0002089441661595
2059-11-27,0.0001479547131487
2059-11-28,0.0001478746288795
2059-11-29,0.0050873014934556
2059-11-30,0.0365685908434708
2059-12-01,0.0354151874526427
2059-12-02,0.0039406409598187
2059-12-03,0.0058630851608249
2059-12-04,0.0012679645385151
2059-12-05,0.0002860121458308
2059-12-06,0.0002899830207676
2059-12-07,0.0002923792606137
2059-12-08,0.0002941385345136
2059-12-09,0.0031006258046378
2059-12-10,0.0045566615144783
2059-12-11,0.0051100147578969
2059-12-12,0.0003131356138528
2059-12-13,0.0003186799189861
2059-12-14,0.0003215313207072
2059-12-15,0.0003232305866641
2059-12-16,0.0003241955294266
2059-12-17,0.0003246543655714
2059-12-18,0.000324676129376
2059-12-19,0.0003246805973087
2059-12-20,0.0004046825964747
2059-12-21,0.0003251001981511
2059-12-22,0.012520242704923
2059-12-23,0.0016265943878747
2059-12-24,0.0006015733088047
2059-12-25,0.0003489336651402
2059-12-26,0.00035171981645
2059-12-27,0.0003532960094839
2059-12-28,0.0099800062929707
2059-12-29,0.0032917541791697
2059-12-30,0.0004142988442346
2059-12-31,0.0004885283213122
2060-01-01,0.0009186904309666
2060-01-02,0.0012234995111119
2060-01-03,0.0010336474448649
2060-01-04,0.0004136170258149
2060-01-05,0.0003914416764825
2060-01-06,0.0021803626737156
2060-01-07,0.0003947319237345
2060-01-08,0.0003965469528784
2060-01-09,0.0003975573976381
2060-01-10,0.0003980362793422
2060-01-11,0.0003983042645857
2060-01-12,0.0003980308948509
2060-01-13,0.000397798824474
2060-01-14,0.0003976928348857
2060-01-15,0.0003971454048226
2060-01-16,0.007876260070293
2060-01-17,0.0004065538104386
2060-01-18,0.0004328471510235
2060-01-19,0.0004566840762048
2060-01-20,0.0004739869243967
2060-01-21,0.0004858939238624
2060-01-22,0.0027243080128342
2060-01-23,0.0278268283941304
2060-01-24,0.0321068934696778
2060-01-25,0.0221658233430966
2060-01-26,0.0248005062757838
2060-01-27,0.0178660130521246
2060-01-28,0.0361382963407492
2060-01-29,0.0230201256894462
2060-01-30,0.0228262483491957
2060-01-31,0.0197961866669581
2060-02-01,0.0176256138405014
2060-02-02,0.0155688876213366
2060-02-03,0.0137292892222108
2060-02-04,0.0121636378684306
2060-02-05,0.0123645926364244
2060-02-06,0.0138820810534155
2060-02-07,0.0130651501318867
2060-02-08,0.0098349282282962
2060-02-09,0.009602422777773
2060-02-10,0.0089743020303703
2060-02-11,0.0082209324818278
2060-02-12,0.0074516096681794
2060-02-13,0.0067417914326588
2060-02-14,0.0065962432537057
2060-02-15,0.01186918439335
2060-02-16,0.0137714568497093
2060-02-17,0.0155929377475639
2060-02-18,0.0155196816023302
2060-02-19,0.0121413930645047
2060-02-20,0.0119914692106543
2060-02-21,0.011115163042355
2060-02-22,0.0101071582682642
2060-02-23,0.0090708619545902
2060-02-24,0.0081300675803285
2060-02-25,0.0073431073472526
2060-02-26,0.0066663272047907
2060-02-27,0.0060721365248346
2060-02-28,0.0107754009037183
2060-02-29,0.0109264139393928
2060-03-01,0.0068562504748551
2060-03-02,0.007155655219174
2060-03-03,0.0067624099309928
2060-03-04,0.007942472407398
2060-03-05,0.0063290658300574
2060-03-06,0.0059220257825271
2060-03-07,0.0054472829286099
2060-03-08,0.0049989892245471
2060-03-09,0.0045994631246503
2060-03-10,0.0041809788783423
2060-03-11,0.0037926578970678
2060-03-12,0.0034006946278049
2060-03-13,0.0030473439286107
2060-03-14,0.0027331131295421
2060-03-15,0.0024443501093315
2060-03-16,0.0021812299510599
2060-03-17,0.0019337981446835
2060-03-18,0.0017279073787229
2060-03-19,0.0015704634734717
2060-03-20,0.0025912593822561
2060-03-21,0.0196765748712414
2060-03-22,0.0032573977413763
2060-03-23,0.0038726352343882
2060-03-24,0.003978538203837
2060-03-25,0.0038522094738471
2060-03-26,0.0036287873599944
2060-03-27,0.0033333108168756
2060-03-28,0.0030118695570039
2060-03-29,0.0027077840178428
2060-03-30,0.0024388329027101
2060-03-31,0.002175822674357
2060-04-01,0.0019064518038705
2060-04-02,0.001633527861878
2060-04-03,0.0013935314321295
2060-04-04,0.0011823516621562
2060-04-05,0.0010032191043052
2060-04-06,0.0009534554649637
2060-04-07,0.0046936830992253
2060-04-08,0.0010813770174388
2060-04-09,0.0013217520502883
2060-04-10,0.0008316530241279
2060-04-11,0.0038389437979717
2060-04-12,0.0051599848331842
2060-04-13,0.0010949922197652
2060-04-14,0.0011861961201768
2060-04-15,0.0011464417358643
2060-04-16,0.0028426464670846
2060-04-17,0.001134366152227
2060-04-18,0.0011217327457615
2060-04-19,0.0010388597339451
2060-04-20,0.000949162034596
2060-04-21,0.0008524680381633
2060-04-22,0.0007515555814737
2060-04-23,0.0006598245906594
2060-04-24,0.0005830269149767
2060-04-25,0.0005229332538841
2060-04-26,0.0004810014616034
2060-04-27,0.0004525180451239
2060-04-28,0.0004316877136825
2060-04-29,0.0004198647721596
2060-04-30,0.0004126077689819
2060-05-01,0.0004067987394607
2060-05-02,0.0004030867012482
2060-05-03,0.000399450975353
2060-05-04,0.0003955657286404
2060-05-05,0.0003916498008614
2060-05-06,0.0003881236901141
2060-05-07,0.0003851489213304
2060-05-08,0.0003825493582085
2060-05-09,0.00037949298167
2060-05-10,0.000375906941937
2060-05-11,0.0003719435871283
2060-05-12,0.0003680542633264
2060-05-13,0.0003641359508228
2060-05-14,0.0013801340753886
2060-05-15,0.0003605016584593
2060-05-16,0.0003576448356129
2060-05-17,0.0003542238368716
2060-05-18,0.0003503227594168
2060-05-19,0.0003459556111921
2060-05-20,0.0003415575835065
2060-05-21,0.0003370928142732
2060-05-22,0.0003325873476636
2060-05-23,0.0003280273360296
2060-05-24,0.0003235419588699
2060-05-25,0.0003190554743803
2060-05-26,0.0003144551610998
2060-05-27,0.0003098434690823
2060-05-28,0.0003051322338681
2060-05-29,0.0003003542844562
2060-05-30,0.0002953146155765
2060-05-31,0.0002904223883835
2060-06-01,0.0002864574813336
2060-06-02,0.000284276995549
2060-06-03,0.0002811390704161
2060-06-04,0.0002770100152114
2060-06-05,0.000272421727159
2060-06-06,0.0002675269991583
2060-06-07,0.000262388164926
2060-06-08,0.0002573055024151
2060-06-09,0.0002523458153924
2060-06-10,0.0002478413761663
2060-06-11,0.0002432267447015
2060-06-12,0.0002391510387984
2060-06-13,0.000235261895295
2060-06-14,0.0002312096621251
2060-06-15,0.0002272778368734
2060-06-16,0.0002235130865455
2060-06-17,0.0002200161130233
2060-06-18,0.000216701112407
2060-06-19,0.0002133999509
2060-06-20,0.0002099162170155
2060-06-21,0.0002065208102672
2060-06-22,0.0002034241812162
2060-06-23,0.0002008674854917
2060-06-24,0.0001984514000299
2060-06-25,0.000195963827774
2060-06-26,0.0001932405695654
2060-06-27,0.0001903463655496
2060-06-28,0.0001877972945243
2060-06-29,0.0001855566503216
2060-06-30,0.0001835290968481
2060-07-01,0.0001816195179752
2060-07-02,0.0001797191540175
2060-07-03,0.0001776135750993
2060-07-04,0.0001755866574571
2060-07-05,0.000173462917397
2060-07-06,0.0001714067301761
2060-07-07,0.0001694785088933
2060-07-08,0.0001678244002536
2060-07-09,0.0001664040809924
2060-07-10,0.0001649962195545
2060-07-11,0.000163594273678
2060-07-12,0.0001624928367699
2060-07-13,0.0001617170561305
2060-07-14,0.0001610702628779
2060-07-15,0.0001605323201197
2060-07-16,0.0001600461684774
2060-07-17,0.0001596190916333
2060-07-18,0.0001592615471143
2060-07-19,0.000158900565839
2060-07-20,0.0001584856234265
2060-07-21,0.000158104656208
2060-07-22,0.0001578225465316
2060-07-23,0.0001575691286249
2060-07-24,0.0001573138787442
2060-07-25,0.0001570582035324
2060-07-26,0.0001569629565886
2060-07-27,0.0001568775374569
2060-07-28,0.0001567920876593
2060-07-29,0.0001567066378616
2060-07-30,0.00015662121873
2060-07-31,0.0001565357689323
2060-08-01,0.0001564503498007
2060-08-02,0.000156364900003
2060-08-03,0.0001562794808714
2060-08-04,0.0001561940617397
2060-08-05,0.0001561086119421
2060-08-06,0.0001560237157887
2060-08-07,0.000155938265991
2060-08-08,0.0001558528468594
2060-08-09,0.0001557674277277
2060-08-10,0.0001556825315743
2060-08-11,0.0001555983064199
2060-08-12,0.0001555128872883
2060-08-13,0.0001554279911348
2060-08-14,0.0001553425720032
2060-08-15,0.000155258900493
2060-08-16,0.0001551734813614
2060-08-17,0.0001550880315637
2060-08-18,0.0001550043600536
2060-08-19,0.0001549194639001
2060-08-20,0.0001548352694118
2060-08-21,0.0001547503732583
2060-08-22,0.00015466617877
2060-08-23,0.0001545813132825
2060-08-24,0.0001544976417724
2060-08-25,0.0001544122226407
2060-08-26,0.0001543285511306
2060-08-27,0.0001542448796204
2060-08-28,0.000154159983467
2060-08-29,0.0001540758196446
2060-08-30,0.0001539921481344
2060-08-31,0.000153907251981
2060-09-01,0.0001538236111369
2060-09-02,0.0001537399396267
2060-09-03,0.0001536562681165
2060-09-04,0.0001535726272724
2060-09-05,0.000153487731119
2060-09-06,0.0001534040902748
2060-09-07,0.0001533204187646
2060-09-08,0.0001532367779205
2060-09-09,0.0001531531064103
2060-09-10,0.0001530694655662
2060-09-11,0.000152985794056
2060-09-12,0.0001529021532119
2060-09-13,0.0001528185123677
2060-09-14,0.0001527353638358
2060-09-15,0.0001526529476349
2060-09-16,0.0001525693067907
2060-09-17,0.0001524856352806
2060-09-18,0.0001524025174146
2060-09-19,0.0001523188765705
2060-09-20,0.0001522364603696
2060-09-21,0.0001521533425037
2060-09-22,0.0001520697016595
2060-09-23,0.0001519865531276
2060-09-24,0.0001519041369267
2060-09-25,0.0001518204960825
2060-09-26,0.0001517386028599
2060-09-27,0.0001516554849939
2060-09-28,0.0001515718441498
2060-09-29,0.0001514899509271
2060-09-30,0.0008149986778219
2060-10-01,0.0050472196361519
2060-10-02,0.0001512605902795
2060-10-03,0.000151220073205
2060-10-04,0.0001511827684142
2060-10-05,0.0001511447619582
2060-10-06,0.0001511036912396
2060-10-07,0.0001510601712344
2060-10-08,0.0001510123623232
2060-10-09,0.000150963821081
2060-10-10,0.000150912246242
2060-10-11,0.0001508569361412
2060-10-12,0.0001507985924437
2060-10-13,0.0001507394857492
2060-10-14,0.0001506761514806
2060-10-15,0.0001506115312368
2060-10-16,0.0001505439387282
2060-10-17,0.0001504755832226
2060-10-18,0.0001504054800956
2060-10-19,0.0001503346446374
2060-10-20,0.0001502632555351
2060-10-21,0.0001501894171462
2060-10-22,0.0001501155480914
2060-10-23,0.0001500416790365
2060-10-24,0.0001499665853384
2060-10-25,0.000149890236331
2060-10-26,0.0001498151119668
2060-10-27,0.0001497375076502
2060-10-28,0.0001496611586428
2060-10-29,0.0028048320711854
2060-10-30,0.0006654698481186
2060-10-31,0.0001494734640684
2060-11-01,0.0001494371815335
2060-11-02,0.0001494019756211
2060-11-03,0.0001493649914212
2060-11-04,0.0001493267825781
2060-11-05,0.0001492873184256
2060-11-06,0.0016011739674068
2060-11-07,0.0001492250174574
2060-11-08,0.0001492315213664
2060-11-09,0.0001492440311369
2060-11-10,0.0001492547932859
2060-11-11,0.0001492631061483
2060-11-12,0.0014615966298318
2060-11-13,0.0127384822580219
2060-11-14,0.0019705695168275
2060-11-15,0.0001660812417714
2060-11-16,0.0001705982493013
2060-11-17,0.0001732705712615
2060-11-18,0.0006266524469024
2060-11-19,0.001654206752939
2060-11-20,0.0001785922094753
2060-11-21,0.0001801585938015
2060-11-22,0.0001814527651611
2060-11-23,0.0001824378571319
2060-11-24,0.0001830601428604
2060-11-25,0.0001834063605833
2060-11-26,0.000183550792752
2060-11-27,0.0001836001390798
2060-11-28,0.0001836817632294
2060-11-29,0.0001837981803211
2060-11-30,0.0001838310968164
2060-12-01,0.0002449659549338
2060-12-02,0.0004957363710151
2060-12-03,0.00024180413697
2060-12-04,0.0002684444038918
2060-12-05,0.0004563184709648
2060-12-06,0.0002847355788185
2060-12-07,0.000185222979946
2060-12-08,0.0001852706175173
2060-12-09,0.0209143595528787
2060-12-10,0.013353598929838
2060-12-11,0.0002353795632668
2060-12-12,0.0079786616853844
2060-12-13,0.0115878839669117
2060-12-14,0.0039005277722827
2060-12-15,0.0079704731027729
2060-12-16,0.0070070670259486
2060-12-17,0.0049212100446661
2060-12-18,0.0003370893774252
2060-12-19,0.0020793926251233
2060-12-20,0.0003475863174221
2060-12-21,0.0003504640219022
2060-12-22,0.000352288153435
2060-12-23,0.0003534735600156
2060-12-24,0.0003542538016636
2060-12-25,0.0003546548363293
2060-12-26,0.000354719420938
2060-12-27,0.0003546489730519
2060-12-28,0.0003546102735083
2060-12-29,0.0049953408968702
2060-12-30,0.0010983537586925
2060-12-31,0.0003590635373755
2061-01-01,0.0003604828658604
2061-01-02,0.0003613115894629
2061-01-03,0.0003618496896298
2061-01-04,0.0003624846972886
2061-01-05,0.0003628913792533
2061-01-06,0.0003630929513346
2061-01-07,0.0018411031689168
2061-01-08,0.0008557086858212
2061-01-09,0.0003648206456915
2061-01-10,0.0095392326659542
2061-01-11,0.0238228060165202
2061-01-12,0.0034126338732226
2061-01-13,0.0031547945116904
2061-01-14,0.0076091812677773
2061-01-15,0.0043430763827165
2061-01-16,0.0035496900864318
2061-01-17,0.0036422461046187
2061-01-18,0.0037335975606673
2061-01-19,0.0037954546912079
2061-01-20,0.0050902786118486
2061-01-21,0.0053412295475002
2061-01-22,0.0037494467664097
2061-01-23,0.0037783565657125
2061-01-24,0.0037088533700961
2061-01-25,0.0035599752084562
2061-01-26,0.0033946096017652
2061-01-27,0.0050111971749325
2061-01-28,0.005675968355285
2061-01-29,0.048375399259946
2061-01-30,0.0462341327810544
2061-01-31,0.0434087339202714
2061-02-01,0.0314955975683617
2061-02-02,0.0383829640237343
2061-02-03,0.0291326679515613
2061-02-04,0.0276523951402779
2061-02-05,0.0253919772792469
2061-02-06,0.0229982509266834
2061-02-07,0.0275273266123018
2061-02-08,0.0338242829006072
2061-02-09,0.0259515120618528
2061-02-10,0.0263073858776142
2061-02-11,0.0226012051898408
2061-02-12,0.0198340893958105
2061-02-13,0.0175197668346886
2061-02-14,0.0153048780060227
2061-02-15,0.0133795447747129
2061-02-16,0.0121605529801075
2061-02-17,0.0165368744514507
2061-02-18,0.0102447933140532
2061-02-19,0.0098126531999403
2061-02-20,0.0091091040900749
2061-02-21,0.0083179774879103
2061-02-22,0.0075233571272753
2061-02-23,0.0067781699349627
2061-02-24,0.0061025265826777
2061-02-25,0.0055104550292843
2061-02-26,0.0049764941581399
2061-02-27,0.0045055742412767
2061-02-28,0.0041418159260089
2061-03-01,0.0097282720325133
2061-03-02,0.0044496716722782
2061-03-03,0.0039878842484469
2061-03-04,0.0168101989027745
2061-03-05,0.0138883015757194
2061-03-06,0.0111643424815461
2061-03-07,0.0157600088833706
2061-03-08,0.0175145432743684
2061-03-09,0.0163876619132224
2061-03-10,0.014059009004245
2061-03-11,0.0133318000909915
2061-03-12,0.0219120956317001
2061-03-13,0.0136889886754151
2061-03-14,0.0134851920014026
2061-03-15,0.0278413605069898
2061-03-16,0.0252786119874811
2061-03-17,0.0193299151089358
2061-03-18,0.0181759050216417
2061-03-19,0.016071835678911
2061-03-20,0.0140000356099162
2061-03-21,0.0121258163334961
2061-03-22,0.0105158027978726
2061-03-23,0.0091618583905143
2061-03-24,0.0080024714632005
2061-03-25,0.0070090255224512
2061-03-26,0.0068493872509058
2061-03-27,0.0057169686822249
2061-03-28,0.0051488379233838
2061-03-29,0.0046222848559729
2061-03-30,0.0041299694627945
2061-03-31,0.0036442598321592
2061-04-01,0.0036448561823861
2061-04-02,0.0103463004640913
2061-04-03,0.0042558910738345
2061-04-04,0.0034979350196595
2061-04-05,0.0034601342954619
2061-04-06,0.0032928171568846
2061-04-07,0.0030197081250855
2061-04-08,0.0027088736041747
2061-04-09,0.0025143839303916
2061-04-10,0.0022983759523414
2061-04-11,0.0024883704475144
2061-04-12,0.0020117314614782
2061-04-13,0.0018248109797499
2061-04-14,0.0016042174609333
2061-04-15,0.0013984877959143
2061-04-16,0.0011896471156904
2061-04-17,0.0009966417863661
2061-04-18,0.0008347438403674
2061-04-19,0.0007052425731722
2061-04-20,0.0013216099916861
2061-04-21,0.006448199914979
2061-04-22,0.0006539988476558
2061-04-23,0.0006625856946507
2061-04-24,0.0006374311023687
2061-04-25,0.0017409419341672
2061-04-26,0.0076792314913701
2061-04-27,0.0191706768140635
2061-04-28,0.0034689244975196
2061-04-29,0.0042568876364294
2061-04-30,0.0047261094322988
2061-05-01,0.0068988367455379
2061-05-02,0.0046220055957972
2061-05-03,0.0128770386621323
2061-05-04,0.0094641606472315
2061-05-05,0.0070941235846645
2061-05-06,0.0072326434136914
2061-05-07,0.0104567878542726
2061-05-08,0.0068972856826259
2061-05-09,0.0065394070784435
2061-05-10,0.0059369264653142
2061-05-11,0.0052035622261646
2061-05-12,0.0045163495448019
2061-05-13,0.0039207554559757
2061-05-14,0.0034128760442238
2061-05-15,0.002912208949999
2061-05-16,0.0024265648962125
2061-05-17,0.0019899791371188
2061-05-18,0.0024090312793745
2061-05-19,0.0053051748116057
2061-05-20,0.0015716138452583
2061-05-21,0.0013861552547006
2061-05-22,0.0011717464444475
2061-05-23,0.0009801034458093
2061-05-24,0.0079005890787206
2061-05-25,0.0041341578821349
2061-05-26,0.0022831947371934
2061-05-27,0.001752707995437
2061-05-28,0.0048742902217071
2061-05-29,0.0029010619971359
2061-05-30,0.0023090526212523
2061-05-31,0.0022050261557734
2061-06-01,0.0020160146599669
2061-06-02,0.0018190270415647
2061-06-03,0.0016075682647425
2061-06-04,0.0014020238520621
2061-06-05,0.0012097919625852
2061-06-06,0.0010007561100559
2061-06-07,0.0008219530813634
2061-06-08,0.0006730538583485
2061-06-09,0.0005550047186951
2061-06-10,0.0004770643417465
2061-06-11,0.0004322286894082
2061-06-12,0.0004122464133558
2061-06-13,0.000406187224203
2061-06-14,0.0004019815991677
2061-06-15,0.0003976053713448
2061-06-16,0.000393147458803
2061-06-17,0.0003888785378138
2061-06-18,0.000384464837939
2061-06-19,0.0003800213977911
2061-06-20,0.0003755815764406
2061-06-21,0.0003710682924661
2061-06-22,0.00036657083966
2061-06-23,0.0003619165206006
2061-06-24,0.0003574030767981
2061-06-25,0.0003528773620551
2061-06-26,0.0003483801387323
2061-06-27,0.0003438733071456
2061-06-28,0.0003393582797113
2061-06-29,0.00033493636768
2061-06-30,0.000330473851078
2061-07-01,0.0003259694954096
2061-07-02,0.000321406930175
2061-07-03,0.0003168658568712
2061-07-04,0.0003122229276761
2061-07-05,0.0003076730263462
2061-07-06,0.0003028569784772
2061-07-07,0.0002980769003665
2061-07-08,0.0002932497248205
2061-07-09,0.0002883006770755
2061-07-10,0.0002838281147313
2061-07-11,0.0002793682393537
2061-07-12,0.0002747857220717
2061-07-13,0.000270144345461
2061-07-14,0.0002654730749041
2061-07-15,0.0002608089744073
2061-07-16,0.0002561338942543
2061-07-17,0.0002514634331922
2061-07-18,0.00024710675157
2061-07-19,0.0002430997458453
2061-07-20,0.0002392576519088
2061-07-21,0.000235535282277
2061-07-22,0.0002321183634672
2061-07-23,0.00022878583376
2061-07-24,0.0002254949623945
2061-07-25,0.0002222922445273
2061-07-26,0.0002192523554528
2061-07-27,0.0002161532525243
2061-07-28,0.000213363270695
2061-07-29,0.0002105691263178
2061-07-30,0.0002077190065728
2061-07-31,0.0002048092248742
2061-08-01,0.0002019542068961
2061-08-02,0.0001991373605972
2061-08-03,0.0001964513192603
2061-08-04,0.0001938626094332
2061-08-05,0.0001912748146613
2061-08-06,0.0001889833364929
2061-08-07,0.0001866834964047
2061-08-08,0.0001843920513629
2061-08-09,0.0001822226784433
2061-08-10,0.0001803131640079
2061-08-11,0.0001786864083283
2061-08-12,0.0001771743074664
2061-08-13,0.0001757203642682
2061-08-14,0.0001746141312789
2061-08-15,0.0001733499181638
2061-08-16,0.0001718220646265
2061-08-17,0.0001702373779226
2061-08-18,0.0001687639414335
2061-08-19,0.0001673663288943
2061-08-20,0.0001661139250735
2061-08-21,0.0001649043200128
2061-08-22,0.0001638116113184
2061-08-23,0.0001630251719984
2061-08-24,0.0001624428100276
2061-08-25,0.0001617977778218
2061-08-26,0.0001610637518994
2061-08-27,0.0001605236759025
2061-08-28,0.0001601291954334
2061-08-29,0.0001597366719386
2061-08-30,0.0001593043751676
2061-08-31,0.0001588656072361
2061-09-01,0.0001584738884901
2061-09-02,0.0001580772928751
2061-09-03,0.0001577063811714
2061-09-04,0.0001573580088808
2061-09-05,0.0001570839640199
2061-09-06,0.000156997320245
2061-09-07,0.0001569118704474
2061-09-08,0.0001568264513157
2061-09-09,0.0001567410015181
2061-09-10,0.0001566555517204
2061-09-11,0.0001565696096105
2061-09-12,0.0001564841598129
2061-09-13,0.0001563992636595
2061-09-14,0.0001563138138618
2061-09-15,0.0001562283947302
2061-09-16,0.0001561429755985
2061-09-17,0.0001560575258009
2061-09-18,0.0001559721066692
2061-09-19,0.0001558866875376
2061-09-20,0.0001558012377399
2061-09-21,0.0001557163415865
2061-09-22,0.0001556321470981
2061-09-23,0.0001555467279664
2061-09-24,0.000155461801147
2061-09-25,0.0001553763820154
2061-09-26,0.000155292187527
2061-09-27,0.0001552072913736
2061-09-28,0.0001551230968852
2061-09-29,0.0001550382007318
2061-09-30,0.0001549527816001
2061-10-01,0.00015486911009
2061-10-02,0.0001547836909583
2061-10-03,0.0001547000194481
2061-10-04,0.0001546146003165
2061-10-05,0.0001545309288063
2061-10-06,0.0001544467343179
2061-10-07,0.0001543618381645
2061-10-08,0.0001542781973204
2061-10-09,0.000154194002832
2061-10-10,0.0001541091066786
2061-10-11,0.0001540254351684
2061-10-12,0.0001539417943242
2061-10-13,0.0001538568981708
2061-10-14,0.0001537727036824
2061-10-15,0.0001536890628383
2061-10-16,0.0001536053913281
2061-10-17,0.000153521750484
2061-10-18,0.0001534380789738
2061-10-19,0.0001533544381296
2061-10-20,0.0001532707666195
2061-10-21,0.0001531871257753
2061-10-22,0.0001531034542652
2061-10-23,0.000153019813421
2061-10-24,0.0001529361419109
2061-10-25,0.0001528525010667
2061-10-26,0.0001527688602225
2061-10-27,0.0001526857116906
2061-10-28,0.0001526020708464
2061-10-29,0.0001525184300023
2061-10-30,0.0001524360138014
2061-10-31,0.0001523528959355
2061-11-01,0.0001522692244253
2061-11-02,0.0001521855835811
2061-11-03,0.0001521031673803
2061-11-04,0.0001520200495143
2061-11-05,0.0001519364086702
2061-11-06,0.0001518545154475
2061-11-07,0.0001517708746033
2061-11-08,0.0001516889813807
2061-11-09,0.0001516053405365
2061-11-10,0.0001515234473139
2061-11-11,0.0001514398064697
2061-11-12,0.0012972749527084
2061-11-13,0.0001512742724029
2061-11-14,0.000522115805493
2061-11-15,0.0011359541352582
2061-11-16,0.0001510273987576
2061-11-17,0.0001509455362009
2061-11-18,0.0001508653905998
2061-11-19,0.0007737656931105
2061-11-20,0.0064072968338559
2061-11-21,0.0021801329795136
2061-11-22,0.0002675249272926
2061-11-23,0.0101463719701024
2061-11-24,0.0001626525222847
2061-11-25,0.000169676717807
2061-11-26,0.004960076125216
2061-11-27,0.0036454636982606
2061-11-28,0.0001877954925527
2061-11-29,0.0114230768662898
2061-11-30,0.0029914355561274
2061-12-01,0.0010755067136331
2061-12-02,0.0008689264264575
2061-12-03,0.000231324995642
2061-12-04,0.0002337011573015
2061-12-05,0.0002350962374352
2061-12-06,0.000235830188393
2061-12-07,0.0002362058653461
2061-12-08,0.0002362895939851
2061-12-09,0.0002361660059367
2061-12-10,0.0002359946715808
2061-12-11,0.0002358061579005
2061-12-12,0.00497204194631
2061-12-13,0.000237366893201
2061-12-14,0.0002391379346147
2061-12-15,0.0032981071476
2061-12-16,0.0002433936288986
2061-12-17,0.0002460115240858
2061-12-18,0.0002476313039351
2061-12-19,0.0002487999413609
2061-12-20,0.0002497226365885
2061-12-21,0.0020552372758027
2061-12-22,0.0002518108166754
2061-12-23,0.001851401395024
2061-12-24,0.0002546934087353
2061-12-25,0.0367978400350012
2061-12-26,0.0080764744611048
2061-12-27,0.0003286568598229
2061-12-28,0.0099791506174223
2061-12-29,0.0177606719084131
2061-12-30,0.0006522568309935
2061-12-31,0.020298402089395
2062-01-01,0.0132941366048188
2062-01-02,0.0026816473750231
2062-01-03,0.0041536594489245
2062-01-04,0.0054002236801244
2062-01-05,0.0067867978750172
2062-01-06,0.0053457949250933
2062-01-07,0.0052165898069559
2062-01-08,0.005032070842715
2062-01-09,0.0048443809744931
2062-01-10,0.0045869843134425
2062-01-11,0.0042958555687443
2062-01-12,0.0040013616467214
2062-01-13,0.0037084203060346
2062-01-14,0.003434920288054
2062-01-15,0.0031855464719308
2062-01-16,0.0029645459091944
2062-01-17,0.0027470766973564
2062-01-18,0.0025371513523981
2062-01-19,0.0023613972019654
2062-01-20,0.0022026019890775
2062-01-21,0.0020548456403252
2062-01-22,0.0077732857476793
2062-01-23,0.0070182887394843
2062-01-24,0.0203293520519804
2062-01-25,0.0098313405434542
2062-01-26,0.021800079244981
2062-01-27,0.0188584071195059
2062-01-28,0.0418780717280888
2062-01-29,0.027790553444047
2062-01-30,0.0246284784748722
2062-01-31,0.0217970409305028
2062-02-01,0.0188759996786899
2062-02-02,0.0163141929928463
2062-02-03,0.0141429022750728
2062-02-04,0.0123328125466569
2062-02-05,0.0108484857934562
2062-02-06,0.0096264317873874
2062-02-07,0.0086025373201358
2062-02-08,0.0087132138005511
2062-02-09,0.0070964807015853
2062-02-10,0.0074941613474301
2062-02-11,0.0093614476640732
2062-02-12,0.0216283006692814
2062-02-13,0.0233610520974562
2062-02-14,0.0145575452071899
2062-02-15,0.014695781348871
2062-02-16,0.0194042783105327
2062-02-17,0.0298529129019383
2062-02-18,0.0187566976833822
2062-02-19,0.0183532782545332
2062-02-20,0.0165961923256003
2062-02-21,0.0147623629314964
2062-02-22,0.0130245195021498
2062-02-23,0.0114773473211913
2062-02-24,0.0105489658750316
2062-02-25,0.009198178331313
2062-02-26,0.0416462141916576
2062-02-27,0.0348005284112846
2062-02-28,0.0383014576258075
2062-03-01,0.0366333019250528
2062-03-02,0.0296051544259336
2062-03-03,0.0292969906504613
2062-03-04,0.0267021375984054
2062-03-05,0.0234972504641202
2062-03-06,0.0203785614478882
2062-03-07,0.0204309816570598
2062-03-08,0.0167034027684016
2062-03-09,0.0148829542505137
2062-03-10,0.0131567804244201
2062-03-11,0.0115204046150288
2062-03-12,0.0202560434753701
2062-03-13,0.0221506432665693
2062-03-14,0.0151224165730863
2062-03-15,0.0147681648609453
2062-03-16,0.0134520029911757
2062-03-17,0.0119215047611857
2062-03-18,0.0105131914897744
2062-03-19,0.0188291747974484
2062-03-20,0.0099481735978066
2062-03-21,0.0100066589763641
2062-03-22,0.0093804907797383
2062-03-23,0.0085237484950927
2062-03-24,0.0091673653088069
2062-03-25,0.0071897731009103
2062-03-26,0.0064553527889667
2062-03-27,0.0057536183814924
2062-03-28,0.0051219243711533
2062-03-29,0.0045415716638898
2062-03-30,0.0040404384180123
2062-03-31,0.0036348033349318
2062-04-01,0.0032488478258862
2062-04-02,0.0028375633840056
2062-04-03,0.0024541900823245
2062-04-04,0.0021177171680076
2062-04-05,0.0018393087047572
2062-04-06,0.0015983519702387
2062-04-07,0.0013453138295466
2062-04-08,0.001124331626888
2062-04-09,0.0009374787651774
2062-04-10,0.0007849169284225
2062-04-11,0.0006704877014705
2062-04-12,0.0005957932112665
2062-04-13,0.0005957597771908
2062-04-14,0.0005252859181712
2062-04-15,0.0004925317590239
2062-04-16,0.0004550850021836
2062-04-17,0.0004272181098481
2062-04-18,0.0004130354211005
2062-04-19,0.0004077772489772
2062-04-20,0.0008336855388031
2062-04-21,0.000405198050415
2062-04-22,0.0004032847572331
2062-04-23,0.0004004536493453
2062-04-24,0.0003973649420646
2062-04-25,0.0011620216498057
2062-04-26,0.0015030948626136
2062-04-27,0.0003936681466856
2062-04-28,0.003362522588859
2062-04-29,0.0017525649139889
2062-04-30,0.0003921092552352
2062-05-01,0.000389959006908
2062-05-02,0.0003876006249115
2062-05-03,0.0004803121802513
2062-05-04,0.0003854723958326
2062-05-05,0.0003833029883106
2062-05-06,0.0003808534222268
2062-05-07,0.0003784413138825
2062-05-08,0.0016290634765241
2062-05-09,0.0338117832165374
2062-05-10,0.000578706969739
2062-05-11,0.0007666187575164
2062-05-12,0.00080443725925
2062-05-13,0.0007905355939764
2062-05-14,0.000954127372941
2062-05-15,0.0007966106795909
2062-05-16,0.0007431192224631
2062-05-17,0.0006680969120263
2062-05-18,0.0005852596991217
2062-05-19,0.0005108585661462
2062-05-20,0.000457612268747
2062-05-21,0.0004241299117075
2062-05-22,0.0004073418057591
2062-05-23,0.000402279137174
2062-05-24,0.0003982302341961
2062-05-25,0.000432768161764
2062-05-26,0.0003931909786331
2062-05-27,0.0003905122641827
2062-05-28,0.0003873723153132
2062-05-29,0.0003836099179942
2062-05-30,0.0003794030833559
2062-05-31,0.0003751482640063
2062-06-01,0.0003710837742529
2062-06-02,0.0003669799989924
2062-06-03,0.0003628802095479
2062-06-04,0.0003585431464847
2062-06-05,0.0003539220166464
2062-06-06,0.0003495137845763
2062-06-07,0.0003450995906914
2062-06-08,0.0003407434284934
2062-06-09,0.0003363790037653
2062-06-10,0.0003320988013463
2062-06-11,0.0003274734153504
2062-06-12,0.0003224798523161
2062-06-13,0.0003175251576982
2062-06-14,0.0003127355662083
2062-06-15,0.0003081024394684
2062-06-16,0.0003034957106242
2062-06-17,0.0002988271105585
2062-06-18,0.0002941005943798
2062-06-19,0.0002894719777506
2062-06-20,0.0002848937550652
2062-06-21,0.0002799836215227
2062-06-22,0.0002751794610117
2062-06-23,0.000270341693506
2062-06-24,0.0002655913274215
2062-06-25,0.0002609570435252
2062-06-26,0.000256345514808
2062-06-27,0.0002520029963658
2062-06-28,0.0002476205619358
2062-06-29,0.0002432731568987
2062-06-30,0.0002392673616291
2062-07-01,0.0002353020209162
2062-07-02,0.0002314416208281
2062-07-03,0.0002278034338774
2062-07-04,0.0002242287500299
2062-07-05,0.0002205486692204
2062-07-06,0.0002169304780652
2062-07-07,0.0002133286763486
2062-07-08,0.0002100523973168
2062-07-09,0.0002066622559415
2062-07-10,0.0002034426637948
2062-07-11,0.0002005512215849
2062-07-12,0.000197901382844
2062-07-13,0.0001952960695051
2062-07-14,0.0001928926456117
2062-07-15,0.0001905067830072
2062-07-16,0.000188210580998
2062-07-17,0.0001859890028448
2062-07-18,0.0001841418050926
2062-07-19,0.0001824858397171
2062-07-20,0.0001808794263726
2062-07-21,0.0001793320583906
2062-07-22,0.0001778337807934
2062-07-23,0.0001762363729284
2062-07-24,0.0001744987608056
2062-07-25,0.0001728613972834
2062-07-26,0.0001713024502597
2062-07-27,0.0001698987825892
2062-07-28,0.0001683292414021
2062-07-29,0.0001668588916841
2062-07-30,0.0001655197554798
2062-07-31,0.0001642558728877
2062-08-01,0.0001634351679315
2062-08-02,0.0001628039663788
2062-08-03,0.0001621997053216
2062-08-04,0.0001616012415806
2062-08-05,0.0001611111613372
2062-08-06,0.0001607176487577
2062-08-07,0.0001603321779298
2062-08-08,0.0001599253108631
2062-08-09,0.0001595043034193
2062-08-10,0.000159093744073
2062-08-11,0.0001587022359516
2062-08-12,0.000158378905415
2062-08-13,0.0001581304751926
2062-08-14,0.000157890129704
2062-08-15,0.0001576317498959
2062-08-16,0.000157395476995
2062-08-17,0.0001571468349974
2062-08-18,0.0001568922537794
2062-08-19,0.0001567778705369
2062-08-20,0.0001566924514052
2062-08-21,0.0001566070016076
2062-08-22,0.0001565215518099
2062-08-23,0.0001564361326783
2062-08-24,0.0001563506828806
2062-08-25,0.000156265263749
2062-08-26,0.0001561803369295
2062-08-27,0.0001560949177979
2062-08-28,0.0001560094680002
2062-08-29,0.0001559240488686
2062-08-30,0.0001558391527152
2062-08-31,0.0001557537029175
2062-09-01,0.0001556695084291
2062-09-02,0.0001555845816097
2062-09-03,0.0001554991624781
2062-09-04,0.0001554142663246
2062-09-05,0.0001553300718363
2062-09-06,0.0001552446220386
2062-09-07,0.0001551597258852
2062-09-08,0.000155076054375
2062-09-09,0.0001549906352434
2062-09-10,0.00015490573909
2062-09-11,0.0001548215446016
2062-09-12,0.0001547366484482
2062-09-13,0.000154652976938
2062-09-14,0.0001545675578063
2062-09-15,0.0001544838862962
2062-09-16,0.0001543989901428
2062-09-17,0.0001543147956544
2062-09-18,0.0001542311241442
2062-09-19,0.0001541462279908
2062-09-20,0.0001540625564807
2062-09-21,0.0001539788849705
2062-09-22,0.0001538940194831
2062-09-23,0.0001538103479729
2062-09-24,0.0001537261534845
2062-09-25,0.0001536425126404
2062-09-26,0.0001535588411302
2062-09-27,0.0005344203732432
2062-09-28,0.0001533903041326
2062-09-29,0.0001533071556007
2062-09-30,0.0001532234840906
2062-10-01,0.0001531398432464
2062-10-02,0.0001530561717362
2062-10-03,0.0001529725308921
2062-10-04,0.0001528888593819
2062-10-05,0.000152805741516
2062-10-06,0.0001527221006718
2062-10-07,0.0001526384291617
2062-10-08,0.0001525547883175
2062-10-09,0.0001524728644289
2062-10-10,0.0001523892235847
2062-10-11,0.0002088042513213
2062-10-12,0.0001522224648746
2062-10-13,0.0001521400180077
2062-10-14,0.0001520569001418
2062-10-15,0.0001519732592976
2062-10-16,0.000151891366075
2062-10-17,0.0001518077252308
2062-10-18,0.0001517246073649
2062-10-19,0.000151642191164
2062-10-20,0.0001515590732981
2062-10-21,0.0001514771800754
2062-10-22,0.0001513935392313
2062-10-23,0.0001513116460086
2062-10-24,0.0001512285281427
2062-10-25,0.0001511461119418
2062-10-26,0.0001510629940758
2062-10-27,0.0001509811008532
2062-10-28,0.0001508992076305
2062-10-29,0.0001508155667864
2062-10-30,0.0001507337042297
2062-10-31,0.000150651811007
2062-11-01,0.0001505686931411
2062-11-02,0.0001504867999184
2062-11-03,0.0001504049373618
2062-11-04,0.0003402847972076
2062-11-05,0.0046005107326739
2062-11-06,0.0057925227758245
2062-11-07,0.0002461201201692
2062-11-08,0.000151495445223
2062-11-09,0.0001523261032551
2062-11-10,0.0001530610797932
2062-11-11,0.0008019855268837
2062-11-12,0.0001543279403108
2062-11-13,0.0001549300962932
2062-11-14,0.0001554711747586
2062-11-15,0.0001559356364185
2062-11-16,0.000156339425336
2062-11-17,0.0001566769052977
2062-11-18,0.0001569697862094
2062-11-19,0.0001572226276618
2062-11-20,0.0001574350906726
2062-11-21,0.0001576144057466
2062-11-22,0.0001577530156714
2062-11-23,0.0001578673314654
2062-11-24,0.0001580021762699
2062-11-25,0.0001581173548319
2062-11-26,0.0001582188607381
2062-11-27,0.0022961977054332
2062-11-28,0.0002517545763474
2062-11-29,0.0046765838169621
2062-11-30,0.0001607404807958
2062-12-01,0.0049876960545736
2062-12-02,0.0300980102935438
2062-12-03,0.0025313829724448
2062-12-04,0.0002294838695072
2062-12-05,0.0002350630500351
2062-12-06,0.0052491597828854
2062-12-07,0.0015320216367158
2062-12-08,0.0002501014681129
2062-12-09,0.0020136571802618
2062-12-10,0.0002573013186694
2062-12-11,0.0002597721956777
2062-12-12,0.0002612677584437
2062-12-13,0.0002621891990005
2062-12-14,0.0002628430353632
2062-12-15,0.0002632661000166
2062-12-16,0.0031999267226003
2062-12-17,0.0018295335074797
2062-12-18,0.0009412305610342
2062-12-19,0.0002704666468648
2062-12-20,0.0002719747424684
2062-12-21,0.0007950784614652
2062-12-22,0.0019005640151403
2062-12-23,0.009890713191275
2062-12-24,0.0085849025713859
2062-12-25,0.0064844194887349
2062-12-26,0.0061865688588339
2062-12-27,0.000336411690785
2062-12-28,0.000342778828366
2062-12-29,0.0003456860546387
2062-12-30,0.0468563128847513
2062-12-31,0.0053081502992131
2063-01-01,0.0022001714095376
2063-01-02,0.0025698115363679
2063-01-03,0.0026921110529399
2063-01-04,0.0026893539598388
2063-01-05,0.0026256572299031
2063-01-06,0.0025180161136784
2063-01-07,0.0023746591021495
2063-01-08,0.0022332404948762
2063-01-09,0.0021142645408769
2063-01-10,0.0020154831775878
2063-01-11,0.001911564778719
2063-01-12,0.0017998247753585
2063-01-13,0.0016925367575608
2063-01-14,0.00221651342069
2063-01-15,0.0021307309624906
2063-01-16,0.0018237490155882
2063-01-17,0.0014995629332709
2063-01-18,0.001460454558655
2063-01-19,0.0014329972954978
2063-01-20,0.0017684819622014
2063-01-21,0.0074581735299904
2063-01-22,0.0116944100767988
2063-01-23,0.0077449547842402
2063-01-24,0.0091666397565098
2063-01-25,0.0088388700443567
2063-01-26,0.0062727747523199
2063-01-27,0.0063569740764315
2063-01-28,0.009333220719615
2063-01-29,0.0061460536771422
2063-01-30,0.0059095232114686
2063-01-31,0.0058306981121623
2063-02-01,0.0060764547571885
2063-02-02,0.0055085110371638
2063-02-03,0.0048875459405483
2063-02-04,0.0048617001883785
2063-02-05,0.0065166336138191
2063-02-06,0.0042297254912694
2063-02-07,0.0040481142273595
2063-02-08,0.0050077457998419
2063-02-09,0.0037571115276878
2063-02-10,0.004657456888456
2063-02-11,0.0124206754394405
2063-02-12,0.0069844496406786
2063-02-13,0.0056088747852566
2063-02-14,0.0057547074443924
2063-02-15,0.0055485840318147
2063-02-16,0.005248784311443
2063-02-17,0.0049148438185048
2063-02-18,0.0045702554585177
2063-02-19,0.0042528168890664
2063-02-20,0.0039762758289556
2063-02-21,0.0037028480153388
2063-02-22,0.0034204472825182
2063-02-23,0.0031561847411115
2063-02-24,0.004602379719505
2063-02-25,0.0031249940916362
2063-02-26,0.0042929704560373
2063-02-27,0.0034994823405037
2063-02-28,0.0049089330485465
2063-03-01,0.0039453811128474
2063-03-02,0.0038819168524025
2063-03-03,0.0073746947941996
2063-03-04,0.0090078264362875
2063-03-05,0.0047650438526621
2063-03-06,0.0051414130956445
2063-03-07,0.0050283043283074
2063-03-08,0.0047301667857999
2063-03-09,0.0043832519553032
2063-03-10,0.0040287226744116
2063-03-11,0.0036649086804448
2063-03-12,0.003306514095249
2063-03-13,0.0029691475209938
2063-03-14,0.0038549640815139
2063-03-15,0.011252380689662
2063-03-16,0.0082846006460236
2063-03-17,0.0130197518195045
2063-03-18,0.0074985537063465
2063-03-19,0.007453124589115
2063-03-20,0.0072482784916348
2063-03-21,0.006817671642712
2063-03-22,0.0062625241933661
2063-03-23,0.0056504737944081
2063-03-24,0.0050466210511615
2063-03-25,0.0044861643165974
2063-03-26,0.003969849404567
2063-03-27,0.0035056779025915
2063-03-28,0.0031093802132577
2063-03-29,0.0040377570397981
2063-03-30,0.0028450567815559
2063-03-31,0.0025900126361476
2063-04-01,0.0023081730604223
2063-04-02,0.0020046860789591
2063-04-03,0.0017240129876574
2063-04-04,0.0014895128168856
2063-04-05,0.0012913347138465
2063-04-06,0.0011113521148105
2063-04-07,0.001673743118391
2063-04-08,0.0099846115191814
2063-04-09,0.0272605556654568
2063-04-10,0.0090256233013415
2063-04-11,0.0129380303168117
2063-04-12,0.0092277234772688
2063-04-13,0.0091033322017902
2063-04-14,0.0083060287547739
2063-04-15,0.0074251372712736
2063-04-16,0.0066583187894351
2063-04-17,0.0059394059409436
2063-04-18,0.0052299197720737
2063-04-19,0.0101954210003449
2063-04-20,0.0046618095115963
2063-04-21,0.004439514880564
2063-04-22,0.0041108230281429
2063-04-23,0.0050091089645355
2063-04-24,0.0061000935719123
2063-04-25,0.0036798820891562
2063-04-26,0.0034650351756836
2063-04-27,0.0086627832314018
2063-04-28,0.0060143772161289
2063-04-29,0.0042953020825415
2063-04-30,0.0042950223040606
2063-05-01,0.0039628681470127
2063-05-02,0.0034939726625569
2063-05-03,0.0030092543351055
2063-05-04,0.0025701375816955
2063-05-05,0.0021839652621698
2063-05-06,0.0018417192021023
2063-05-07,0.0015076991348072
2063-05-08,0.0012256388415769
2063-05-09,0.0009928198266692
2063-05-10,0.0008067713180195
2063-05-11,0.000660928924997
2063-05-12,0.0005508966454267
2063-05-13,0.000475813608679
2063-05-14,0.0004346571076566
2063-05-15,0.0004127226612243
2063-05-16,0.000406305490222
2063-05-17,0.0004025763227252
2063-05-18,0.0003987488145448
2063-05-19,0.0003948707889905
2063-05-20,0.0003908619919854
2063-05-21,0.0003867752790345
2063-05-22,0.0005222250019157
2063-05-23,0.0006399192025111
2063-05-24,0.0003804778071146
2063-05-25,0.0003764940646938
2063-05-26,0.000372382000233
2063-05-27,0.0003682857686385
2063-05-28,0.0003639831261067
2063-05-29,0.0003594093489286
2063-05-30,0.0003545865347063
2063-05-31,0.0003497509817806
2063-06-01,0.0003450471071204
2063-06-02,0.0003405915556475
2063-06-03,0.0003359447808013
2063-06-04,0.0003312011364762
2063-06-05,0.0003265034663291
2063-06-06,0.0003218286027163
2063-06-07,0.0003171262670111
2063-06-08,0.0003123978777464
2063-06-09,0.0003073120816573
2063-06-10,0.0003179605231965
2063-06-11,0.0002997913226289
2063-06-12,0.0002953675395078
2063-06-13,0.0002914709369991
2063-06-14,0.00028717948917
2063-06-15,0.0003131337807942
2063-06-16,0.0002819777332582
2063-06-17,0.0002784332942322
2063-06-18,0.0002744454875472
2063-06-19,0.0002700153756755
2063-06-20,0.0002653977616815
2063-06-21,0.0002604149513189
2063-06-22,0.000255819656545
2063-06-23,0.0002513492912225
2063-06-24,0.0002466129122606
2063-06-25,0.000242382782762
2063-06-26,0.0002385564942142
2063-06-27,0.0002345906273399
2063-06-28,0.0002306532742264
2063-06-29,0.000226786918523
2063-06-30,0.0002229661150621
2063-07-01,0.0002192317288623
2063-07-02,0.0002158066702246
2063-07-03,0.0002123360398056
2063-07-04,0.000209069091006
2063-07-05,0.0002060469431789
2063-07-06,0.0002030851500087
2063-07-07,0.0002000419415742
2063-07-08,0.0001970629526462
2063-07-09,0.0001941805081046
2063-07-10,0.0001913634561917
2063-07-11,0.0001885437901951
2063-07-12,0.0001857583716507
2063-07-13,0.0001829265446768
2063-07-14,0.0001800573197219
2063-07-15,0.0001774136355879
2063-07-16,0.0001749225820616
2063-07-17,0.0001727902720421
2063-07-18,0.0001709918895265
2063-07-19,0.0001696231446783
2063-07-20,0.0001686446257565
2063-07-21,0.0001677803490635
2063-07-22,0.0001664785773703
2063-07-23,0.0001649708319196
2063-07-24,0.0001639474294563
2063-07-25,0.0001631509101104
2063-07-26,0.0001623447187463
2063-07-27,0.0001615581208669
2063-07-28,0.0001608791864289
2063-07-29,0.0001602907614231
2063-07-30,0.0001598111680977
2063-07-31,0.0001593688374299
2063-08-01,0.0001589823676204
2063-08-02,0.0001586685463013
2063-08-03,0.00015838393527
2063-08-04,0.0001581369312292
2063-08-05,0.0001579088955016
2063-08-06,0.0001576555082609
2063-08-07,0.000157406870256
2063-08-08,0.0001571781371961
2063-08-09,0.0001569592012823
2063-08-10,0.0001568505139286
2063-08-11,0.0001567650641309
2063-08-12,0.0001566796449993
2063-08-13,0.0001565941952016
2063-08-14,0.00015650877607
2063-08-15,0.0001564233262723
2063-08-16,0.0001563379071407
2063-08-17,0.000156252457343
2063-08-18,0.0001561670382114
2063-08-19,0.0001560821113919
2063-08-20,0.0001559966922603
2063-08-21,0.0001559112731286
2063-08-22,0.0001558263463092
2063-08-23,0.0001557409271776
2063-08-24,0.0001556555080459
2063-08-25,0.0001555718365358
2063-08-26,0.0001554863867381
2063-08-27,0.0001554009676065
2063-08-28,0.000155316071453
2063-08-29,0.0001552318769646
2063-08-30,0.0001551469808112
2063-08-31,0.0001550615616796
2063-09-01,0.0001549778901694
2063-09-02,0.0001548924710378
2063-09-03,0.0001548087995276
2063-09-04,0.0001547239033742
2063-09-05,0.0009029540755774
2063-09-06,0.0001545548127324
2063-09-07,0.0001544711412222
2063-09-08,0.0001543857220906
2063-09-09,0.0294613053650218
2063-09-10,0.0001763108243409
2063-09-11,0.0001859206674466
2063-09-12,0.0001886077714238
2063-09-13,0.0001898315719432
2063-09-14,0.000190453800122
2063-09-15,0.0001905966090776
2063-09-16,0.0005750328952262
2063-09-17,0.0001906317977417
2063-09-18,0.0325208301480771
2063-09-19,0.0292633251539194
2063-09-20,0.0014435313921743
2063-09-21,0.0002961669271197
2063-09-22,0.0002992127632968
2063-09-23,0.0003002047629778
2063-09-24,0.0002999561113022
2063-09-25,0.0002989925058671
2063-09-26,0.0002978414258701
2063-09-27,0.0002966991878304
2063-09-28,0.0198389585567565
2063-09-29,0.0071495097609062
2063-09-30,0.0017297162040645
2063-10-01,0.0003707522361946
2063-10-02,0.00034831528838
2063-10-03,0.0003492846463684
2063-10-04,0.0003494431309982
2063-10-05,0.0003489730226841
2063-10-06,0.0003478641685212
2063-10-07,0.0003464790660509
2063-10-08,0.0003453166253237
2063-10-09,0.0003444708457056
2063-10-10,0.000343663155538
2063-10-11,0.0003425641398469
2063-10-12,0.0003412154745165
2063-10-13,0.0003396569528706
2063-10-14,0.0003379178203231
2063-10-15,0.0003361253620438
2063-10-16,0.0003341369830165
2063-10-17,0.0003318541381325
2063-10-18,0.0003297130745955
2063-10-19,0.0003279323279188
2063-10-20,0.0003261472931436
2063-10-21,0.0003242601460665
2063-10-22,0.0003223388905545
2063-10-23,0.0003204551087094
2063-10-24,0.0003184407394924
2063-10-25,0.0003163150627627
2063-10-26,0.0003140706725173
2063-10-27,0.000311800745065
2063-10-28,0.000309538733429
2063-10-29,0.0003073024920532
2063-10-30,0.0014662372670905
2063-10-31,0.0035122616080272
2063-11-01,0.0003318922698641
2063-11-02,0.0003036076578485
2063-11-03,0.000302596726128
2063-11-04,0.0003015299592492
2063-11-05,0.0003003244642418
2063-11-06,0.0002990147433569
2063-11-07,0.0002978082306366
2063-11-08,0.0002967338734156
2063-11-09,0.0002956212165838
2063-11-10,0.000294590224423
2063-11-11,0.0002937632769491
2063-11-12,0.0003025647346644
2063-11-13,0.0002927897305024
2063-11-14,0.0002919142549066
2063-11-15,0.0002906412475783
2063-11-16,0.0002894157257249
2063-11-17,0.0002883404603728
2063-11-18,0.0002871968010346
2063-11-19,0.0002862345470684
2063-11-20,0.0002851471288965
2063-11-21,0.0126995690468773
2063-11-22,0.0058466101607219
2063-11-23,0.0200995680028843
2063-11-24,0.0003379472126926
2063-11-25,0.0003476160448902
2063-11-26,0.0003512362970787
2063-11-27,0.0003532313662612
2063-11-28,0.0011119246002181
2063-11-29,0.0051667963829073
2063-11-30,0.0003606135697941
2063-12-01,0.0003639711107104
2063-12-02,0.0040076111436886
2063-12-03,0.0007482539709079
2063-12-04,0.0003739708475147
2063-12-05,0.0003759430684524
2063-12-06,0.0003771307570968
2063-12-07,0.0003780060906991
2063-12-08,0.0003784280509922
2063-12-09,0.000627485270264
2063-12-10,0.0274405332038061
2063-12-11,0.0090349719611815
2063-12-12,0.001875664032174
2063-12-13,0.0031479274823773
2063-12-14,0.0025849333345306
2063-12-15,0.0038881544259904
2063-12-16,0.0051863641762484
2063-12-17,0.0029415751917075
2063-12-18,0.0030172594164292
2063-12-19,0.0055711616662609
2063-12-20,0.003070154411346
2063-12-21,0.003043225415772
2063-12-22,0.002967668199022
2063-12-23,0.0028806803239571
2063-12-24,0.002780409915901
2063-12-25,0.0026478452403151
2063-12-26,0.0024953795901145
2063-12-27,0.0023411535641479
2063-12-28,0.0064576299002332
2063-12-29,0.0025684871902134
2063-12-30,0.0023422298329468
2063-12-31,0.0023625237439811
2064-01-01,0.0023417522138146
2064-01-02,0.0023003103956427
2064-01-03,0.0022378372405746
2064-01-04,0.0021612042109249
2064-01-05,0.0051203391137252
2064-01-06,0.0060334956234022
2064-01-07,0.0047933815914608
2064-01-08,0.0029045751001504
2064-01-09,0.0047942309030842
2064-01-10,0.0044398272274782
2064-01-11,0.0154261445167135
2064-01-12,0.0128914886973837
2064-01-13,0.0382142783165628
2064-01-14,0.0258589456938951
2064-01-15,0.0209346560947814
2064-01-16,0.0195217393690903
2064-01-17,0.0173726097249894
2064-01-18,0.0153310173526913
2064-01-19,0.0157452601306712
2064-01-20,0.0122840346998407
2064-01-21,0.0110948583256294
2064-01-22,0.0145890278769958
2064-01-23,0.0138674872331826
2064-01-24,0.013930702714304
2064-01-25,0.0147270859985432
2064-01-26,0.0120527190272943
2064-01-27,0.012810269668648
2064-01-28,0.0150268710785035
2064-01-29,0.0139108467721238
2064-01-30,0.0188118768377902
2064-01-31,0.0168451671319485
2064-02-01,0.049127645687287
2064-02-02,0.0334798875627008
2064-02-03,0.0348681230686266
2064-02-04,0.0280503208122791
2064-02-05,0.0280181151315939
2064-02-06,0.0368841891344219
2064-02-07,0.030449675247007
2064-02-08,0.0257498538769215
2064-02-09,0.0230702196423774
2064-02-10,0.0200105655393948
2064-02-11,0.0172901006689912
2064-02-12,0.0149985367901076
2064-02-13,0.0165543971304086
2064-02-14,0.0134361543364164
2064-02-15,0.0242095983028384
2064-02-16,0.0142610749618169
2064-02-17,0.0142793799231746
2064-02-18,0.0131958852802056
2064-02-19,0.0176743489617195
2064-02-20,0.012213159597061
2064-02-21,0.0115322362670693
2064-02-22,0.0125709742937515
2064-02-23,0.0164542332499881
2064-02-24,0.0565514876364455
2064-02-25,0.0540927728874909
2064-02-26,0.1189615334628586
2064-02-27,0.0806493128784973
2064-02-28,0.043832777616785
2064-02-29,0.0339048871922997
2064-03-01,0.0299513405906898
2064-03-02,0.029869941331704
2064-03-03,0.0280575319206073
2064-03-04,0.0371385929443751
2064-03-05,0.0442592183785656
2064-03-06,0.0356683163148949
2064-03-07,0.0328924439867258
2064-03-08,0.0283789183340074
2064-03-09,0.0330941986266176
2064-03-10,0.0250278900720455
2064-03-11,0.0224791419322259
2064-03-12,0.0196502144075395
2064-03-13,0.0182552320410032
2064-03-14,0.0495048648747872
2064-03-15,0.0343995889205017
2064-03-16,0.0310210071408464
2064-03-17,0.0332384109829471
2064-03-18,0.0257692349110998
2064-03-19,0.0228621645718697
2064-03-20,0.0195954223147164
2064-03-21,0.0167355791118457
2064-03-22,0.0165361270707816
2064-03-23,0.0128441401837956
2064-03-24,0.0131794683264659
2064-03-25,0.0107838369890109
2064-03-26,0.0095772940117993
2064-03-27,0.0085109640953323
2064-03-28,0.0078978614675565
2064-03-29,0.0069028251466174
2064-03-30,0.0061267813503295
2064-03-31,0.0053935777174127
2064-04-01,0.0047288221720518
2064-04-02,0.0041112263740682
2064-04-03,0.0036016385362552
2064-04-04,0.0163941101616221
2064-04-05,0.0043394748890866
2064-04-06,0.0053636228609662
2064-04-07,0.0050989169886648
2064-04-08,0.0047042196375099
2064-04-09,0.0042207287151137
2064-04-10,0.0037558910743058
2064-04-11,0.0033259435108739
2064-04-12,0.0029051124222098
2064-04-13,0.0024962653764005
2064-04-14,0.002131950332729
2064-04-15,0.007875951532859
2064-04-16,0.0045410406512764
2064-04-17,0.0022235674068629
2064-04-18,0.0022841788978009
2064-04-19,0.002379915427989
2064-04-20,0.0067284645678236
2064-04-21,0.002550830542788
2064-04-22,0.0025891301241035
2064-04-23,0.0088658689930447
2064-04-24,0.0036787528768161
2064-04-25,0.0036021902450407
2064-04-26,0.0035839955223513
2064-04-27,0.0033122545140765
2064-04-28,0.0030285345371568
2064-04-29,0.0026622558266941
2064-04-30,0.0023091411424656
2064-05-01,0.0104386328568173
2064-05-02,0.0095598103577967
2064-05-03,0.0038905894298889
2064-05-04,0.0043280817373534
2064-05-05,0.0041771308922879
2064-05-06,0.0037657290234747
2064-05-07,0.0033137529130759
2064-05-08,0.0028763713417582
2064-05-09,0.0024693112904866
2064-05-10,0.0020891805167488
2064-05-11,0.0017444691475791
2064-05-12,0.0014460061664768
2064-05-13,0.0011737760657887
2064-05-14,0.0009324709371889
2064-05-15,0.0007392983287113
2064-05-16,0.0006002353604058
2064-05-17,0.0005015900237467
2064-05-18,0.0004439195376297
2064-05-19,0.0004172882083616
2064-05-20,0.0004087211560724
2064-05-21,0.0004046465522378
2064-05-22,0.0004005816583931
2064-05-23,0.0003964343176814
2064-05-24,0.0003922871118669
2064-05-25,0.0003881186120071
2064-05-26,0.000384348231846
2064-05-27,0.0053831655168784
2064-05-28,0.0026953246084426
2064-05-29,0.0003816799392056
2064-05-30,0.0003797777703859
2064-05-31,0.0006640184154586
2064-06-01,0.0003781203020081
2064-06-02,0.0003767561425431
2064-06-03,0.0003739491289904
2064-06-04,0.0003708411571392
2064-06-05,0.0003676222171009
2064-06-06,0.0003645559182056
2064-06-07,0.0008003565154341
2064-06-08,0.0003614302972356
2064-06-09,0.0003582931526453
2064-06-10,0.0003543656674011
2064-06-11,0.000350234390571
2064-06-12,0.0003461811797453
2064-06-13,0.0003419658830763
2064-06-14,0.0003379738794386
2064-06-15,0.0003339013224938
2064-06-16,0.0003297168332494
2064-06-17,0.0003255158630774
2064-06-18,0.0003215915067407
2064-06-19,0.0003175934298343
2064-06-20,0.000313519613629
2064-06-21,0.0003091819222503
2064-06-22,0.0003048404727169
2064-06-23,0.0003003904401025
2064-06-24,0.0002958396007829
2064-06-25,0.0002913288933467
2064-06-26,0.000286861045195
2064-06-27,0.0002823420507206
2064-06-28,0.0002775777989366
2064-06-29,0.0002727484015082
2064-06-30,0.0002680886160849
2064-07-01,0.0002634327392595
2064-07-02,0.0002587809464891
2064-07-03,0.0002546754621258
2064-07-04,0.0002510691501232
2064-07-05,0.0002465810865788
2064-07-06,0.0002425466345381
2064-07-07,0.0002388719871287
2064-07-08,0.0002354825367171
2064-07-09,0.0002320114997843
2064-07-10,0.0002283689024526
2064-07-11,0.0002247595221626
2064-07-12,0.0002210995483454
2064-07-13,0.0002175253825483
2064-07-14,0.0002139429656468
2064-07-15,0.0002103914686385
2064-07-16,0.0002071900411239
2064-07-17,0.0002043177036564
2064-07-18,0.0002015643037546
2064-07-19,0.0001986688211551
2064-07-20,0.0001958248721103
2064-07-21,0.0001932245063188
2064-07-22,0.0001906850901127
2064-07-23,0.0001879781178392
2064-07-24,0.0001854545299976
2064-07-25,0.0001835390383703
2064-07-26,0.0001819643915522
2064-07-27,0.0001804431493818
2064-07-28,0.0001789398810478
2064-07-29,0.0001774799389122
2064-07-30,0.0001760670942119
2064-07-31,0.0001746665609705
2064-08-01,0.0001731218482737
2064-08-02,0.0001716051494234
2064-08-03,0.0001702604574569
2064-08-04,0.0001689314810018
2064-08-05,0.0001676377345855
2064-08-06,0.0001663240275001
2064-08-07,0.000165029942143
2064-08-08,0.0001638021314644
2064-08-09,0.0001626858328095
2064-08-10,0.000161735380149
2064-08-11,0.0001608898602542
2064-08-12,0.0001602898679278
2064-08-13,0.0001598279711284
2064-08-14,0.0001593737848714
2064-08-15,0.0001588667578479
2064-08-16,0.0001583149902961
2064-08-17,0.000157813474784
2064-08-18,0.0001575053054781
2064-08-19,0.000157290043494
2064-08-20,0.0001571379399817
2064-08-21,0.0001570525208501
2064-08-22,0.0001569670710524
2064-08-23,0.0001568816519208
2064-08-24,0.0001567962021231
2064-08-25,0.0001567107523255
2064-08-26,0.0001566241085505
2064-08-27,0.0001565386587529
2064-08-28,0.0001564532396212
2064-08-29,0.0001563678204896
2064-08-30,0.0001562823706919
2064-08-31,0.0001561969515603
2064-09-01,0.0001561115324286
2064-09-02,0.0001560273072743
2064-09-03,0.0001559424111208
2064-09-04,0.0001558569919892
2064-09-05,0.0001557715421915
2064-09-06,0.0001556861230599
2064-09-07,0.0001556012269065
2064-09-08,0.0001555170324181
2064-09-09,0.0001554316132864
2064-09-10,0.000155346717133
2064-09-11,0.0001552625226446
2064-09-12,0.0001551776264912
2064-09-13,0.0087283364662436
2064-09-14,0.0001551837821096
2064-09-15,0.0001554816575289
2064-09-16,0.00015576263204
2064-09-17,0.0001559820108592
2064-09-18,0.0001561054561099
2064-09-19,0.0001561646907775
2064-09-20,0.0001561902876185
2064-09-21,0.0001561785857853
2064-09-22,0.0001561623979679
2064-09-23,0.0001561452500754
2064-09-24,0.0001561367826527
2064-09-25,0.0001561248015956
2064-09-26,0.0001561070363045
2064-09-27,0.0001560870433544
2064-09-28,0.0001560611618975
2064-09-29,0.0001560294962066
2064-09-30,0.0001559963351877
2064-10-01,0.0001559576606194
2064-10-02,0.0001559137992095
2064-10-03,0.0001558671135557
2064-10-04,0.0001558168713268
2064-10-05,0.0001557625495448
2064-10-06,0.0001557048805405
2064-10-07,0.0001556443566263
2064-10-08,0.0001555822637773
2064-10-09,0.0001555160913752
2064-10-10,0.0001554476483733
2064-10-11,0.000155378128749
2064-10-12,0.0001553080554804
2064-10-13,0.0001552357116121
2064-10-14,0.0001551615894563
2064-10-15,0.0001550869443222
2064-10-16,0.0001550112532317
2064-10-17,0.0001549355314752
2064-10-18,0.000154857508453
2064-10-19,0.0001547795160968
2064-10-20,0.000154699745453
2064-10-21,0.0001546207071403
2064-10-22,0.0001545416381616
2064-10-23,0.0001544613445397
2064-10-24,0.0001543805279395
2064-10-25,0.0115764933657854
2064-10-26,0.0001558133603796
2064-10-27,0.0001583038481719
2064-10-28,0.0001601246934872
2064-10-29,0.004020092198623
2064-10-30,0.0010797919631799
2064-10-31,0.0219753856104937
2064-11-01,0.0045912326201001
2064-11-02,0.0002169341836668
2064-11-03,0.000222911887597
2064-11-04,0.0002259063920651
2064-11-05,0.0002275659484969
2064-11-06,0.0002285409410805
2064-11-07,0.0124094522325624
2064-11-08,0.0159383471705851
2064-11-09,0.0012258728036253
2064-11-10,0.000895744127323
2064-11-11,0.0007893769887866
2064-11-12,0.0106694285483126
2064-11-13,0.0106169553606119
2064-11-14,0.0151474473591042
2064-11-15,0.0146698011872369
2064-11-16,0.0054951770805043
2064-11-17,0.0006558823709351
2064-11-18,0.0010730550787716
2064-11-19,0.0006618815088529
2064-11-20,0.0006411104867974
2064-11-21,0.0005378624559797
2064-11-22,0.0005695672453382
2064-11-23,0.000595560783971
2064-11-24,0.0006077675609906
2064-11-25,0.0006011328827791
2064-11-26,0.0005811708880111
2064-11-27,0.0005555767058898
2064-11-28,0.0005315155883026
2064-11-29,0.0005118747791158
2064-11-30,0.0004979546988257
2064-12-01,0.0004847461101978
2064-12-02,0.0004727801107275
2064-12-03,0.0015569205793807
2064-12-04,0.0107454999127295
2064-12-05,0.0006807410106692
2064-12-06,0.0009168113726366
2064-12-07,0.0010318612655153
2064-12-08,0.0010923483650741
2064-12-09,0.0408884623591409
2064-12-10,0.0148038316264604
2064-12-11,0.0105881283006948
2064-12-12,0.0107970876924632
2064-12-13,0.0101638575787886
2064-12-14,0.0093219227231402
2064-12-15,0.0084929885934673
2064-12-16,0.0077308899245154
2064-12-17,0.012163716389528
2064-12-18,0.0144772895025216
2064-12-19,0.0084683868359346
2064-12-20,0.0168460158599155
2064-12-21,0.0226722610067416
2064-12-22,0.0166983424771995
2064-12-23,0.0153512669553608
2064-12-24,0.0144723001561161
2064-12-25,0.0140214973938074
2064-12-26,0.0321309874718163
2064-12-27,0.0173431810181907
2064-12-28,0.0173188122146666
2064-12-29,0.0157654297270675
2064-12-30,0.015388962602659
2064-12-31,0.0612048421239859
2065-01-01,0.0285781554115738
2065-01-02,0.0274524433211989
2065-01-03,0.0240142746562612
2065-01-04,0.0207055783407301
2065-01-05,0.0264876759548811
2065-01-06,0.0349719305021514
2065-01-07,0.0278634162425048
2065-01-08,0.0238606970951234
2065-01-09,0.0287297332702892
2065-01-10,0.0272130897037074
2065-01-11,0.0328597248682128
2065-01-12,0.0244086608621722
2065-01-13,0.0227229500115167
2065-01-14,0.0200011514471036
2065-01-15,0.0174036644175026
2065-01-16,0.0151633245634711
2065-01-17,0.0132732889436015
2065-01-18,0.0116482182104163
2065-01-19,0.0130027151658303
2065-01-20,0.0094270852296729
2065-01-21,0.0151407784655675
2065-01-22,0.0090794672057881
2065-01-23,0.0090742389507066
2065-01-24,0.0086085849902786
2065-01-25,0.0079282741072162
2065-01-26,0.0072077360056082
2065-01-27,0.0065522545030736
2065-01-28,0.0059695288213593
2065-01-29,0.0199743647631983
2065-01-30,0.0494630307188063
2065-01-31,0.0493523665748015
2065-02-01,0.0446895968634646
2065-02-02,0.042081458014591
2065-02-03,0.0326988136228528
2065-02-04,0.0293373861078803
2065-02-05,0.0326181333911738
2065-02-06,0.0265848649679231
2065-02-07,0.0235239791220946
2065-02-08,0.0204378429514772
2065-02-09,0.0177006099157774
2065-02-10,0.0153204294876756
2065-02-11,0.0133399711971696
2065-02-12,0.0116847882638186
2065-02-13,0.0102630708191771
2065-02-14,0.0090115442960165
2065-02-15,0.0079873250640419
2065-02-16,0.0166099144968631
2065-02-17,0.0157656306258092
2065-02-18,0.029849935702653
2065-02-19,0.0208769862171049
2065-02-20,0.0186053026448899
2065-02-21,0.018400936175908
2065-02-22,0.0196554747602867
2065-02-23,0.0179220092739265
2065-02-24,0.0257550834730591
2065-02-25,0.0211600065640148
2065-02-26,0.02010188123362
2065-02-27,0.0197777612880999
2065-02-28,0.016826363578405
2065-03-01,0.0153133299384901
2065-03-02,0.0200357666343564
2065-03-03,0.0167990074924964
2065-03-04,0.0157631964632645
2065-03-05,0.0193794621883847
2065-03-06,0.0161545945100044
2065-03-07,0.01667924847091
2065-03-08,0.0178860981024803
2065-03-09,0.0158845976573425
2065-03-10,0.0138721503355061
2065-03-11,0.0127064438395657
2065-03-12,0.011375865526471
2065-03-13,0.0123050346909188
2065-03-14,0.0147576869696965
2065-03-15,0.0132253459807249
2065-03-16,0.0101914457009419
2065-03-17,0.0098933286452945
2065-03-18,0.0091564484411523
2065-03-19,0.010585037214546
2065-03-20,0.0128720188459696
2065-03-21,0.0082499615282683
2065-03-22,0.008075986698081
2065-03-23,0.0089249644749776
2065-03-24,0.0072537759284516
2065-03-25,0.0066475619880952
2065-03-26,0.0059853241625623
2065-03-27,0.0053427543073091
2065-03-28,0.0047215410831263
2065-03-29,0.0041566923788981
2065-03-30,0.003675405469009
2065-03-31,0.0033120117952952
2065-04-01,0.0056530878150491
2065-04-02,0.0045138960422098
2065-04-03,0.0029075267317474
2065-04-04,0.0026912762878767
2065-04-05,0.0024406391362285
2065-04-06,0.0022015401105441
2065-04-07,0.0019802962630925
2065-04-08,0.0017443513383177
2065-04-09,0.0015183227316363
2065-04-10,0.0013009836211796
2065-04-11,0.0010998195451159
2065-04-12,0.0009259302540954
2065-04-13,0.0007884645937119
2065-04-14,0.0006800878105992
2065-04-15,0.0005939250471331
2065-04-16,0.0005334000371547
2065-04-17,0.0005472209722614
2065-04-18,0.0028449857469669
2065-04-19,0.0068996419216254
2065-04-20,0.0009341226929127
2065-04-21,0.000561188103988
2065-04-22,0.0005526720182822
2065-04-23,0.0005232540652598
2065-04-24,0.0004903318347988
2065-04-25,0.0004602754096782
2065-04-26,0.000437362370967
2065-04-27,0.0004214201632793
2065-04-28,0.0004130625759275
2065-04-29,0.0004092370124977
2065-04-30,0.0004067200804542
2065-05-01,0.000696540558577
2065-05-02,0.0004044907453394
2065-05-03,0.0122997320479487
2065-05-04,0.0079878476826851
2065-05-05,0.0006545283181935
2065-05-06,0.0008475377904039
2065-05-07,0.0008778940943183
2065-05-08,0.0008189047476741
2065-05-09,0.0007195403880486
2065-05-10,0.0006175273679587
2065-05-11,0.0005358262414756
2065-05-12,0.0004798825772776
2065-05-13,0.0035896932711886
2065-05-14,0.0004563567328547
2065-05-15,0.0004434051551056
2065-05-16,0.0004254162690689
2065-05-17,0.00041308800477
2065-05-18,0.0004077651530717
2065-05-19,0.0006397885695662
2065-05-20,0.0040496275538221
2065-05-21,0.0013107875729577
2065-05-22,0.0004073533868082
2065-05-23,0.0004054281852441
2065-05-24,0.0004025164463671
2065-05-25,0.0003993832087566
2065-05-26,0.0003960383017984
2065-05-27,0.0003926447448236
2065-05-28,0.0003892332127406
2065-05-29,0.0003860006796837
2065-05-30,0.0003826880570485
2065-05-31,0.0003792795180855
2065-06-01,0.0003763199773488
2065-06-02,0.0003737202603976
2065-06-03,0.0003706922745766
2065-06-04,0.0021281881468591
2065-06-05,0.0003875666693121
2065-06-06,0.0003665996445419
2065-06-07,0.0006234325437931
2065-06-08,0.0003635927064771
2065-06-09,0.00053425457433
2065-06-10,0.0003610360546685
2065-06-11,0.0003583413820085
2065-06-12,0.0003587956350472
2065-06-13,0.0003542319423721
2065-06-14,0.0003518346727998
2065-06-15,0.0003487982150959
2065-06-16,0.0003453557386118
2065-06-17,0.0003415234070385
2065-06-18,0.00033769659598
2065-06-19,0.0003339429310747
2065-06-20,0.0003301147064938
2065-06-21,0.0003261662784198
2065-06-22,0.000322024993053
2065-06-23,0.0003176760569857
2065-06-24,0.0003134791127665
2065-06-25,0.0003096068738718
2065-06-26,0.0003058178840876
2065-06-27,0.000984488631595
2065-06-28,0.0003020728505596
2065-06-29,0.0002988103896672
2065-06-30,0.000294723405564
2065-07-01,0.0002904299194627
2065-07-02,0.0002860545698262
2065-07-03,0.0002815824119133
2065-07-04,0.0002771008436188
2065-07-05,0.0002726921843041
2065-07-06,0.0002682031455276
2065-07-07,0.0002636515039645
2065-07-08,0.0002589789564772
2065-07-09,0.0002546326102779
2065-07-10,0.0002505173832166
2065-07-11,0.0002465753549786
2065-07-12,0.0002426506345439
2065-07-13,0.0002391984153535
2065-07-14,0.0002358744238687
2065-07-15,0.000232522569788
2065-07-16,0.000229196232059
2065-07-17,0.0002258941042742
2065-07-18,0.0002227785658163
2065-07-19,0.0002195764894711
2065-07-20,0.0002162895758023
2065-07-21,0.0002130866979828
2065-07-22,0.0002100382649921
2065-07-23,0.0002071477009305
2065-07-24,0.0002047443901026
2065-07-25,0.0002023635330202
2065-07-26,0.0001999166016916
2065-07-27,0.0001978460117756
2065-07-28,0.0001956851679508
2065-07-29,0.0001934749308201
2065-07-30,0.0001914125683528
2065-07-31,0.0001894453522093
2065-08-01,0.0001875094067516
2065-08-02,0.0001856233776227
2065-08-03,0.0001838650576781
2065-08-04,0.0001820326936861
2065-08-05,0.0001800121129872
2065-08-06,0.0001783801962425
2065-08-07,0.0001769884521591
2065-08-08,0.0001756658147296
2065-08-09,0.0001743752073303
2065-08-10,0.0001733392442201
2065-08-11,0.0001722939840491
2065-08-12,0.0001712233539737
2065-08-13,0.000170159274016
2065-08-14,0.0001689715308713
2065-08-15,0.0001676048009751
2065-08-16,0.0001662507035548
2065-08-17,0.0001651672848697
2065-08-18,0.0001641615424515
2065-08-19,0.0001631764668278
2065-08-20,0.0001622419033102
2065-08-21,0.000161509934556
2065-08-22,0.0001608814156001
2065-08-23,0.0001603525641614
2065-08-24,0.0001599392961005
2065-08-25,0.0001595593616288
2065-08-26,0.0001591728807335
2065-08-27,0.0001587835625121
2065-08-28,0.0001584498843703
2065-08-29,0.0001581473146226
2065-08-30,0.0001578856373327
2065-08-31,0.0001576327472076
2065-09-01,0.0001574168477805
2065-09-02,0.0001572113829426
2065-09-03,0.0001570793967008
2065-09-04,0.0001569939775691
2065-09-05,0.0001569085277715
2065-09-06,0.0001568230779738
2065-09-07,0.0001567376588422
2065-09-08,0.0001566522090445
2065-09-09,0.0001565655652696
2065-09-10,0.000156480115472
2065-09-11,0.0001563946963403
2065-09-12,0.0001563092465427
2065-09-13,0.000156223827411
2065-09-14,0.0001561384082794
2065-09-15,0.000156054183125
2065-09-16,0.0001559687639933
2065-09-17,0.0001558838678399
2065-09-18,0.0001557984180423
2065-09-19,0.0001557129989106
2065-09-20,0.0001556275797789
2065-09-21,0.0001555439082688
2065-09-22,0.0001554584891371
2065-09-23,0.0001553730700055
2065-09-24,0.0001552893678293
2065-09-25,0.0001552039486977
2065-09-26,0.0001551190525443
2065-09-27,0.0001550348580559
2065-09-28,0.0001549499619025
2065-09-29,0.0001548657674141
2065-09-30,0.0001547808712606
2065-10-01,0.0001546966767723
2065-10-02,0.0001546118112848
2065-10-03,0.0001545276167964
2065-10-04,0.000154442720643
2065-10-05,0.0015197581148649
2065-10-06,0.0023273295268455
2065-10-07,0.0001541930227538
2065-10-08,0.0001541124768384
2065-10-09,0.000154032632588
2065-10-10,0.0001539533113158
2065-10-11,0.0001538739900436
2065-10-12,0.0001537934134622
2065-10-13,0.0001537140615241
2065-10-14,0.0001536334849427
2065-10-15,0.000153552385383
2065-10-16,0.0006510699125102
2065-10-17,0.0001914293314793
2065-10-18,0.0001533105943068
2065-10-19,0.0001532312423686
2065-10-20,0.0001531506351212
2065-10-21,0.0001530700278738
2065-10-22,0.0001529894206264
2065-10-23,0.000152908813379
2065-10-24,0.0001528276524873
2065-10-25,0.0001527470452399
2065-10-26,0.0002561860083628
2065-10-27,0.0002803774924422
2065-10-28,0.0010687465591804
2065-10-29,0.0001524245549183
2065-10-30,0.0001529476245112
2065-10-31,0.0035244232794418
2065-11-01,0.0027551750867325
2065-11-02,0.0001525579015112
2065-11-03,0.0002218121666279
2065-11-04,0.0001535473620412
2065-11-05,0.0016026570844281
2065-11-06,0.0040685738029302
2065-11-07,0.0003992394618578
2065-11-08,0.0154479908278781
2065-11-09,0.0016861712158694
2065-11-10,0.0009288032791327
2065-11-11,0.0001980322795567
2065-11-12,0.0002011554284895
2065-11-13,0.0002029795321601
2065-11-14,0.0002040749166515
2065-11-15,0.0002046390139674
2065-11-16,0.0002048460933952
2065-11-17,0.0002048158538412
2065-11-18,0.000204698350227
2065-11-19,0.0002044890511638
2065-11-20,0.0002041761489723
2065-11-21,0.0002038017644065
2065-11-22,0.0002033880129953
2065-11-23,0.0002030031537447
2065-11-24,0.0002025622688387
2065-11-25,0.0017418403227268
2065-11-26,0.0036023850732289
2065-11-27,0.0002039043834161
2065-11-28,0.0002052653317111
2065-11-29,0.0002062225121148
2065-11-30,0.0002065958417591
2065-12-01,0.0002066314603019
2065-12-02,0.0002066066943294
2065-12-03,0.0002065748650717
2065-12-04,0.0002065591148155
2065-12-05,0.0002065449465762
2065-12-06,0.0002064720694928
2065-12-07,0.0002064486103092
2065-12-08,0.0027833520566787
2065-12-09,0.0002069817554956
2065-12-10,0.0002071585111923
2065-12-11,0.0002072181305453
2065-12-12,0.0002073282199127
2065-12-13,0.0002072746422274
2065-12-14,0.0002070781779859
2065-12-15,0.0002067029355383
2065-12-16,0.0002062728920786
2065-12-17,0.0002058019909471
2065-12-18,0.0002053762642141
2065-12-19,0.0003029419312234
2065-12-20,0.0002052822464152
2065-12-21,0.000204956115249
2065-12-22,0.0002045179879459
2065-12-23,0.000203945294296
2065-12-24,0.0002033021883953
2065-12-25,0.0002026937633909
2065-12-26,0.0002021738671854
2065-12-27,0.0002016100719386
2065-12-28,0.0002009357734189
2065-12-29,0.0002003067204405
2065-12-30,0.0001996658544735
2065-12-31,0.0001989689558855
2066-01-01,0.0007926776455139
2066-01-02,0.005262775678678
2066-01-03,0.0033256541517744
2066-01-04,0.000202461808893
2066-01-05,0.0104778517391767
2066-01-06,0.0008169723606486
2066-01-07,0.0006413370190571
2066-01-08,0.0040156413569634
2066-01-09,0.0002913648525159
2066-01-10,0.0016373833840562
2066-01-11,0.0008526949363498
2066-01-12,0.000841435974504
2066-01-13,0.0002525452033081
2066-01-14,0.0002549252168565
2066-01-15,0.0002568350968167
2066-01-16,0.0002583894726083
2066-01-17,0.0002596849200909
2066-01-18,0.0002607830389937
2066-01-19,0.0010017735129687
2066-01-20,0.0020130689666512
2066-01-21,0.0035067884658005
2066-01-22,0.0015392267043155
2066-01-23,0.0008995705580911
2066-01-24,0.0002733768127152
2066-01-25,0.0002746683425199
2066-01-26,0.000275321051251
2066-01-27,0.0002756256437239
2066-01-28,0.0030088492869891
2066-01-29,0.0003547254439816
2066-01-30,0.0166965641816253
2066-01-31,0.0003009359683075
2066-02-01,0.0003098603789162
2066-02-02,0.0003136659977879
2066-02-03,0.0003160039787617
2066-02-04,0.0003173194534303
2066-02-05,0.0003186147080846
2066-02-06,0.000318765855982
2066-02-07,0.0003191665139924
2066-02-08,0.0003194917287041
2066-02-09,0.0003195569560682
2066-02-10,0.0003193609460846
2066-02-11,0.0003189848052785
2066-02-12,0.0112528571676401
2066-02-13,0.0028700374328399
2066-02-14,0.0009999822369615
2066-02-15,0.000464646217056
2066-02-16,0.0003433130978736
2066-02-17,0.0003442407905134
2066-02-18,0.0003444668160477
2066-02-19,0.004788823912099
2066-02-20,0.0003470139017901
2066-02-21,0.00034963148528
2066-02-22,0.0003508952773233
2066-02-23,0.000351150125366
2066-02-24,0.0003508801189961
2066-02-25,0.0003502803255815
2066-02-26,0.0003497125421493
2066-02-27,0.0003493527058852
2066-02-28,0.0005752208724588
2066-03-01,0.0003490810552824
2066-03-02,0.0003480933208982
2066-03-03,0.0003467826243093
2066-03-04,0.0003453407147124
2066-03-05,0.0003438482492612
2066-03-06,0.0003422756611019
2066-03-07,0.0003407825279645
2066-03-08,0.0003394424216319
2066-03-09,0.0003383170857339
2066-03-10,0.000337029725706
2066-03-11,0.000335776487195
2066-03-12,0.0003344882181872
2066-03-13,0.0003333650134454
2066-03-14,0.0010434713809674
2066-03-15,0.000332466205752
2066-03-16,0.0003313500070008
2066-03-17,0.0010419630518472
2066-03-18,0.0003518299162688
2066-03-19,0.0003606846018045
2066-03-20,0.0003296515570176
2066-03-21,0.0003288035762894
2066-03-22,0.0003270380408803
2066-03-23,0.0003250254306276
2066-03-24,0.0024673440329892
2066-03-25,0.0021696297961651
2066-03-26,0.0003228918417439
2066-03-27,0.0003216188364183
2066-03-28,0.0003201934830599
2066-03-29,0.0003188844638018
2066-03-30,0.0003177426411581
2066-03-31,0.0003161662003853
2066-04-01,0.000314243593023
2066-04-02,0.0003121645761261
2066-04-03,0.0003101049768724
2066-04-04,0.0003076099470125
2066-04-05,0.0003338240021711
2066-04-06,0.0003046696399615
2066-04-07,0.0003034500033052
2066-04-08,0.0003368034798875
2066-04-09,0.0003637571933686
2066-04-10,0.0007249336521672
2066-04-11,0.0003002397222692
2066-04-12,0.0002987490048656
2066-04-13,0.0002967929976545
2066-04-14,0.0002945227172888
2066-04-15,0.0002920385484968
2066-04-16,0.000289977149293
2066-04-17,0.0002881371343959
2066-04-18,0.0002854650584054
2066-04-19,0.0044539754866918
2066-04-20,0.0111342569672752
2066-04-21,0.0002911092008328
2066-04-22,0.0002958499108786
2066-04-23,0.0122750393733486
2066-04-24,0.0187143049218732
2066-04-25,0.0003482642689271
2066-04-26,0.0003552932897956
2066-04-27,0.0003561573021744
2066-04-28,0.0003552112514026
2066-04-29,0.0003536340459732
2066-04-30,0.000351898557837
2066-05-01,0.0003498713226265
2066-05-02,0.0003472405769982
2066-05-03,0.0003440536988416
2066-05-04,0.0003406133352054
2066-05-05,0.0003372432469265
2066-05-06,0.0003341900103781
2066-05-07,0.0003308730090426
2066-05-08,0.0003275100387138
2066-05-09,0.0003240505767503
2066-05-10,0.0003205677157463
2066-05-11,0.0003170568225044
2066-05-12,0.0003136339203861
2066-05-13,0.0003101579832684
2066-05-14,0.0003066914184747
2066-05-15,0.0003032302551846
2066-05-16,0.0002996243649114
2066-05-17,0.0002960816049046
2066-05-18,0.000292465629681
2066-05-19,0.0002889069338485
2066-05-20,0.000285751529818
2066-05-21,0.0002826523968122
2066-05-22,0.0002789182476086
2066-05-23,0.0002749031862343
2066-05-24,0.0002708075426677
2066-05-25,0.0002666783317724
2066-05-26,0.0002628051174811
2066-05-27,0.0002589097782727
2066-05-28,0.0002549234389762
2066-05-29,0.0002509693438659
2066-05-30,0.000247147212912
2066-05-31,0.0002433015698042
2066-06-01,0.0002393138380032
2066-06-02,0.0002355988772732
2066-06-03,0.0002320541606855
2066-06-04,0.0002283457501168
2066-06-05,0.0002246624512165
2066-06-06,0.000221294271421
2066-06-07,0.0002180901982803
2066-06-08,0.0002147697450825
2066-06-09,0.0002115329630963
2066-06-10,0.0002087480039205
2066-06-11,0.0002064503649692
2066-06-12,0.0002046035501929
2066-06-13,0.0002024930785134
2066-06-14,0.0001995472335468
2066-06-15,0.0001967343579112
2066-06-16,0.0001942325313777
2066-06-17,0.0001919916114086
2066-06-18,0.0001897611755122
2066-06-19,0.0001874416106207
2066-06-20,0.0001852408695927
2066-06-21,0.0001831961295893
2066-06-22,0.0001811983941743
2066-06-23,0.0001791675468391
2066-06-24,0.0001772287934998
2066-06-25,0.000175429792926
2066-06-26,0.0001737558776007
2066-06-27,0.0001721451615638
2066-06-28,0.0001706546264671
2066-06-29,0.0001694251032721
2066-06-30,0.0001683553416788
2066-07-01,0.0001674271830473
2066-07-02,0.0001664235828564
2066-07-03,0.0001653986097458
2066-07-04,0.000164541142758
2066-07-05,0.0001637919716887
2066-07-06,0.0001630581136511
2066-07-07,0.0001623005887335
2066-07-08,0.0001617340218168
2066-07-09,0.0001612009786018
2066-07-10,0.0001607330888043
2066-07-11,0.0001602628110522
2066-07-12,0.0001597427482573
2066-07-13,0.0001592972373681
2066-07-14,0.0001589178648609
2066-07-15,0.0001585315394992
2066-07-16,0.0001581587158793
2066-07-17,0.0001577565964718
2066-07-18,0.0001573494888296
2066-07-19,0.0001571097646463
2066-07-20,0.0001568889024242
2066-07-21,0.0001566540461479
2066-07-22,0.0001564050477966
2066-07-23,0.000156195909029
2066-07-24,0.0001561110128755
2066-07-25,0.0001560255630779
2066-07-26,0.0001559394422812
2066-07-27,0.0001558539924836
2066-07-28,0.0001557703209734
2066-07-29,0.00015568542482
2066-07-30,0.0001555999750223
2066-07-31,0.0001555150788689
2066-08-01,0.0001554301827155
2066-08-02,0.0001553447329178
2066-08-03,0.0001552598367644
2066-08-04,0.000155174940611
2066-08-05,0.0001550912691009
2066-08-06,0.0001550063422814
2066-08-07,0.000154921446128
2066-08-08,0.0001548360269964
2066-08-09,0.0001547523554862
2066-08-10,0.0001546674593328
2066-08-11,0.0001545837878226
2066-08-12,0.0001544988916692
2066-08-13,0.0001544139955158
2066-08-14,0.0001543303240056
2066-08-15,0.0001542454278522
2066-08-16,0.0001541622793203
2066-08-17,0.0001540773831669
2066-08-18,0.0001539937116567
2066-08-19,0.0001554067803634
2066-08-20,0.0001538251746591
2066-08-21,0.000153741503149
2066-08-22,0.0001536583546171
2066-08-23,0.0001535734891296
2066-08-24,0.0001534898176195
2066-08-25,0.0001534066690876
2066-08-26,0.0001533230282434
2066-08-27,0.00015323813209
2066-08-28,0.0001531549835581
2066-08-29,0.0001530713427139
2066-08-30,0.000152988194182
2066-08-31,0.0001529045533378
2066-09-01,0.0001528214048059
2066-09-02,0.0001527377639618
2066-09-03,0.0001526546154298
2066-09-04,0.0001525709745857
2066-09-05,0.0001524878567197
2066-09-06,0.0001524047081878
2066-09-07,0.0001523210673437
2066-09-08,0.0001522379494777
2066-09-09,0.0001521548009458
2066-09-10,0.0001520711601017
2066-09-11,0.0001519880422357
2066-09-12,0.0001519061490131
2066-09-13,0.0001518230311471
2066-09-14,0.0063335751401974
2066-09-15,0.0019453984520823
2066-09-16,0.0001518436360477
2066-09-17,0.0001520439277084
2066-09-18,0.0213038442624564
2066-09-19,0.0084064066986849
2066-09-20,0.0109692973116752
2066-09-21,0.0002168131556791
2066-09-22,0.0002236642991818
2066-09-23,0.0002255905085734
2066-09-24,0.0002258830901275
2066-09-25,0.0002254039215382
2066-09-26,0.0002245690979141
2066-09-27,0.0002235263189259
2066-09-28,0.000222502119747
2066-09-29,0.0039220536204771
2066-09-30,0.0341102282323984
2066-10-01,0.000340365552215
2066-10-02,0.000282985696032
2066-10-03,0.0003301710128546
2066-10-04,0.0002892982325095
2066-10-05,0.0009152043199158
2066-10-06,0.0002916887726483
2066-10-07,0.0002918456152425
2066-10-08,0.0002915648318523
2066-10-09,0.0002910945751742
2066-10-10,0.0002902403150926
2066-10-11,0.0002888984959216
2066-10-12,0.0002872790222264
2066-10-13,0.0002856485721464
2066-10-14,0.0002838800911427
2066-10-15,0.0002820362817312
2066-10-16,0.0002800695480477
2066-10-17,0.0002780010467765
2066-10-18,0.000276180550181
2066-10-19,0.0002745677460377
2066-10-20,0.0002729321615244
2066-10-21,0.000271298845573
2066-10-22,0.0002695276696116
2066-10-23,0.0002677537405491
2066-10-24,0.0002661506967694
2066-10-25,0.0002645294461
2066-10-26,0.0002629420049785
2066-10-27,0.0002613138525912
2066-10-28,0.0002596850643725
2066-10-29,0.0002579422609031
2066-10-30,0.0002560988044432
2066-10-31,0.0002547111460329
2066-11-01,0.0002538026639402
2066-11-02,0.0002527867162918
2066-11-03,0.0002516923314172
2066-11-04,0.0002505211886405
2066-11-05,0.0002492904558604
2066-11-06,0.0002481724585138
2066-11-07,0.003564376416181
2066-11-08,0.0002473475698644
2066-11-09,0.0002469462750493
2066-11-10,0.0010397481519624
2066-11-11,0.0002466950469661
2066-11-12,0.0061081621078199
2066-11-13,0.0017102679702734
2066-11-14,0.0002523814965267
2066-11-15,0.0002547055677543
2066-11-16,0.0002563002618857
2066-11-17,0.0002574771467601
2066-11-18,0.0140768178728127
2066-11-19,0.0044906293879631
2066-11-20,0.0002874235476062
2066-11-21,0.0002935049110786
2066-11-22,0.0002962648255013
2066-11-23,0.0002976740003059
2066-11-24,0.0002983992642928
2066-11-25,0.0002986106951921
2066-11-26,0.0002983009442953
2066-11-27,0.000297933542827
2066-11-28,0.0002975860615512
2066-11-29,0.0002971508913514
2066-11-30,0.0004739315117891
2066-12-01,0.0044979145199675
2066-12-02,0.0002987354374114
2066-12-03,0.0002999656790566
2066-12-04,0.000300605090335
2066-12-05,0.0003220870814507
2066-12-06,0.0003015830256118
2066-12-07,0.0017513365227109
2066-12-08,0.0003029410241026
2066-12-09,0.0003029895813583
2066-12-10,0.0003028174587761
2066-12-11,0.0003025313638425
2066-12-12,0.0003021333639625
2066-12-13,0.0003016032224728
2066-12-14,0.0003009976098638
2066-12-15,0.0003005329060229
2066-12-16,0.0003001975808795
2066-12-17,0.0240536818414001
2066-12-18,0.0004338823509792
2066-12-19,0.0003377813390464
2066-12-20,0.0003419239752073
2066-12-21,0.0003441814446674
2066-12-22,0.0003455041535764
2066-12-23,0.0010063807217174
2066-12-24,0.0147329702588859
2066-12-25,0.0003930518239327
2066-12-26,0.0020248730717914
2066-12-27,0.0004343483563321
2066-12-28,0.00732004733275
2066-12-29,0.0003969147485486
2066-12-30,0.0004369858787302
2066-12-31,0.0004837265356025
2067-01-01,0.0005243307359481
2067-01-02,0.0005580132963034
2067-01-03,0.0006042202279001
2067-01-04,0.0006275670236523
2067-01-05,0.0007142538301831
2067-01-06,0.0010788679423607
2067-01-07,0.0023340257106567
2067-01-08,0.0031455559176407
2067-01-09,0.0037151261457946
2067-01-10,0.0063052218632004
2067-01-11,0.019072417639156
2067-01-12,0.0059647422855114
2067-01-13,0.0105487756586241
2067-01-14,0.0064695811320908
2067-01-15,0.0069327722859592
2067-01-16,0.0080930077287818
2067-01-17,0.008991469668567
2067-01-18,0.0091380638094591
2067-01-19,0.0185623159952227
2067-01-20,0.0117058219913916
2067-01-21,0.0109264219160516
2067-01-22,0.01079531672028
2067-01-23,0.0105662598467969
2067-01-24,0.0096567589107304
2067-01-25,0.0091474358215348
2067-01-26,0.0090492652711156
2067-01-27,0.0091351500721926
2067-01-28,0.0079684669269941
2067-01-29,0.0077235305224625
2067-01-30,0.007534698727432
2067-01-31,0.0068792474537697
2067-02-01,0.0062279746622274
2067-02-02,0.0058122027542614
2067-02-03,0.0053590928938222
2067-02-04,0.004914601301055
2067-02-05,0.0045053490799791
2067-02-06,0.0075300469976615
2067-02-07,0.0040138443664268
2067-02-08,0.0038475348437297
2067-02-09,0.0036612679701992
2067-02-10,0.0034413651893452
2067-02-11,0.0055419760520929
2067-02-12,0.0031236255751263
2067-02-13,0.0029526619402272
2067-02-14,0.0027756903245443
2067-02-15,0.0025899008227788
2067-02-16,0.0024071872171711
2067-02-17,0.0022394702569353
2067-02-18,0.0020834528319581
2067-02-19,0.001936017903173
2067-02-20,0.0017831412252284
2067-02-21,0.0037695063753592
2067-02-22,0.0041667145062415
2067-02-23,0.0016429110076244
2067-02-24,0.0016357151734078
2067-02-25,0.0016049126049608
2067-02-26,0.0015477572327526
2067-02-27,0.0014645587623853
2067-02-28,0.0013667147705982
2067-03-01,0.0012580184301378
2067-03-02,0.0011445804956291
2067-03-03,0.0010415330200531
2067-03-04,0.0009541453116618
2067-03-05,0.000879251761499
2067-03-06,0.0008145329220708
2067-03-07,0.0007503329396148
2067-03-08,0.0059569265720096
2067-03-09,0.0007327041367197
2067-03-10,0.0007639696525363
2067-03-11,0.0007745113417716
2067-03-12,0.0007664384994384
2067-03-13,0.0007444065537754
2067-03-14,0.0007106753250169
2067-03-15,0.0010151090638551
2067-03-16,0.0006798472355618
2067-03-17,0.0006622563167949
2067-03-18,0.0006246329753538
2067-03-19,0.0005877041186703
2067-03-20,0.0005551625949584
2067-03-21,0.003056454038972
2067-03-22,0.0062622054706304
2067-03-23,0.0006397312032603
2067-03-24,0.0007383269402719
2067-03-25,0.0007748661668403
2067-03-26,0.0007743488953251
2067-03-27,0.0007486017044064
2067-03-28,0.0007101078713044
2067-03-29,0.0006652775640248
2067-03-30,0.0016111476281495
2067-03-31,0.0006208947234805
2067-04-01,0.0005926900388486
2067-04-02,0.0028618208180801
2067-04-03,0.0084209684891916
2067-04-04,0.000941703843964
2067-04-05,0.0009868360840057
2067-04-06,0.0011624201075795
2067-04-07,0.0010879563607305
2067-04-08,0.0010160759767838
2067-04-09,0.0009198272001444
2067-04-10,0.0008210650044657
2067-04-11,0.0007304295536975
2067-04-12,0.0006543260394004
2067-04-13,0.0005920094179075
2067-04-14,0.0005452870535719
2067-04-15,0.0040887497254889
2067-04-16,0.0005233118752206
2067-04-17,0.0005005751526127
2067-04-18,0.0004718215492935
2067-04-19,0.0004445531173849
2067-04-20,0.0004230460066867
2067-04-21,0.0004090145169548
2067-04-22,0.0004024490335001
2067-04-23,0.0003994185595244
2067-04-24,0.0003962676592391
2067-04-25,0.0003931476003157
2067-04-26,0.0003901037848968
2067-04-27,0.0003870609156633
2067-04-28,0.0003841415337754
2067-04-29,0.0003814658753887
2067-04-30,0.0003787454943976
2067-05-01,0.0003754647427273
2067-05-02,0.000371785844854
2067-05-03,0.000368159532567
2067-05-04,0.0003651291744587
2067-05-05,0.0003628953816862
2067-05-06,0.0003604714146057
2067-05-07,0.0003577830203639
2067-05-08,0.0003542586527365
2067-05-09,0.0003504605682754
2067-05-10,0.000346951676948
2067-05-11,0.0003443043270067
2067-05-12,0.0003422654757626
2067-05-13,0.0025819828614625
2067-05-14,0.0015001466604079
2067-05-15,0.0008328208361406
2067-05-16,0.0003389743624509
2067-05-17,0.0003367754797744
2067-05-18,0.000334249857155
2067-05-19,0.0003317094782919
2067-05-20,0.0003285218073244
2067-05-21,0.0003247046204604
2067-05-22,0.0003206442490009
2067-05-23,0.0003164445124341
2067-05-24,0.0003122708315092
2067-05-25,0.000308293537185
2067-05-26,0.0003040716066407
2067-05-27,0.0002997237996074
2067-05-28,0.0002953457694183
2067-05-29,0.0002910742005388
2067-05-30,0.0002867454070988
2067-05-31,0.0002821708485739
2067-06-01,0.0002777517852944
2067-06-02,0.0002732025443867
2067-06-03,0.0002685902590939
2067-06-04,0.0002641251222501
2067-06-05,0.0002596372577048
2067-06-06,0.0002549265046042
2067-06-07,0.0002504607283975
2067-06-08,0.0002461769989539
2067-06-09,0.0002419379795435
2067-06-10,0.0002375997881964
2067-06-11,0.0002334293697471
2067-06-12,0.0002295551313955
2067-06-13,0.000225759862293
2067-06-14,0.0002223186245013
2067-06-15,0.0002258658881734
2067-06-16,0.0002854931419661
2067-06-17,0.0002161828127699
2067-06-18,0.0002129205854716
2067-06-19,0.0002094139901773
2067-06-20,0.0002061202300857
2067-06-21,0.0002029934986229
2067-06-22,0.0001999465856722
2067-06-23,0.0001968773650007
2067-06-24,0.0001939613432366
2067-06-25,0.0001911751331883
2067-06-26,0.0001886324908887
2067-06-27,0.0001861017519607
2067-06-28,0.0001837110479502
2067-06-29,0.0001814902466804
2067-06-30,0.0001793110885495
2067-07-01,0.0001775976772878
2067-07-02,0.0001759390102493
2067-07-03,0.0001744832716856
2067-07-04,0.0001728452200863
2067-07-05,0.0001713477272285
2067-07-06,0.000170120378959
2067-07-07,0.0001690662560169
2067-07-08,0.0001680831112446
2067-07-09,0.0001671016642291
2067-07-10,0.0001661922642328
2067-07-11,0.0001653071076537
2067-07-12,0.0001642805038236
2067-07-13,0.0001631717659031
2067-07-14,0.0001623385423472
2067-07-15,0.0001617275185066
2067-07-16,0.0001611651696166
2067-07-17,0.0001606643509279
2067-07-18,0.0001601174419399
2067-07-19,0.0001595820981486
2067-07-20,0.0001591363066013
2067-07-21,0.0001586721356769
2067-07-22,0.000158171641776
2067-07-23,0.0001577330653935
2067-07-24,0.0001574124840884
2067-07-25,0.0001571048508811
2067-07-26,0.0001568565541949
2067-07-27,0.0001567471345102
2067-07-28,0.0001566617153785
2067-07-29,0.0001565762655808
2067-07-30,0.0001564908464492
2067-07-31,0.0001564053966515
2067-08-01,0.0001563199775199
2067-08-02,0.0001562345277222
2067-08-03,0.0001561491085906
2067-08-04,0.0001560641817712
2067-08-05,0.0001559787626395
2067-08-06,0.0001558933435079
2067-08-07,0.0001558079243762
2067-08-08,0.0001557229975568
2067-08-09,0.0001556388030684
2067-08-10,0.000155553906915
2067-08-11,0.0001554684877833
2067-08-12,0.0001553830686517
2067-08-13,0.0001552993664755
2067-08-14,0.0001552139473439
2067-08-15,0.0001551290511905
2067-08-16,0.0001550448567021
2067-08-17,0.0001549599605487
2067-08-18,0.0001548750643952
2067-08-19,0.0001547908699068
2067-08-20,0.0001547059737534
2067-08-21,0.0001546223022433
2067-08-22,0.0001545369137776
2067-08-23,0.0001544532422674
2067-08-24,0.0001543695707573
2067-08-25,0.0001542846746039
2067-08-26,0.0001542004801155
2067-08-27,0.0001541156146281
2067-08-28,0.0001540319431179
2067-08-29,0.0001539482716078
2067-08-30,0.0001538646307636
2067-08-31,0.0001537797346102
2067-09-01,0.0001536960631
2067-09-02,0.0001536124222559
2067-09-03,0.0001535287507457
2067-09-04,0.0001534451099015
2067-09-05,0.0001533602137481
2067-09-06,0.000153276572904
2067-09-07,0.0001531929013938
2067-09-08,0.0001531092605496
2067-09-09,0.0001530255890395
2067-09-10,0.0001529419481953
2067-09-11,0.0001528588303294
2067-09-12,0.0001527751588192
2067-09-13,0.0001526915179751
2067-09-14,0.0001526091017742
2067-09-15,0.0001525259839083
2067-09-16,0.0001524423123981
2067-09-17,0.0001523586715539
2067-09-18,0.000152275553688
2067-09-19,0.0001521931374871
2067-09-20,0.0001521100196212
2067-09-21,0.000152026378777
2067-09-22,0.0001519432609111
2067-09-23,0.0001518608447102
2067-09-24,0.0001517777268443
2067-09-25,0.0001516953106434
2067-09-26,0.0001516121927775
2067-09-27,0.0001515290749115
2067-09-28,0.0001514466587106
2067-09-29,0.0001513635408447
2067-09-30,0.000151281647622
2067-10-01,0.0001511980067779
2067-10-02,0.0001511161442212
2067-10-03,0.0001510342509986
2067-10-04,0.0001509511331326
2067-10-05,0.0001508687169317
2067-10-06,0.0001507868543751
2067-10-07,0.0001507037365091
2067-10-08,0.0001506218432865
2067-10-09,0.0001505399807298
2067-10-10,0.0001504580875071
2067-10-11,0.0001503750003072
2067-10-12,0.0001502931070846
2067-10-13,0.0001502112445279
2067-10-14,0.0001501293513052
2067-10-15,0.0001500474887486
2067-10-16,0.0001499655955259
2067-10-17,0.0001498837329692
2067-10-18,0.0001498018704126
2067-10-19,0.0001497205001681
2067-10-20,0.0001496386376115
2067-10-21,0.0001495567750548
2067-10-22,0.0001494748818321
2067-10-23,0.0001493935422537
2067-10-24,0.000149311679697
2067-10-25,0.0001492298171404
2067-10-26,0.0001491484468959
2067-10-27,0.0001490678089825
2067-10-28,0.0001489859464259
2067-10-29,0.0001489046068474
2067-10-30,0.0001488227442908
2067-10-31,0.0001487426293556
2067-11-01,0.0001486607667989
2067-11-02,0.0001485794272205
2067-11-03,0.0001484987893071
2067-11-04,0.0001484174497287
2067-11-05,0.0020843766383549
2067-11-06,0.002467542729885
2067-11-07,0.0001481794675209
2067-11-08,0.0011905378281607
2067-11-09,0.0015872588710284
2067-11-10,0.0001480327639004
2067-11-11,0.0001480471022046
2067-11-12,0.0001480675383682
2067-11-13,0.0001480879745319
2067-11-14,0.0001481040911235
2067-11-15,0.0001481164724534
2067-11-16,0.0001481252358763
2067-11-17,0.0001481289780622
2067-11-18,0.000148128400676
2067-11-19,0.000591066244049
2067-11-20,0.0043960361611102
2067-11-21,0.0001547264491804
2067-11-22,0.0001493497939815
2067-11-23,0.0001501103541904
2067-11-24,0.0071698169109058
2067-11-25,0.0001553493810359
2067-11-26,0.0001595749073357
2067-11-27,0.000162418339232
2067-11-28,0.0001643849823252
2067-11-29,0.0078666248162725
2067-11-30,0.0588711208647913
2067-12-01,0.038890612672828
2067-12-02,0.0136427871747741
2067-12-03,0.0009628505577759
2067-12-04,0.0003613774001412
2067-12-05,0.0012102295513267
2067-12-06,0.0146539057433327
2067-12-07,0.0051020669246728
2067-12-08,0.0004172893761689
2067-12-09,0.0184019718866019
2067-12-10,0.0018934642171498
2067-12-11,0.0025955691248997
2067-12-12,0.0028163876382883
2067-12-13,0.0028702992604968
2067-12-14,0.0028412288487688
2067-12-15,0.0044548479661043
2067-12-16,0.0027417785866823
2067-12-17,0.0026700255899946
2067-12-18,0.0025822497074682
2067-12-19,0.0071489296860372
2067-12-20,0.0053605497699156
2067-12-21,0.003772457905853
2067-12-22,0.0033530501975316
2067-12-23,0.0035251395004654
2067-12-24,0.0035814650114266
2067-12-25,0.0038476226767387
2067-12-26,0.0113434796613588
2067-12-27,0.0075771555911331
2067-12-28,0.0051199592019771
2067-12-29,0.0057397964942684
2067-12-30,0.0141790647556865
2067-12-31,0.0332426046689555
2068-01-01,0.0196090473000553
2068-01-02,0.0200823836311001
2068-01-03,0.0207990354703146
2068-01-04,0.0415039458587872
2068-01-05,0.0289270755851001
2068-01-06,0.0275506876660071
2068-01-07,0.0257923458856891
2068-01-08,0.0257950859215555
2068-01-09,0.035123735538587
2068-01-10,0.0291323351181765
2068-01-11,0.0242733627372362
2068-01-12,0.0218353910719996
2068-01-13,0.0190704927512274
2068-01-14,0.0165653616597799
2068-01-15,0.0144276530567762
2068-01-16,0.0126594308859741
2068-01-17,0.0111496822747806
2068-01-18,0.0098606126873451
2068-01-19,0.0087443142649762
2068-01-20,0.0078129747734834
2068-01-21,0.0070104615715244
2068-01-22,0.006284500096789
2068-01-23,0.0056120710694843
2068-01-24,0.0050215914546998
2068-01-25,0.0045188863658846
2068-01-26,0.0040852275483473
2068-01-27,0.0037008629235721
2068-01-28,0.003340803437231
2068-01-29,0.0030277619423
2068-01-30,0.0027548041233274
2068-01-31,0.0024967857619947
2068-02-01,0.002265952692248
2068-02-02,0.0020586960966035
2068-02-03,0.0018611514601314
2068-02-04,0.0016864282348887
2068-02-05,0.001532270533331
2068-02-06,0.0013936480925465
2068-02-07,0.0012775913989821
2068-02-08,0.0011883596934208
2068-02-09,0.0011103384109275
2068-02-10,0.0010412768124458
2068-02-11,0.0009752531208518
2068-02-12,0.00585117990077
2068-02-13,0.007255725370974
2068-02-14,0.0258338181340203
2068-02-15,0.0635842101161982
2068-02-16,0.0371027603467937
2068-02-17,0.039787639623291
2068-02-18,0.0592366299992528
2068-02-19,0.0443507791533025
2068-02-20,0.2265408932524077
2068-02-21,0.0888272230243423
2068-02-22,0.0316520609678773
2068-02-23,0.0299513405906898
2068-02-24,0.0299832378388404
2068-02-25,0.0296646988273469
2068-02-26,0.025920779962115
2068-02-27,0.0222760351535404
2068-02-28,0.019073580171477
2068-02-29,0.0163468319710489
2068-03-01,0.0145640177116072
2068-03-02,0.0124500662545047
2068-03-03,0.0108862190268441
2068-03-04,0.009491666581494
2068-03-05,0.0083281454880224
2068-03-06,0.0079799128854489
2068-03-07,0.0067148015825637
2068-03-08,0.0059048074363962
2068-03-09,0.0051872611449358
2068-03-10,0.0045616091108577
2068-03-11,0.0040046161855618
2068-03-12,0.0035047947209153
2068-03-13,0.003067233155372
2068-03-14,0.0026903431779303
2068-03-15,0.0023754693645782
2068-03-16,0.0021006655159758
2068-03-17,0.0018431408511522
2068-03-18,0.0016062716754975
2068-03-19,0.0013988460777526
2068-03-20,0.001215724501456
2068-03-21,0.0010634561185956
2068-03-22,0.0014044167306616
2068-03-23,0.0008956985344153
2068-03-24,0.000832438090173
2068-03-25,0.0007517267736278
2068-03-26,0.0006720147046513
2068-03-27,0.0006070798226116
2068-03-28,0.0028425883969667
2068-03-29,0.0082304629811855
2068-03-30,0.0006123011475291
2068-03-31,0.0052416174689461
2068-04-01,0.0066255638318577
2068-04-02,0.0134226394781076
2068-04-03,0.0081451370370575
2068-04-04,0.0063365170546982
2068-04-05,0.0061685419893285
2068-04-06,0.0058590306777604
2068-04-07,0.0052983029953794
2068-04-08,0.004720642266003
2068-04-09,0.0137351237974878
2068-04-10,0.009000916721995
2068-04-11,0.0062997331999635
2068-04-12,0.0072074455992057
2068-04-13,0.0064107348861974
2068-04-14,0.005886069943152
2068-04-15,0.0052462183729648
2068-04-16,0.0045783342137929
2068-04-17,0.0039426178336155
2068-04-18,0.0033713603671055
2068-04-19,0.0028688512143112
2068-04-20,0.0024444501510219
2068-04-21,0.002088910641973
2068-04-22,0.0017523467895613
2068-04-23,0.0014618390973975
2068-04-24,0.0012334256818272
2068-04-25,0.001054467548941
2068-04-26,0.0008995977011522
2068-04-27,0.0007681767091315
2068-04-28,0.0038730507238739
2068-04-29,0.0006721559234593
2068-04-30,0.0006226840565611
2068-05-01,0.0005465022959179
2068-05-02,0.0004799978094828
2068-05-03,0.0004390135904831
2068-05-04,0.0004170163992864
2068-05-05,0.0004083334032235
2068-05-06,0.0004044373776717
2068-05-07,0.0004006137936352
2068-05-08,0.0003967037833311
2068-05-09,0.0003927939533701
2068-05-10,0.0003891404908535
2068-05-11,0.0003857586691849
2068-05-12,0.000382402738784
2068-05-13,0.0003791511009019
2068-05-14,0.0003760855976659
2068-05-15,0.0003731154546083
2068-05-16,0.0003701242672935
2068-05-17,0.0003669232044644
2068-05-18,0.0003633746277385
2068-05-19,0.0003596383703278
2068-05-20,0.0003559696923021
2068-05-21,0.0003523174997504
2068-05-22,0.0003482705932088
2068-05-23,0.0003443149627906
2068-05-24,0.0003404697935535
2068-05-25,0.0003366228766948
2068-05-26,0.0003327722360001
2068-05-27,0.0003289231000629
2068-05-28,0.0003247268407323
2068-05-29,0.0003203710861988
2068-05-30,0.000316004706156
2068-05-31,0.0003117402691577
2068-06-01,0.0003077083821976
2068-06-02,0.0003084750132185
2068-06-03,0.0003029905669573
2068-06-04,0.0002996547375595
2068-06-05,0.000295591872684
2068-06-06,0.0002910057238625
2068-06-07,0.0002863465830666
2068-06-08,0.0002814995907136
2068-06-09,0.000276540368363
2068-06-10,0.000271650735546
2068-06-11,0.0002668426288087
2068-06-12,0.0002620299248491
2068-06-13,0.0002572387595
2068-06-14,0.0002525656259632
2068-06-15,0.0002478672014697
2068-06-16,0.000243340316691
2068-06-17,0.000239371566149
2068-06-18,0.0002356088389722
2068-06-19,0.0002318817090601
2068-06-20,0.0002283215971172
2068-06-21,0.0002248099789741
2068-06-22,0.0002213268547152
2068-06-23,0.0002179335415777
2068-06-24,0.0002146761298195
2068-06-25,0.0002115128953482
2068-06-26,0.0002084821091878
2068-06-27,0.000205575017262
2068-06-28,0.0002028341491779
2068-06-29,0.000200280376238
2068-06-30,0.0001978393975998
2068-07-01,0.0001953325233608
2068-07-02,0.0001927445793792
2068-07-03,0.0001904896937183
2068-07-04,0.0001883699276223
2068-07-05,0.0001862458799704
2068-07-06,0.0001839907575206
2068-07-07,0.0001816834951586
2068-07-08,0.0001797663553377
2068-07-09,0.0001779261713459
2068-07-10,0.000176101399903
2068-07-11,0.0001742494041561
2068-07-12,0.0001724230437308
2068-07-13,0.0001967514325488
2068-07-14,0.0002810282829368
2068-07-15,0.0002018336069146
2068-07-16,0.0001686289578267
2068-07-17,0.0001669194028343
2068-07-18,0.0001657460512988
2068-07-19,0.0001647997738423
2068-07-20,0.0001639054830062
2068-07-21,0.0001631187113678
2068-07-22,0.000162434296129
2068-07-23,0.0001631153359618
2068-07-24,0.0001970134785375
2068-07-25,0.0001609415596479
2068-07-26,0.0001602024223542
2068-07-27,0.0001595033330141
2068-07-28,0.0001590971838384
2068-07-29,0.0001587125319889
2068-07-30,0.0001583300133781
2068-07-31,0.0001580469619764
2068-08-01,0.0001578037092078
2068-08-02,0.000157545484726
2068-08-03,0.0001572423144388
2068-08-04,0.0001570213545697
2068-08-05,0.000156935904772
2068-08-06,0.0001568504856403
2068-08-07,0.0001567650358427
2068-08-08,0.0001566795860451
2068-08-09,0.0001565941669134
2068-08-10,0.0001565074924725
2068-08-11,0.0001564220733408
2068-08-12,0.0001563366235432
2068-08-13,0.0001562512044115
2068-08-14,0.0001561657546139
2068-08-15,0.0001560815601255
2068-08-16,0.0001559966333061
2068-08-17,0.0001559112141744
2068-08-18,0.0001558257950428
2068-08-19,0.0001557408682234
2068-08-20,0.0001556554490917
2068-08-21,0.00015557002996
2068-08-22,0.0001554863584499
2068-08-23,0.0001554009086523
2068-08-24,0.0001553154895206
2068-08-25,0.0001552318180104
2068-08-26,0.0001551463988788
2068-08-27,0.0001550615027254
2068-08-28,0.000154977308237
2068-08-29,0.0001548924120836
2068-08-30,0.0001548087405734
2068-08-31,0.0001547233214417
2068-09-01,0.0001546396499316
2068-09-02,0.0001545547537782
2068-09-03,0.0001544705592898
2068-09-04,0.0001543856631364
2068-09-05,0.0001543019916262
2068-09-06,0.0001542165724946
2068-09-07,0.0001541329009844
2068-09-08,0.0001540492601402
2068-09-09,0.0030157189549799
2068-09-10,0.0001603755665879
2068-09-11,0.0011051267790116
2068-09-12,0.0001537181306746
2068-09-13,0.0001536392403827
2068-09-14,0.0001535603500908
2068-09-15,0.0018126276788357
2068-09-16,0.0114036451212858
2068-09-17,0.0001569675128625
2068-09-18,0.0001611641602274
2068-09-19,0.0001634710583841
2068-09-20,0.0001648914026622
2068-09-21,0.0001655663168762
2068-09-22,0.0001658083519608
2068-09-23,0.0001658427138333
2068-09-24,0.000165607581986
2068-09-25,0.0001651105046693
2068-09-26,0.0001645914209825
2068-09-27,0.0001641344897787
2068-09-28,0.0001639133760706
2068-09-29,0.0001637575401418
2068-09-30,0.0001635117651184
2068-10-01,0.002581685507017
2068-10-02,0.0151388244661417
2068-10-03,0.0459984078018308
2068-10-04,0.0002505463712792
2068-10-05,0.0002613235352517
2068-10-06,0.0002643882004018
2068-10-07,0.0002656241886164
2068-10-08,0.0002660621820837
2068-10-09,0.0002659682046788
2068-10-10,0.0002651394731407
2068-10-11,0.0002638161535881
2068-10-12,0.0002622640413447
2068-10-13,0.0002605586373883
2068-10-14,0.0002587158710434
2068-10-15,0.0002569399877689
2068-10-16,0.0002554286575909
2068-10-17,0.0002539350689621
2068-10-18,0.0002522599776542
2068-10-19,0.000250529608568
2068-10-20,0.0002486474283582
2068-10-21,0.0002466738611682
2068-10-22,0.0002447784474374
2068-10-23,0.0002431730924951
2068-10-24,0.0019015353356753
2068-10-25,0.0058898061309502
2068-10-26,0.0017676207470978
2068-10-27,0.0002465664813638
2068-10-28,0.000248247607481
2068-10-29,0.000249226492922
2068-10-30,0.0002496547124442
2068-10-31,0.0002494852515655
2068-11-01,0.0002490277805274
2068-11-02,0.000248482991444
2068-11-03,0.0002476007881497
2068-11-04,0.0002465800309533
2068-11-05,0.0002456991974778
2068-11-06,0.0002447845880071
2068-11-07,0.0030881659414312
2068-11-08,0.0058495047756591
2068-11-09,0.0002487611073676
2068-11-10,0.0002519942403113
2068-11-11,0.0002535720378801
2068-11-12,0.0002543049751656
2068-11-13,0.0002545591736946
2068-11-14,0.0002546135113626
2068-11-15,0.0002545960412228
2068-11-16,0.0003815345923247
2068-11-17,0.0002650355141052
2068-11-18,0.0002554250198396
2068-11-19,0.0002551217945942
2068-11-20,0.000254645441204
2068-11-21,0.0002543522616625
2068-11-22,0.0002541277099677
2068-11-23,0.0002538682422856
2068-11-24,0.0002533512647445
2068-11-25,0.0002525903686205
2068-11-26,0.0002519287385104
2068-11-27,0.0002512869701476
2068-11-28,0.0002504190791174
2068-11-29,0.0052219893429402
2068-11-30,0.000250402360809
2068-12-01,0.0002510222223241
2068-12-02,0.0002514625218222
2068-12-03,0.0002517129890853
2068-12-04,0.0002517274385033
2068-12-05,0.0076874325976784
2068-12-06,0.0020212577582128
2068-12-07,0.0002630099965703
2068-12-08,0.0002666262937874
2068-12-09,0.0002687456653872
2068-12-10,0.0002700342295049
2068-12-11,0.0002707461050705
2068-12-12,0.000271151164923
2068-12-13,0.0034154035510064
2068-12-14,0.0055155610008736
2068-12-15,0.0007663595988798
2068-12-16,0.001089963011479
2068-12-17,0.0013235082754832
2068-12-18,0.0002913953016299
2068-12-19,0.0002930384293097
2068-12-20,0.0002940236368642
2068-12-21,0.0002945927664678
2068-12-22,0.0002947811196868
2068-12-23,0.0002945983603437
2068-12-24,0.0005571392581856
2068-12-25,0.0002949389359588
2068-12-26,0.0003154566625601
2068-12-27,0.01012322817301
2068-12-28,0.0028680966397442
2068-12-29,0.0048707417704945
2068-12-30,0.0047481506154213
2068-12-31,0.0003324686299523
2069-01-01,0.0003377054435983
2069-01-02,0.0003712253709876
2069-01-03,0.0394154165276871
2069-01-04,0.0042609978478826
2069-01-05,0.0008054021255189
2069-01-06,0.0095724369445923
2069-01-07,0.0076350722407085
2069-01-08,0.0160336616696783
2069-01-09,0.0152727623388477
2069-01-10,0.0111727188265515
2069-01-11,0.0122188116339509
2069-01-12,0.0137377949441507
2069-01-13,0.0346272241991081
2069-01-14,0.0366096700814325
2069-01-15,0.0245271264316484
2069-01-16,0.0249748851599196
2069-01-17,0.0378325142832349
2069-01-18,0.0467276268015745
2069-01-19,0.0475307864745388
2069-01-20,0.150865396634134
2069-01-21,0.2934521663157587
2069-01-22,0.0514963700022063
2069-01-23,0.0382672233906854
2069-01-24,0.0312256882697771
2069-01-25,0.0399102721214697
2069-01-26,0.0326951804713398
2069-01-27,0.0302739127084378
2069-01-28,0.0288062034407653
2069-01-29,0.0256189210178197
2069-01-30,0.0241154439505587
2069-01-31,0.0305047665250665
2069-02-01,0.0259260548291762
2069-02-02,0.0304232020104727
2069-02-03,0.0234808536232153
2069-02-04,0.0219995258330413
2069-02-05,0.0239682820924015
2069-02-06,0.0227736262762755
2069-02-07,0.0233530827502134
2069-02-08,0.0413462083640652
2069-02-09,0.0297240452791606
2069-02-10,0.026410569830675
2069-02-11,0.0547907242607139
2069-02-12,0.0698805018306744
2069-02-13,0.1485027472853196
2069-02-14,0.037221809163798
2069-02-15,0.0311985413656426
2069-02-16,0.0302597767947583
2069-02-17,0.0301595458123124
2069-02-18,0.027192747602867
2069-02-19,0.0301932253315163
2069-02-20,0.0638103612871664
2069-02-21,0.0486543120292952
2069-02-22,0.0337510787260979
2069-02-23,0.0630984101515605
2069-02-24,0.0451800212735434
2069-02-25,0.0333076396486038
2069-02-26,0.0311117672290431
2069-02-27,0.0322754091006743
2069-02-28,0.0335517575654468
2069-03-01,0.0346626680787237
2069-03-02,0.0342494969351222
2069-03-03,0.0300521524153801
2069-03-04,0.0257894555193913
2069-03-05,0.0224557163882927
2069-03-06,0.0192166105960337
2069-03-07,0.0164107712753875
2069-03-08,0.0140765614589491
2069-03-09,0.0121178395056408
2069-03-10,0.010435375641018
2069-03-11,0.0090478008569852
2069-03-12,0.0078926438096169
2069-03-13,0.0083541697884757
2069-03-14,0.0066495801809777
2069-03-15,0.0072889557054739
2069-03-16,0.010955998059073
2069-03-17,0.0057189709973921
2069-03-18,0.0096842033183557
2069-03-19,0.0061804452685157
2069-03-20,0.0061391519246417
2069-03-21,0.0057876563830418
2069-03-22,0.0053323848151348
2069-03-23,0.0069750600701018
2069-03-24,0.0064759751819728
2069-03-25,0.0190756799908992
2069-03-26,0.0273681490354107
2069-03-27,0.0194687045115398
2069-03-28,0.0215284142167346
2069-03-29,0.0179121866702911
2069-03-30,0.0164612144573024
2069-03-31,0.0146813407094474
2069-04-01,0.012869716540029
2069-04-02,0.0111884196490431
2069-04-03,0.0141469223283244
2069-04-04,0.010978231048004
2069-04-05,0.0095902490833064
2069-04-06,0.0086023607108742
2069-04-07,0.0078602997885802
2069-04-08,0.0070939377782574
2069-04-09,0.00643282768178
2069-04-10,0.0057846469907528
2069-04-11,0.0051284533820936
2069-04-12,0.0045904213902076
2069-04-13,0.0041056697523811
2069-04-14,0.0036207053642964
2069-04-15,0.0031556050459154
2069-04-16,0.0027274923492029
2069-04-17,0.0023158353358359
2069-04-18,0.0019510567855209
2069-04-19,0.0016381489526859
2069-04-20,0.0013750148091471
2069-04-21,0.0011609742309663
2069-04-22,0.0009920585479676
2069-04-23,0.0008355592757895
2069-04-24,0.0006983928926179
2069-04-25,0.0005887520439226
2069-04-26,0.0005115452271567
2069-04-27,0.0013584803208353
2069-04-28,0.000454713779451
2069-04-29,0.0004329435341376
2069-04-30,0.0004164323923869
2069-05-01,0.0004089715968947
2069-05-02,0.0004055179985518
2069-05-03,0.0004019182653525
2069-05-04,0.000398174379202
2069-05-05,0.00039477910366
2069-05-06,0.0003921841670716
2069-05-07,0.0055733213216076
2069-05-08,0.0003906414739644
2069-05-09,0.0003889465692982
2069-05-10,0.0003865470167291
2069-05-11,0.0003842267568901
2069-05-12,0.0003812778758572
2069-05-13,0.0003779679010772
2069-05-14,0.0003745517030101
2069-05-15,0.0003712192938079
2069-05-16,0.0003682818848678
2069-05-17,0.000365316744999
2069-05-18,0.0003618116121281
2069-05-19,0.0003581778962189
2069-05-20,0.0003544081947055
2069-05-21,0.0003508637922964
2069-05-22,0.0003474916437553
2069-05-23,0.0003445701628263
2069-05-24,0.0003419364319902
2069-05-25,0.0003381284835792
2069-05-26,0.0003339629505953
2069-05-27,0.0003296754652631
2069-05-28,0.0003253525017571
2069-05-29,0.0003210657630653
2069-05-30,0.0003168520691854
2069-05-31,0.0003124712599464
2069-06-01,0.0003079458471543
2069-06-02,0.0003032469800188
2069-06-03,0.0002984218757494
2069-06-04,0.0002936243715901
2069-06-05,0.0002887689015361
2069-06-06,0.0002838190137535
2069-06-07,0.0002788602190704
2069-06-08,0.0002740842216604
2069-06-09,0.0002694667686801
2069-06-10,0.000264641508738
2069-06-11,0.0002597830137889
2069-06-12,0.0002552318352268
2069-06-13,0.0002508143227745
2069-06-14,0.0002465550486891
2069-06-15,0.0002424806087072
2069-06-16,0.0002388440168109
2069-06-17,0.0002351994842504
2069-06-18,0.0002317723076215
2069-06-19,0.000228291617186
2069-06-20,0.0002246043754825
2069-06-21,0.0002208935964872
2069-06-22,0.0002170792466444
2069-06-23,0.0002134772723991
2069-06-24,0.0002099413752451
2069-06-25,0.0002065466780178
2069-06-26,0.0002032342268436
2069-06-27,0.0001998572650075
2069-06-28,0.0001966856534964
2069-06-29,0.000193751446041
2069-06-30,0.0001910017254196
2069-07-01,0.0001886437678874
2069-07-02,0.0001863346325191
2069-07-03,0.0001839278377444
2069-07-04,0.0001816710933036
2069-07-05,0.0001795502089991
2069-07-06,0.0001777242427682
2069-07-07,0.00017605705279
2069-07-08,0.0001745990395509
2069-07-09,0.0001732614767479
2069-07-10,0.0001718096312808
2069-07-11,0.0001703742078732
2069-07-12,0.0001689943444373
2069-07-13,0.0001676217973877
2069-07-14,0.000166371221459
2069-07-15,0.0001653418879328
2069-07-16,0.0001644195538145
2069-07-17,0.0001635612265788
2069-07-18,0.0001627714036769
2069-07-19,0.0001621205517676
2069-07-20,0.0001615647734245
2069-07-21,0.0001610272526847
2069-07-22,0.0001605164806714
2069-07-23,0.0001600667003352
2069-07-24,0.0001596857199931
2069-07-25,0.0001592675612183
2069-07-26,0.000158879761304
2069-07-27,0.0001585530826963
2069-07-28,0.0001581862832496
2069-07-29,0.0001578246282096
2069-07-30,0.0001575477560886
2069-07-31,0.0001572974601239
2069-08-01,0.0001570647711511
2069-08-02,0.0001569487052718
2069-08-03,0.0001568632554741
2069-08-04,0.0001567778363425
2069-08-05,0.0001566923865448
2069-08-06,0.0001566057121039
2069-08-07,0.0001565202929723
2069-08-08,0.0001564348431746
2069-08-09,0.000156349424043
2069-08-10,0.0001562639742453
2069-08-11,0.0001561785551137
2069-08-12,0.000156093105316
2069-08-13,0.0001560089108276
2069-08-14,0.0001559240146742
2069-08-15,0.0001558385648766
2069-08-16,0.0001557531457449
2069-08-17,0.0001556677266132
2069-08-18,0.0001555827997938
2069-08-19,0.0001554986053054
2069-08-20,0.000155413709152
2069-08-21,0.0001553282900204
2069-08-22,0.000155244095532
2069-08-23,0.0001551591687126
2069-08-24,0.0001550737495809
2069-08-25,0.0001549900780708
2069-08-26,0.0001549046589391
2069-08-27,0.0001548209874289
2069-08-28,0.0001547360912755
2069-08-29,0.0001546518967871
2069-08-30,0.0001545670006337
2069-08-31,0.0001544828061453
2069-09-01,0.0001543979099919
2069-09-02,0.0001543142691477
2069-09-03,0.0001542305976376
2069-09-04,0.0001541451785059
2069-09-05,0.0001540615069958
2069-09-06,0.0001539778354856
2069-09-07,0.0001538929699982
2069-09-08,0.000153809298488
2069-09-09,0.0001537256269779
2069-09-10,0.0001536419861337
2069-09-11,0.0001535583146236
2069-09-12,0.0001534734184702
2069-09-13,0.000153389777626
2069-09-14,0.0001533061061158
2069-09-15,0.0001532224652717
2069-09-16,0.0001531387937615
2069-09-17,0.0001530551529174
2069-09-18,0.0001529714814072
2069-09-19,0.0001528878405631
2069-09-20,0.0001528041997189
2069-09-21,0.0001527205282087
2069-09-22,0.0001526386349861
2069-09-23,0.0001525549941419
2069-09-24,0.0001524713226318
2069-09-25,0.0001523882047658
2069-09-26,0.0001523045639217
2069-09-27,0.0001522221477208
2069-09-28,0.0001521390298548
2069-09-29,0.0002086311438075
2069-09-30,0.0021272294238746
2069-10-01,0.0001623932158518
2069-10-02,0.0001518067064119
2069-10-03,0.0001517248438553
2069-10-04,0.0001516429506326
2069-10-05,0.0001515598327667
2069-10-06,0.0001514774165658
2069-10-07,0.0001513955233431
2069-10-08,0.0001513124361432
2069-10-09,0.0079451215298729
2069-10-10,0.0040301297349005
2069-10-11,0.018387808810073
2069-10-12,0.0352049289888415
2069-10-13,0.0107198428395836
2069-10-14,0.0002632070422389
2069-10-15,0.000270686855703
2069-10-16,0.000273161455773
2069-10-17,0.0002739945680461
2069-10-18,0.0002743505647809
2069-10-19,0.0002746881022465
2069-10-20,0.0002743281540993
2069-10-21,0.0002738073815794
2069-10-22,0.0162720907858251
2069-10-23,0.0002897800442429
2069-10-24,0.0002981699320702
2069-10-25,0.0003013161248319
2069-10-26,0.0003028272053896
2069-10-27,0.0003035229961355
2069-10-28,0.0003038258699964
2069-10-29,0.0003243099191366
2069-10-30,0.0003038360046757
2069-10-31,0.0003032028512921
2069-11-01,0.0003023519960704
2069-11-02,0.0003013111944474
2069-11-03,0.0003000800109825
2069-11-04,0.0002986994480968
2069-11-05,0.0002973028291025
2069-11-06,0.000295988490563
2069-11-07,0.0002948098027657
2069-11-08,0.000293720991882
2069-11-09,0.0002926263775656
2069-11-10,0.0002913808901567
2069-11-11,0.0002899115617246
2069-11-12,0.0002884195089038
2069-11-13,0.0002869357632103
2069-11-14,0.0002855473940901
2069-11-15,0.0002844531379961
2069-11-16,0.0002834826860999
2069-11-17,0.0002824140051429
2069-11-18,0.0153715963166921
2069-11-19,0.0087630413417473
2069-11-20,0.0492090933904467
2069-11-21,0.0068841554874094
2069-11-22,0.0118186437295131
2069-11-23,0.0115202743838037
2069-11-24,0.0029519729445502
2069-11-25,0.004109193106719
2069-11-26,0.005587953155308
2069-11-27,0.0056150867799157
2069-11-28,0.004269473475372
2069-11-29,0.0043244292671894
2069-11-30,0.004219191821522
2069-12-01,0.004050301684047
2069-12-02,0.0038435679820613
2069-12-03,0.0036376012521505
2069-12-04,0.0034324227170891
2069-12-05,0.0033668109103431
2069-12-06,0.0030930037612724
2069-12-07,0.0029023402971038
2069-12-08,0.0026936728576154
2069-12-09,0.0024942958341309
2069-12-10,0.0023031612000835
2069-12-11,0.0021191312846398
2069-12-12,0.0019481413033741
2069-12-13,0.001799640170858
2069-12-14,0.0016697035384813
2069-12-15,0.0015456399053511
2069-12-16,0.0014306942370965
2069-12-17,0.0013208850615264
2069-12-18,0.0012206487922512
2069-12-19,0.0059061862630411
2069-12-20,0.0011457270969686
2069-12-21,0.0011368447936989
2069-12-22,0.0014236278789282
2069-12-23,0.0394273191385366
2069-12-24,0.0805591952049425
2069-12-25,0.1025815304374049
2069-12-26,0.0298881010165566
2069-12-27,0.0296257474160318
2069-12-28,0.0286737665508233
2069-12-29,0.0268714309804448
2069-12-30,0.1076289461952948
2069-12-31,0.1240550362969136
2070-01-01,0.1864798652576302
2070-01-02,0.0362918021109113
2070-01-03,0.0299513405906898
2070-01-04,0.0299513405906898
2070-01-05,0.0351486465309492
2070-01-06,0.028465603071005
2070-01-07,0.0252674481660165
2070-01-08,0.0218312691184409
2070-01-09,0.0188017114562334
2070-01-10,0.0282806906549582
2070-01-11,0.0243825141714299
2070-01-12,0.0225429802229317
2070-01-13,0.0192772399570244
2070-01-14,0.0198070043694551
2070-01-15,0.023841706594764
2070-01-16,0.0170472069989209
2070-01-17,0.0162888774767808
2070-01-18,0.0147274568053264
2070-01-19,0.0130943707575213
2070-01-20,0.0115657773615788
2070-01-21,0.0139231827985085
2070-01-22,0.0140025177394185
2070-01-23,0.0233997513034011
2070-01-24,0.0175118659564432
2070-01-25,0.0154723867448254
2070-01-26,0.0148696249284989
2070-01-27,0.0136468234690223
2070-01-28,0.0123071095665361
2070-01-29,0.0110153051026687
2070-01-30,0.0098306443849807
2070-01-31,0.0093346412714469
2070-02-01,0.0104525956794195
2070-02-02,0.0075127420207171
2070-02-03,0.0069852922924559
2070-02-04,0.0064567751356419
2070-02-05,0.0059136292282924
2070-02-06,0.0053964281094802
2070-02-07,0.0059459120470454
2070-02-08,0.0046816319266935
2070-02-09,0.0043629391942758
2070-02-10,0.0100616277596669
2070-02-11,0.0108998805221002
2070-02-12,0.0055946499622744
2070-02-13,0.0061055588936565
2070-02-14,0.00637304730339
2070-02-15,0.007271349599832
2070-02-16,0.0093237572873664
2070-02-17,0.0060478864025785
2070-02-18,0.006000244576183
2070-02-19,0.0057434930502343
2070-02-20,0.0054328888943344
2070-02-21,0.0051177590946758
2070-02-22,0.0048007169549188
2070-02-23,0.0044804670175515
2070-02-24,0.0041411410338566
2070-02-25,0.003803150957069
2070-02-26,0.0034790842578346
2070-02-27,0.0031750598290649
2070-02-28,0.0029117688267038
2070-03-01,0.0027048265902578
2070-03-02,0.0031714649545141
2070-03-03,0.0024238185573057
2070-03-04,0.0212831470758615
2070-03-05,0.0634564630188479
2070-03-06,0.0557919886044175
2070-03-07,0.1863165548598341
2070-03-08,0.0407615877220245
2070-03-09,0.0359339114816985
2070-03-10,0.0421537388231354
2070-03-11,0.0682222531826165
2070-03-12,0.0299513405906898
2070-03-13,0.0299513405906898
2070-03-14,0.0295610523198682
2070-03-15,0.0269913905059685
2070-03-16,0.0229921015085437
2070-03-17,0.0193471254400514
2070-03-18,0.0162887951151233
2070-03-19,0.0137784450939815
2070-03-20,0.0117209306029087
2070-03-21,0.0100240840613606
2070-03-22,0.0137910471279682
2070-03-23,0.0130281322737574
2070-03-24,0.0086734626388239
2070-03-25,0.0086037725066878
2070-03-26,0.0080822749189456
2070-03-27,0.0073639391295162
2070-03-28,0.0065972333206642
2070-03-29,0.0058403598781523
2070-03-30,0.0051609620085834
2070-03-31,0.0046280953198275
2070-04-01,0.0044480845777785
2070-04-02,0.0038528560873869
2070-04-03,0.0034710480408014
2070-04-04,0.0030816337943376
2070-04-05,0.0027346561056103
2070-04-06,0.0024415249691029
2070-04-07,0.0021716630408352
2070-04-08,0.0019016177389064
2070-04-09,0.0016413961074077
2070-04-10,0.003242906985457
2070-04-11,0.0014060033828699
2070-04-12,0.0012750823993206
2070-04-13,0.0011060608520882
2070-04-14,0.0009398202346594
2070-04-15,0.000798807437085
2070-04-16,0.0009251213351938
2070-04-17,0.0006515099054625
2070-04-18,0.0005705491978705
2070-04-19,0.0005048591310638
2070-04-20,0.0020221270329293
2070-04-21,0.0029792583417299
2070-04-22,0.0026415936995862
2070-04-23,0.001494097601988
2070-04-24,0.0005028082709898
2070-04-25,0.0004927755356418
2070-04-26,0.0004707196210002
2070-04-27,0.0004481634799207
2070-04-28,0.0004290143811995
2070-04-29,0.0004167839145512
2070-04-30,0.0004086153780731
2070-05-01,0.0004052458439876
2070-05-02,0.0004019458435915
2070-05-03,0.0003985273358025
2070-05-04,0.0003951429883954
2070-05-05,0.0003920257897358
2070-05-06,0.0003888302266078
2070-05-07,0.000385301162836
2070-05-08,0.0003814353186467
2070-05-09,0.0003776466384059
2070-05-10,0.0003739824595677
2070-05-11,0.0003702021068832
2070-05-12,0.00036648979489
2070-05-13,0.000362573248056
2070-05-14,0.0003587894017881
2070-05-15,0.0003553870908262
2070-05-16,0.0003526427576645
2070-05-17,0.0003492219279371
2070-05-18,0.0003454057951011
2070-05-19,0.0003414114092025
2070-05-20,0.0003378162462124
2070-05-21,0.000334196389626
2070-05-22,0.0003297912581784
2070-05-23,0.0003253439217518
2070-05-24,0.0003209502283353
2070-05-25,0.0003165844011707
2070-05-26,0.0003119815511074
2070-05-27,0.0003071610152164
2070-05-28,0.0003025781716083
2070-05-29,0.0002980488470712
2070-05-30,0.0002933310089814
2070-05-31,0.0002884697286119
2070-06-01,0.000283770681299
2070-06-02,0.0002795402431537
2070-06-03,0.000275521093705
2070-06-04,0.0002713313865301
2070-06-05,0.0002669660030433
2070-06-06,0.0002626433781796
2070-06-07,0.0002579280871509
2070-06-08,0.0002529476470263
2070-06-09,0.0002483060654242
2070-06-10,0.0002437207272832
2070-06-11,0.0002396799472197
2070-06-12,0.000235922569135
2070-06-13,0.0002320369695473
2070-06-14,0.0002281224099275
2070-06-15,0.0002241560514189
2070-06-16,0.0002203284345438
2070-06-17,0.0002167160100771
2070-06-18,0.0002131475034691
2070-06-19,0.0002097497241848
2070-06-20,0.0002065580653177
2070-06-21,0.000203224032042
2070-06-22,0.0002001064397734
2070-06-23,0.0001975523961487
2070-06-24,0.000195833469557
2070-06-25,0.0001938897229667
2070-06-26,0.0001912269984863
2070-06-27,0.0001882438849821
2070-06-28,0.0001852917293871
2070-06-29,0.0001824869595389
2070-06-30,0.0001801931147736
2070-07-01,0.0001784058529695
2070-07-02,0.0001767503205706
2070-07-03,0.0001752702522854
2070-07-04,0.0001739777898481
2070-07-05,0.0001727673870455
2070-07-06,0.0001715154731561
2070-07-07,0.0001699675474511
2070-07-08,0.0001682455528494
2070-07-09,0.000166828708059
2070-07-10,0.0001657891562587
2070-07-11,0.0001649819688443
2070-07-12,0.0001642836956788
2070-07-13,0.0001635978713332
2070-07-14,0.0001628345109685
2070-07-15,0.0001620136602864
2070-07-16,0.0001612048135542
2070-07-17,0.0001605148957244
2070-07-18,0.0001599055365107
2070-07-19,0.0001593118314763
2070-07-20,0.0001588175784068
2070-07-21,0.0001584062211529
2070-07-22,0.0001579141953196
2070-07-23,0.0001576186983693
2070-07-24,0.0001573129867976
2070-07-25,0.0001570364579915
2070-07-26,0.0001569510081939
2070-07-27,0.0001568655583963
2070-07-28,0.0001567801392646
2070-07-29,0.0001566946894669
2070-07-30,0.0001566092703353
2070-07-31,0.0001565225958944
2070-08-01,0.0001564371767627
2070-08-02,0.0001563517269651
2070-08-03,0.0001562663078334
2070-08-04,0.0001561808580358
2070-08-05,0.0001560966635474
2070-08-06,0.000156011736728
2070-08-07,0.0001559263175963
2070-08-08,0.0001558408984647
2070-08-09,0.000155755448667
2070-08-10,0.0001556705525136
2070-08-11,0.0001555851333819
2070-08-12,0.0001555009388936
2070-08-13,0.0001554160120741
2070-08-14,0.0001553305929425
2070-08-15,0.0001552469214323
2070-08-16,0.0001551615023007
2070-08-17,0.0001550766061473
2070-08-18,0.0001549924116589
2070-08-19,0.0001549075155054
2070-08-20,0.0001548233210171
2070-08-21,0.0001547384248636
2070-08-22,0.0001546542303753
2070-08-23,0.0001545693342218
2070-08-24,0.0001544856627117
2070-08-25,0.00015440024358
2070-08-26,0.0001543165720699
2070-08-27,0.0001542329005597
2070-08-28,0.0001541480350723
2070-08-29,0.0001540638405839
2070-08-30,0.0001539801690737
2070-08-31,0.0001538952729203
2070-09-01,0.0001538116320762
2070-09-02,0.000153727960566
2070-09-03,0.0001536442890559
2070-09-04,0.0001535606482117
2070-09-05,0.0001534757520583
2070-09-06,0.0001533921112141
2070-09-07,0.000153308439704
2070-09-08,0.0001532247988598
2070-09-09,0.0001531411273496
2070-09-10,0.0001530574865055
2070-09-11,0.0001529738149953
2070-09-12,0.0001528901741512
2070-09-13,0.000152806502641
2070-09-14,0.0001527233847751
2070-09-15,0.0001526409685742
2070-09-16,0.000152557297064
2070-09-17,0.0001524736562199
2070-09-18,0.0001523905383539
2070-09-19,0.0001531189329435
2070-09-20,0.0001522244506429
2070-09-21,0.000152141332777
2070-09-22,0.0001523355564745
2070-09-23,0.0001519757987101
2070-09-24,0.000151892157866
2070-09-25,0.0001518090400001
2070-09-26,0.0001517266237992
2070-09-27,0.0001516435059332
2070-09-28,0.0001515610897323
2070-09-29,0.0001514779718664
2070-09-30,0.0001513955556655
2070-10-01,0.0001513124377996
2070-10-02,0.0001512305445769
2070-10-03,0.0001511469037328
2070-10-04,0.0001510650411761
2070-10-05,0.0001509831479534
2070-10-06,0.0001509000300875
2070-10-07,0.0001508181368649
2070-10-08,0.0001507357513299
2070-10-09,0.000150652633464
2070-10-10,0.0001505707402414
2070-10-11,0.0001504888776847
2070-10-12,0.000150406984462
2070-10-13,0.0001503250912394
2070-10-14,0.0001502420040394
2070-10-15,0.0001501601108168
2070-10-16,0.0001500782482601
2070-10-17,0.0001499963550374
2070-10-18,0.0001499144924808
2070-10-19,0.0001498325992581
2070-10-20,0.0001497507367014
2070-10-21,0.0001496688741448
2070-10-22,0.0001495869809221
2070-10-23,0.0001495056413437
2070-10-24,0.000149423778787
2070-10-25,0.0001493431102076
2070-10-26,0.000149261247651
2070-10-27,0.0001491799080725
2070-10-28,0.0001490980455158
2070-10-29,0.0001490161829592
2070-10-30,0.000148936037358
2070-10-31,0.0001488541748014
2070-11-01,0.0012575219337616
2070-11-02,0.0001497862677771
2070-11-03,0.0001486103347528
2070-11-04,0.0001485289951744
2070-11-05,0.000148448357261
2070-11-06,0.0072165556537859
2070-11-07,0.0003197488823415
2070-11-08,0.0001485808060426
2070-11-09,0.0001487828607114
2070-11-10,0.0001489794938288
2070-11-11,0.0001491622195809
2070-11-12,0.0001493287673679
2070-11-13,0.0001494815251443
2070-11-14,0.000149620031264
2070-11-15,0.0001497422980866
2070-11-16,0.0001498532855172
2070-11-17,0.0001499504829372
2070-11-18,0.0001500346533437
2070-11-19,0.000150106289049
2070-11-20,0.0002685028906422
2070-11-21,0.0003508276678346
2070-11-22,0.0001502856103671
2070-11-23,0.0001503413948149
2070-11-24,0.0001503954316412
2070-11-25,0.0001504441949369
2070-11-26,0.0001504882076804
2070-11-27,0.0001505274392056
2070-11-28,0.0001505613665344
2070-11-29,0.0001505892880016
2070-11-30,0.0007782300324561
2070-12-01,0.0151252712167486
2070-12-02,0.0002225403467361
2070-12-03,0.0003889875566024
2070-12-04,0.000211125201255
2070-12-05,0.0001763108022932
2070-12-06,0.0001780850232325
2070-12-07,0.0001793181536919
2070-12-08,0.0001802304469893
2070-12-09,0.0001808901236918
2070-12-10,0.0001813560328911
2070-12-11,0.0001817531319041
2070-12-12,0.0096447345879468
2070-12-13,0.0061444714938691
2070-12-14,0.0015763381719207
2070-12-15,0.0002099885589145
2070-12-16,0.0002142262033137
2070-12-17,0.0016091969868088
2070-12-18,0.0002195073514217
2070-12-19,0.0002215608366282
2070-12-20,0.0002227471749045
2070-12-21,0.0002235401488791
2070-12-22,0.0002240586454455
2070-12-23,0.0002243736174166
2070-12-24,0.0002244641661336
2070-12-25,0.0002243004487486
2070-12-26,0.0002240599084353
2070-12-27,0.0002238879485264
2070-12-28,0.0002237670507152
2070-12-29,0.0002235997027671
2070-12-30,0.0002232884284231
2070-12-31,0.0002228403240567
2071-01-01,0.0002222637994114
2071-01-02,0.0002216496706623
2071-01-03,0.0002210637344465
2071-01-04,0.0185023007943451
2071-01-05,0.0157507233081333
2071-01-06,0.0002685588882794
2071-01-07,0.0002777720592588
2071-01-08,0.0055940467057174
2071-01-09,0.0002887133921564
2071-01-10,0.0002933718414826
2071-01-11,0.004855255358003
2071-01-12,0.0003013092586091
2071-01-13,0.0003052930938967
2071-01-14,0.0003072605280615
2071-01-15,0.0003083375538654
2071-01-16,0.0003088756719115
2071-01-17,0.0003090796076964
2071-01-18,0.0003091118976654
2071-01-19,0.0003091554878816
2071-01-20,0.0003092735654002
2071-01-21,0.0003428298033813
2071-01-22,0.0388957682070877
2071-01-23,0.0064194084162475
2071-01-24,0.0003779813909839
2071-01-25,0.0005647586070165
2071-01-26,0.0003885524577984
2071-01-27,0.0028658875372705
2071-01-28,0.0069164523002444
2071-01-29,0.0121926510455714
2071-01-30,0.0014340513967861
2071-01-31,0.0019377979103868
2071-02-01,0.0037500477071675
2071-02-02,0.0152820131418737
2071-02-03,0.0209320144136772
2071-02-04,0.0092728125681191
2071-02-05,0.0118425876322199
2071-02-06,0.0146753081067314
2071-02-07,0.012496427349947
2071-02-08,0.0139673732904132
2071-02-09,0.0146865306863824
2071-02-10,0.0448537426097776
2071-02-11,0.0258722669641955
2071-02-12,0.0272642476758467
2071-02-13,0.0276158044587609
2071-02-14,0.0279663345191364
2071-02-15,0.0241139525744242
2071-02-16,0.0274928725042489
2071-02-17,0.0215658869735353
2071-02-18,0.0194149639969085
2071-02-19,0.017328398665176
2071-02-20,0.0153279020181592
2071-02-21,0.0135234697667203
2071-02-22,0.0153819940389646
2071-02-23,0.0122460417241656
2071-02-24,0.0128911547650526
2071-02-25,0.0154661533794578
2071-02-26,0.0158728447252044
2071-02-27,0.0244023501768502
2071-02-28,0.0258922032198911
2071-03-01,0.0291310029496712
2071-03-02,0.0333061937742471
2071-03-03,0.0278395149124694
2071-03-04,0.0320949085098152
2071-03-05,0.0249831189004244
2071-03-06,0.0240874424472546
2071-03-07,0.0387975954757482
2071-03-08,0.032131935775904
2071-03-09,0.026274105217201
2071-03-10,0.0233784335303953
2071-03-11,0.0201310385649274
2071-03-12,0.0220581809734138
2071-03-13,0.0159864583185756
2071-03-14,0.0239012408469079
2071-03-15,0.0175607438629805
2071-03-16,0.015751226888718
2071-03-17,0.0143748091950861
2071-03-18,0.0127290937627898
2071-03-19,0.0297289002286145
2071-03-20,0.0151821306423231
2071-03-21,0.0151393713992382
2071-03-22,0.0136582125491566
2071-03-23,0.0263958187843255
2071-03-24,0.0349979458921885
2071-03-25,0.0312888975384534
2071-03-26,0.0248673960418334
2071-03-27,0.0226365802191378
2071-03-28,0.0295241346254941
2071-03-29,0.0225615936815668
2071-03-30,0.0281450650347732
2071-03-31,0.0274833774841867
2071-04-01,0.0411517424463395
2071-04-02,0.0301322368545804
2071-04-03,0.0269707526487311
2071-04-04,0.0232361057110466
2071-04-05,0.0195292876732151
2071-04-06,0.0164301310607193
2071-04-07,0.0142843678085952
2071-04-08,0.0169085571608588
2071-04-09,0.0114429703080596
2071-04-10,0.0104540775449384
2071-04-11,0.0094596105510999
2071-04-12,0.0094613121409669
2071-04-13,0.0095654977326659
2071-04-14,0.0075498773313632
2071-04-15,0.0071824290942744
2071-04-16,0.0076464996787038
2071-04-17,0.0062220081254144
2071-04-18,0.005631329243968
2071-04-19,0.0056284080083961
2071-04-20,0.0210538525317507
2071-04-21,0.01089843819297
2071-04-22,0.0095285793387136
2071-04-23,0.009237879112503
2071-04-24,0.0084116416222685
2071-04-25,0.0074474808974891
2071-04-26,0.0065193604140219
2071-04-27,0.0056559238422081
2071-04-28,0.0048574939674712
2071-04-29,0.0041107162293655
2071-04-30,0.0034729527583376
2071-05-01,0.0029292632812775
2071-05-02,0.0025276591884853
2071-05-03,0.0022581713832668
2071-05-04,0.0019498862445635
2071-05-05,0.0016517755222989
2071-05-06,0.0013706814353841
2071-05-07,0.0011262259462066
2071-05-08,0.0009248441861494
2071-05-09,0.0007461273838237
2071-05-10,0.000599520816435
2071-05-11,0.0004991753499807
2071-05-12,0.0004437408643664
2071-05-13,0.0004176039700262
2071-05-14,0.0004092590044287
2071-05-15,0.0004052066028949
2071-05-16,0.0004011756481446
2071-05-17,0.0003970847902329
2071-05-18,0.0003928650095347
2071-05-19,0.0003886222431925
2071-05-20,0.0003843596691295
2071-05-21,0.0010866710944246
2071-05-22,0.0003803538508936
2071-05-23,0.0003770647446983
2071-05-24,0.000372599372722
2071-05-25,0.000368091294108
2071-05-26,0.0003639249394216
2071-05-27,0.0003596140197039
2071-05-28,0.0003550612827042
2071-05-29,0.0003503882375127
2071-05-30,0.000345601627208
2071-05-31,0.0003407153518915
2071-06-01,0.0003359884730716
2071-06-02,0.0003311462042991
2071-06-03,0.0003263343811588
2071-06-04,0.0003218307876386
2071-06-05,0.000317237785349
2071-06-06,0.0003123308489286
2071-06-07,0.0003072910692751
2071-06-08,0.0003022675685465
2071-06-09,0.0002973419092238
2071-06-10,0.0002924189093478
2071-06-11,0.0002873740667501
2071-06-12,0.0002821974092504
2071-06-13,0.0002772301778105
2071-06-14,0.000272249929594
2071-06-15,0.0002673277470432
2071-06-16,0.0002624761758975
2071-06-17,0.0002576822095725
2071-06-18,0.000252810088561
2071-06-19,0.0002480563005405
2071-06-20,0.0002440538907663
2071-06-21,0.0002401105222791
2071-06-22,0.0002362948798801
2071-06-23,0.0002325858856735
2071-06-24,0.0002289071019251
2071-06-25,0.0002253958881336
2071-06-26,0.0002220177400518
2071-06-27,0.0002187197752025
2071-06-28,0.0002153347180143
2071-06-29,0.0002118001550472
2071-06-30,0.0002084642213736
2071-07-01,0.0002051821462209
2071-07-02,0.0002019843514379
2071-07-03,0.0001988695027996
2071-07-04,0.0001958200283987
2071-07-05,0.0001928152045691
2071-07-06,0.0001898703661709
2071-07-07,0.0001871209567143
2071-07-08,0.0001847964999079
2071-07-09,0.0001827417142777
2071-07-10,0.0001807508504563
2071-07-11,0.0001787218607831
2071-07-12,0.0001767339651858
2071-07-13,0.0001751162264975
2071-07-14,0.0001736643944143
2071-07-15,0.0001723479804014
2071-07-16,0.000170833958585
2071-07-17,0.0001690150543292
2071-07-18,0.0001671701115893
2071-07-19,0.0001658388060923
2071-07-20,0.000164464463473
2071-07-21,0.0001630796064137
2071-07-22,0.0001620097193736
2071-07-23,0.0001611287671005
2071-07-24,0.0001601223787033
2071-07-25,0.0001594942581515
2071-07-26,0.0001590669597245
2071-07-27,0.000158611363684
2071-07-28,0.0001581837769885
2071-07-29,0.0001578257074534
2071-07-30,0.0001987428684229
2071-07-31,0.000157373290948
2071-08-01,0.0001572045960742
2071-08-02,0.0001570628126862
2071-08-03,0.0001569773628886
2071-08-04,0.0001568919437569
2071-08-05,0.0001568064939593
2071-08-06,0.0001567205518494
2071-08-07,0.0001566351020517
2071-08-08,0.0001565484582768
2071-08-09,0.0001564630084792
2071-08-10,0.0001563775893475
2071-08-11,0.0001562926625281
2071-08-12,0.0001562084680397
2071-08-13,0.0001561230182421
2071-08-14,0.0001560375991104
2071-08-15,0.0001559521799788
2071-08-16,0.0001558667301811
2071-08-17,0.0001557813110495
2071-08-18,0.000155696414896
2071-08-19,0.0001556122204077
2071-08-20,0.000155526801276
2071-08-21,0.0001554418744566
2071-08-22,0.0001553564553249
2071-08-23,0.0001552722608365
2071-08-24,0.0001551873646831
2071-08-25,0.0001551031701947
2071-08-26,0.0004301158168219
2071-08-27,0.0024689695356607
2071-08-28,0.0003437023286881
2071-08-29,0.0001547655118894
2071-08-30,0.0001546835880007
2071-08-31,0.0001545999471565
2071-09-01,0.0001545167986246
2071-09-02,0.0001544331271145
2071-09-03,0.0001543500092485
2071-09-04,0.0001542663377384
2071-09-05,0.0001541826662282
2071-09-06,0.0001540995176963
2071-09-07,0.0001540158768522
2071-09-08,0.000153932205342
2071-09-09,0.0001538485644978
2071-09-10,0.0001537648929877
2071-09-11,0.0001536817751218
2071-09-12,0.0001535981036116
2071-09-13,0.0001535156567447
2071-09-14,0.0001534320159006
2071-09-15,0.0001533483750564
2071-09-16,0.0001532647035462
2071-09-17,0.0001531815856803
2071-09-18,0.0001530979141702
2071-09-19,0.000153014273326
2071-09-20,0.0001529306324818
2071-09-21,0.0001528469609717
2071-09-22,0.0001527638431058
2071-09-23,0.0001526814269049
2071-09-24,0.0001525977553947
2071-09-25,0.0001525141145505
2071-09-26,0.0001524309966846
2071-09-27,0.0001523473558405
2071-09-28,0.0001522649396396
2071-09-29,0.0001521818217736
2071-09-30,0.0001520981502635
2071-10-01,0.0001520157340626
2071-10-02,0.0001519326161967
2071-10-03,0.0001518501999958
2071-10-04,0.0001517670821298
2071-10-05,0.0001516834412857
2071-10-06,0.000151601548063
2071-10-07,0.0001515179072188
2071-10-08,0.0001514360446622
2071-10-09,0.000151352403818
2071-10-10,0.0001512705105954
2071-10-11,0.0001511886173727
2071-10-12,0.0001511049765285
2071-10-13,0.0001510231139719
2071-10-14,0.0001509412207492
2071-10-15,0.0001508581028833
2071-10-16,0.0001507756866824
2071-10-17,0.0001506938241257
2071-10-18,0.0001506119309031
2071-10-19,0.0001505288437031
2071-10-20,0.0001504469504805
2071-10-21,0.0001503645342796
2071-10-22,0.0001502826717229
2071-10-23,0.0001502007785002
2071-10-24,0.0001501189159436
2071-10-25,0.0001500370227209
2071-10-26,0.0001499551601642
2071-10-27,0.0001498732976076
2071-10-28,0.0001497914043849
2071-10-29,0.0001497100648065
2071-10-30,0.0001496282022498
2071-10-31,0.0001495463090271
2071-11-01,0.0001494644464705
2071-11-02,0.0001646000011559
2071-11-03,0.0001493007213571
2071-11-04,0.0001492193511127
2071-11-05,0.0001491387131993
2071-11-06,0.0001490568506426
2071-11-07,0.000148974988086
2071-11-08,0.0001488948731508
2071-11-09,0.0001488130105941
2071-11-10,0.0001487316710157
2071-11-11,0.0001486510331023
2071-11-12,0.0001485691705456
2071-11-13,0.0001484878309672
2071-11-14,0.0001484071930538
2071-11-15,0.0012913634371194
2071-11-16,0.000148245215562
2071-11-17,0.0010075399299016
2071-11-18,0.0134021092852767
2071-11-19,0.0412403377431396
2071-11-20,0.0002127122881147
2071-11-21,0.0048019974613044
2071-11-22,0.0002333920350019
2071-11-23,0.012063529710607
2071-11-24,0.0036879569654206
2071-11-25,0.0232131630379145
2071-11-26,0.0084568817072477
2071-11-27,0.000466872397821
2071-11-28,0.0003384744003702
2071-11-29,0.0003421227364039
2071-11-30,0.0012670316862607
2071-12-01,0.0003566029770993
2071-12-02,0.0011035501441345
2071-12-03,0.0004981108321482
2071-12-04,0.000694923869611
2071-12-05,0.0006543783604859
2071-12-06,0.0003539307118025
2071-12-07,0.0003544844991925
2071-12-08,0.0003548232364599
2071-12-09,0.0003548193093048
2071-12-10,0.0024117783926084
2071-12-11,0.0003556599152579
2071-12-12,0.0003560335042142
2071-12-13,0.0003561730997483
2071-12-14,0.0003561993187499
2071-12-15,0.0003560805400836
2071-12-16,0.0003557228203647
2071-12-17,0.0003551086874571
2071-12-18,0.0003544611727519
2071-12-19,0.0003539110284184
2071-12-20,0.00035332135002
2071-12-21,0.0003525221056125
2071-12-22,0.0003515825858044
2071-12-23,0.0003505311704378
2071-12-24,0.0003494595351844
2071-12-25,0.0003484580775137
2071-12-26,0.0003473338864911
2071-12-27,0.0003464896512583
2071-12-28,0.0003457214460983
2071-12-29,0.0003448312407663
2071-12-30,0.0003439466385591
2071-12-31,0.0003429038537975
2072-01-01,0.0003417426438301
2072-01-02,0.000340706750591
2072-01-03,0.0003397960153995
2072-01-04,0.0003388982589718
2072-01-05,0.013583290199644
2072-01-06,0.0010030723205083
2072-01-07,0.0003524701086483
2072-01-08,0.0003559915200755
2072-01-09,0.0003580118162415
2072-01-10,0.0003592618709727
2072-01-11,0.0003601551130484
2072-01-12,0.0018486490243434
2072-01-13,0.0003621366925097
2072-01-14,0.0003629214787944
2072-01-15,0.0003634595729659
2072-01-16,0.000363883999408
2072-01-17,0.0003640840839756
2072-01-18,0.0003639516876087
2072-01-19,0.000363430857451
2072-01-20,0.0003628474069645
2072-01-21,0.0003622382352751
2072-01-22,0.0003619054705736
2072-01-23,0.000361654108439
2072-01-24,0.000361288221965
2072-01-25,0.0003610166898083
2072-01-26,0.0014729040973409
2072-01-27,0.0012827437055892
2072-01-28,0.0003612943250922
2072-01-29,0.0003611373328208
2072-01-30,0.0008252441956218
2072-01-31,0.0003820552484023
2072-02-01,0.000361778715268
2072-02-02,0.0003614378417923
2072-02-03,0.000360819664582
2072-02-04,0.0003600765693428
2072-02-05,0.0003592690501305
2072-02-06,0.0003584388249207
2072-02-07,0.0003574663596045
2072-02-08,0.0003563869071137
2072-02-09,0.0003551394319817
2072-02-10,0.0003537410706336
2072-02-11,0.0038803137696492
2072-02-12,0.0003525300543454
2072-02-13,0.0003523924465906
2072-02-14,0.000352025778264
2072-02-15,0.0025706719102311
2072-02-16,0.0003524142214874
2072-02-17,0.0003526477308793
2072-02-18,0.0003525977438338
2072-02-19,0.0003581466872607
2072-02-20,0.0003524032698655
2072-02-21,0.0003526049446076
2072-02-22,0.0028508315366997
2072-02-23,0.0012030932417565
2072-02-24,0.0006484218194835
2072-02-25,0.0004171622670489
2072-02-26,0.0004231587788132
2072-02-27,0.0059723028826633
2072-02-28,0.0007907498308643
2072-02-29,0.0003652715344022
2072-03-01,0.0005033929845801
2072-03-02,0.0004754844523157
2072-03-03,0.0031888440736554
2072-03-04,0.0062820016352022
2072-03-05,0.0005760449272845
2072-03-06,0.0003869202098016
2072-03-07,0.0003891168992768
2072-03-08,0.0003898337517809
2072-03-09,0.0018135070114654
2072-03-10,0.000946638871982
2072-03-11,0.0038627714258404
2072-03-12,0.0004203618402943
2072-03-13,0.0004452436393767
2072-03-14,0.0083198356664942
2072-03-15,0.0043832210946173
2072-03-16,0.0009902302830337
2072-03-17,0.0013390859271961
2072-03-18,0.0018133434151997
2072-03-19,0.0013591045663488
2072-03-20,0.0020051737080137
2072-03-21,0.0013963177160402
2072-03-22,0.0017220405305629
2072-03-23,0.0015941104512213
2072-03-24,0.0079282702566217
2072-03-25,0.0016435477246662
2072-03-26,0.0018676714877094
2072-03-27,0.0083737272344628
2072-03-28,0.0275308823691254
2072-03-29,0.0076215722829967
2072-03-30,0.0085365933656385
2072-03-31,0.0081359738372089
2072-04-01,0.0073924452865157
2072-04-02,0.0065547072866405
2072-04-03,0.0057255772665349
2072-04-04,0.0049660014044397
2072-04-05,0.0044308195751696
2072-04-06,0.0043681348151538
2072-04-07,0.0036759515130143
2072-04-08,0.0032568190403839
2072-04-09,0.0028541055328571
2072-04-10,0.0024407957505969
2072-04-11,0.0020712922423819
2072-04-12,0.0017554032118932
2072-04-13,0.0023259453092599
2072-04-14,0.0033141397814016
2072-04-15,0.0014106788083962
2072-04-16,0.0012463978795096
2072-04-17,0.0010748295018119
2072-04-18,0.0009177059053296
2072-04-19,0.0007795985738329
2072-04-20,0.0006652337185217
2072-04-21,0.0005804428077473
2072-04-22,0.0005188987411725
2072-04-23,0.000472685162219
2072-04-24,0.0032529804580573
2072-04-25,0.0004412193001795
2072-04-26,0.0004295498487274
2072-04-27,0.0004155560098039
2072-04-28,0.0004061645617926
2072-04-29,0.0004023243778449
2072-04-30,0.000399308417252
2072-05-01,0.0003963908324276
2072-05-02,0.0003935000033366
2072-05-03,0.0003905491847354
2072-05-04,0.0003874767069824
2072-05-05,0.000384299611618
2072-05-06,0.0003810064589961
2072-05-07,0.0003775696347357
2072-05-08,0.0003740185183817
2072-05-09,0.0003703029793281
2072-05-10,0.0003664392364398
2072-05-11,0.0003625420740395
2072-05-12,0.0003586667368619
2072-05-13,0.0003545123933927
2072-05-14,0.0003503041452321
2072-05-15,0.0003460473088097
2072-05-16,0.0003417227519057
2072-05-17,0.0003373379294976
2072-05-18,0.0003328718550073
2072-05-19,0.0003285902771235
2072-05-20,0.0003793169662154
2072-05-21,0.0003232053073907
2072-05-22,0.0003199366618722
2072-05-23,0.0003156851283331
2072-05-24,0.0003111668296674
2072-05-25,0.0003067114465647
2072-05-26,0.0003024344192684
2072-05-27,0.0002985913738437
2072-05-28,0.0002947077933762
2072-05-29,0.0002901950856435
2072-05-30,0.0002853754048305
2072-05-31,0.0002804804936828
2072-06-01,0.0002756898770916
2072-06-02,0.0002707233466305
2072-06-03,0.0002658503592397
2072-06-04,0.0002609343563064
2072-06-05,0.0002561255893924
2072-06-06,0.0002516215936266
2072-06-07,0.000247208158899
2072-06-08,0.0002426315792914
2072-06-09,0.0002384056891709
2072-06-10,0.0002344954589339
2072-06-11,0.0002307445926141
2072-06-12,0.0002271073015995
2072-06-13,0.0002234902898042
2072-06-14,0.000220053254694
2072-06-15,0.0002167063872713
2072-06-16,0.0002134699822186
2072-06-17,0.0002103266753663
2072-06-18,0.0002072099254717
2072-06-19,0.0002041996826726
2072-06-20,0.0002013276626077
2072-06-21,0.0001985811915168
2072-06-22,0.0001959553638612
2072-06-23,0.0001934797882052
2072-06-24,0.0001910369908378
2072-06-25,0.0001888521933466
2072-06-26,0.0001867335756045
2072-06-27,0.0001846126565553
2072-06-28,0.0001826448443742
2072-06-29,0.0001808679042679
2072-06-30,0.0001792576378393
2072-07-01,0.000177746967785
2072-07-02,0.0001762320227143
2072-07-03,0.0001748067488572
2072-07-04,0.0001735353363262
2072-07-05,0.0001723096125914
2072-07-06,0.0001709456158761
2072-07-07,0.0001694517633125
2072-07-08,0.0001683372621375
2072-07-09,0.0001671978044546
2072-07-10,0.0001664221330539
2072-07-11,0.0001656517474584
2072-07-12,0.0001647684293928
2072-07-13,0.0001638055668125
2072-07-14,0.0001629612573697
2072-07-15,0.0001623519267395
2072-07-16,0.00016179371869
2072-07-17,0.0001612018503438
2072-07-18,0.0001605914046107
2072-07-19,0.000160065675114
2072-07-20,0.0001595917682926
2072-07-21,0.0001590627394866
2072-07-22,0.0001586624212245
2072-07-23,0.0002437531664818
2072-07-24,0.000158255184891
2072-07-25,0.0001580002663471
2072-07-26,0.0001576983187069
2072-07-27,0.0001573419694337
2072-07-28,0.0001570005691932
2072-07-29,0.0001568600411145
2072-07-30,0.0001567745913169
2072-07-31,0.0001566891415192
2072-08-01,0.0001566037223876
2072-08-02,0.0001565182725899
2072-08-03,0.0001564328534582
2072-08-04,0.0001563479266388
2072-08-05,0.0001562612828639
2072-08-06,0.0001561770577095
2072-08-07,0.0001560916385779
2072-08-08,0.0001560067117585
2072-08-09,0.0001559212926268
2072-08-10,0.0001558358734952
2072-08-11,0.0001557509466757
2072-08-12,0.0001556655275441
2072-08-13,0.0001555801084124
2072-08-14,0.0001554964369023
2072-08-15,0.0001554109871046
2072-08-16,0.0001553260909512
2072-08-17,0.0001552406718196
2072-08-18,0.0001551570003094
2072-08-19,0.0001550715811778
2072-08-20,0.0001549866850243
2072-08-21,0.0001549030135142
2072-08-22,0.0001548175943825
2072-08-23,0.0001547339228724
2072-08-24,0.0001546490267189
2072-08-25,0.0001545648322306
2072-08-26,0.0001544799360771
2072-08-27,0.000154396264567
2072-08-28,0.0001543113684136
2072-08-29,0.0001542271739252
2072-08-30,0.000154143533081
2072-08-31,0.0001540586369276
2072-09-01,0.0001539749654174
2072-09-02,0.0001538912939073
2072-09-03,0.0001538064284199
2072-09-04,0.0001537227569097
2072-09-05,0.0001536390853996
2072-09-06,0.0001535554445554
2072-09-07,0.0001534717730452
2072-09-08,0.0002004331297046
2072-09-09,0.0001533032360477
2072-09-10,0.0001532195952035
2072-09-11,0.0001531359236933
2072-09-12,0.0001530522828492
2072-09-13,0.0001529691343173
2072-09-14,0.0001528854934731
2072-09-15,0.0001528018526289
2072-09-16,0.0001527181811188
2072-09-17,0.0001526350632529
2072-09-18,0.000256857303566
2072-09-19,0.0001792637328281
2072-09-20,0.0001523858576759
2072-09-21,0.0001523022168317
2072-09-22,0.0001522190989658
2072-09-23,0.0001521366520989
2072-09-24,0.0030482607534273
2072-09-25,0.0029424745853183
2072-09-26,0.0020933347220889
2072-09-27,0.0002899285300938
2072-09-28,0.0001521441383873
2072-09-29,0.0001523144846401
2072-09-30,0.0001524746657548
2072-10-01,0.0001526149712742
2072-10-02,0.0001527353092003
2072-10-03,0.0002838861794049
2072-10-04,0.0001529318836237
2072-10-05,0.0001530192698837
2072-10-06,0.000153094804716
2072-10-07,0.0001531567098334
2072-10-08,0.0001532024746171
2072-10-09,0.0001532346096859
2072-10-10,0.0001532543703488
2072-10-11,0.0001532622795842
2072-10-12,0.000153259100389
2072-10-13,0.0001532483586724
2072-10-14,0.0001532290084777
2072-10-15,0.0001532016034492
2072-10-16,0.0001531686235394
2072-10-17,0.0001531313547237
2072-10-18,0.0001530890646709
2072-10-19,0.0001530442333336
2072-10-20,0.0001529938884471
2072-10-21,0.000152941703941
2072-10-22,0.0001528857841732
2072-10-23,0.0001528273844528
2072-10-24,0.0001527689540665
2072-10-25,0.0001527075207494
2072-10-26,0.0001526453244353
2072-10-27,0.0001525813498337
2072-10-28,0.0001745692104845
2072-10-29,0.0056518671343284
2072-10-30,0.000152608249388
2072-10-31,0.0001529772192024
2072-11-01,0.000153344397647
2072-11-02,0.0001536818113522
2072-11-03,0.0001539889066738
2072-11-04,0.0001542644589683
2072-11-05,0.0001545024317085
2072-11-06,0.0001547058278249
2072-11-07,0.0001548778902671
2072-11-08,0.0001550191420135
2072-11-09,0.0001551419828265
2072-11-10,0.0001552531508988
2072-11-11,0.0001553417111297
2072-11-12,0.0002137152202668
2072-11-13,0.0078254227924905
2072-11-14,0.0017192913585421
2072-11-15,0.0004528863744555
2072-11-16,0.0001653429394959
2072-11-17,0.000167664108933
2072-11-18,0.0001692536753512
2072-11-19,0.00017036167758
2072-11-20,0.0001711649691323
2072-11-21,0.000171680728525
2072-11-22,0.0001720576711039
2072-11-23,0.0001723340396496
2072-11-24,0.0001724978522975
2072-11-25,0.0001725562958043
2072-11-26,0.0001725230873812
2072-11-27,0.0001724304332814
2072-11-28,0.0001723777589652
2072-11-29,0.0001724495197951
2072-11-30,0.0001725517960868
2072-12-01,0.0001725426159961
2072-12-02,0.0001723844261329
2072-12-03,0.0001721838579132
2072-12-04,0.0001719752348598
2072-12-05,0.0001717349162568
2072-12-06,0.0001714855712778
2072-12-07,0.0001712702361961
2072-12-08,0.0057756408327972
2072-12-09,0.0009102616660682
2072-12-10,0.0001739049930418
2072-12-11,0.0001753747777696
2072-12-12,0.0001766213332204
2072-12-13,0.0001776119661384
2072-12-14,0.0001782769082998
2072-12-15,0.0001786654189654
2072-12-16,0.0001788924550697
2072-12-17,0.0001790438928889
2072-12-18,0.0001791993190709
2072-12-19,0.0001794198304143
2072-12-20,0.0001795870974055
2072-12-21,0.0001797326377147
2072-12-22,0.000179849251503
2072-12-23,0.0013587508379719
2072-12-24,0.0001804792936427
2072-12-25,0.0001809421452814
2072-12-26,0.0001813916186496
2072-12-27,0.0001818186031462
2072-12-28,0.0002415167907933
2072-12-29,0.0018552490118073
2072-12-30,0.0037670088111809
2072-12-31,0.0059765795934857
2073-01-01,0.0040740736255409
2073-01-02,0.0003837927822949
2073-01-03,0.0002075469302027
2073-01-04,0.0002103987663603
2073-01-05,0.0059031301596173
2073-01-06,0.0067766783637272
2073-01-07,0.0045347801973085
2073-01-08,0.009274500112075
2073-01-09,0.0002603382209467
2073-01-10,0.0012136646220731
2073-01-11,0.004220583879563
2073-01-12,0.0145586996755155
2073-01-13,0.0237795067989455
2073-01-14,0.0533701395622921
2073-01-15,0.0152624778692967
2073-01-16,0.0037489479879809
2073-01-17,0.0044727668196068
2073-01-18,0.0088046197337482
2073-01-19,0.0311658600659102
2073-01-20,0.0465690733343616
2073-01-21,0.0308048961963873
2073-01-22,0.0297971100478057
2073-01-23,0.0254937005839631
2073-01-24,0.023364866230085
2073-01-25,0.0209149638108638
2073-01-26,0.0186163338439083
2073-01-27,0.0166434097843827
2073-01-28,0.0141930774365425
2073-01-29,0.0125675745819307
2073-01-30,0.011192345908747
2073-01-31,0.009944596385708
2073-02-01,0.0088080281370263
2073-02-02,0.0078357927790683
2073-02-03,0.0069716392838708
2073-02-04,0.0062321229047591
2073-02-05,0.0056189466904048
2073-02-06,0.0050932144368267
2073-02-07,0.0046082072866739
2073-02-08,0.0041975225496385
2073-02-09,0.0038571247701723
2073-02-10,0.0050114374612884
2073-02-11,0.00372583405301
2073-02-12,0.0031968793144844
2073-02-13,0.0029788469559326
2073-02-14,0.0027344387477368
2073-02-15,0.0025162781178669
2073-02-16,0.0157409380886914
2073-02-17,0.0087160129846165
2073-02-18,0.0783954585635001
2073-02-19,0.0444961734048727
2073-02-20,0.029627172008744
2073-02-21,0.0287589557750164
2073-02-22,0.0260403214537209
2073-02-23,0.0224341400898458
2073-02-24,0.0192460645544388
2073-02-25,0.0165325096305025
2073-02-26,0.0142127859540173
2073-02-27,0.0122470032140091
2073-02-28,0.0106234508530731
2073-03-01,0.0207270545763084
2073-03-02,0.0100932682798703
2073-03-03,0.0102440680179588
2073-03-04,0.0096911750362541
2073-03-05,0.0089459645565949
2073-03-06,0.0081538896319476
2073-03-07,0.0073787040378537
2073-03-08,0.0066820279150312
2073-03-09,0.0060738148199062
2073-03-10,0.0054792727154938
2073-03-11,0.0062025199436973
2073-03-12,0.007899709742075
2073-03-13,0.004538516829909
2073-03-14,0.0123497136879182
2073-03-15,0.0087375160439883
2073-03-16,0.0065020562845917
2073-03-17,0.0314934229640694
2073-03-18,0.0168478401117271
2073-03-19,0.0155594637988699
2073-03-20,0.0146454137643668
2073-03-21,0.0132375883550974
2073-03-22,0.0352490563706875
2073-03-23,0.0199145244980456
2073-03-24,0.0187639303601124
2073-03-25,0.0168637733200057
2073-03-26,0.0147195831037914
2073-03-27,0.0127241777918887
2073-03-28,0.0110140537522362
2073-03-29,0.0133330121714564
2073-03-30,0.0090856557472644
2073-03-31,0.0084241934715841
2073-04-01,0.0077240060891576
2073-04-02,0.0091873573864408
2073-04-03,0.0066213991064884
2073-04-04,0.0060499671441224
2073-04-05,0.0115374710458356
2073-04-06,0.0057961099580293
2073-04-07,0.0056999244823053
2073-04-08,0.0052777801938961
2073-04-09,0.0047215983683975
2073-04-10,0.0041521403063886
2073-04-11,0.0049620927196803
2073-04-12,0.0072191284637427
2073-04-13,0.0052271647794776
2073-04-14,0.0038046999174533
2073-04-15,0.0089570665346544
2073-04-16,0.00439299651627
2073-04-17,0.0045879330676179
2073-04-18,0.0044564041525091
2073-04-19,0.0040725514699968
2073-04-20,0.0036013046201096
2073-04-21,0.0031429309998307
2073-04-22,0.0072155227826049
2073-04-23,0.0027397408208652
2073-04-24,0.0025991694537851
2073-04-25,0.0023958305053452
2073-04-26,0.0027500344576651
2073-04-27,0.0022169235584402
2073-04-28,0.0024222185418842
2073-04-29,0.002623356632266
2073-04-30,0.001939625255222
2073-05-01,0.0016726165225379
2073-05-02,0.0013898706477574
2073-05-03,0.0011378223998548
2073-05-04,0.0009342734640523
2073-05-05,0.0007680242587654
2073-05-06,0.0028396663973654
2073-05-07,0.0031406551437185
2073-05-08,0.0007008247047078
2073-05-09,0.0006680225222791
2073-05-10,0.0005904003742181
2073-05-11,0.0005195112403647
2073-05-12,0.0004690424609696
2073-05-13,0.0004373059981407
2073-05-14,0.0004172769086647
2073-05-15,0.0004082725185359
2073-05-16,0.0004044598107733
2073-05-17,0.0004006894878654
2073-05-18,0.0003969488201566
2073-05-19,0.0003933295691584
2073-05-20,0.0003894847876177
2073-05-21,0.0003855405920837
2073-05-22,0.0003814904982722
2073-05-23,0.0003831138212342
2073-05-24,0.0003754560144773
2073-05-25,0.0003716587366339
2073-05-26,0.00036774195934
2073-05-27,0.0003638193974307
2073-05-28,0.0003596232123867
2073-05-29,0.0003553080228789
2073-05-30,0.0003510182356394
2073-05-31,0.0003469152483513
2073-06-01,0.0003427302734203
2073-06-02,0.0003384461845748
2073-06-03,0.0015409571785994
2073-06-04,0.000397420302508
2073-06-05,0.0003324573712645
2073-06-06,0.0003288078734515
2073-06-07,0.0003253617486017
2073-06-08,0.0003225876252059
2073-06-09,0.0003195256046397
2073-06-10,0.0003159737605425
2073-06-11,0.0003122335945784
2073-06-12,0.0003082119309031
2073-06-13,0.0003042337749583
2073-06-14,0.0003003851461133
2073-06-15,0.0002962845246529
2073-06-16,0.0002915699822673
2073-06-17,0.0002866547195655
2073-06-18,0.0002818529921183
2073-06-19,0.0002768277139543
2073-06-20,0.0002719137845872
2073-06-21,0.0002670681232709
2073-06-22,0.0002620783536419
2073-06-23,0.0002571408645511
2073-06-24,0.0002524408062677
2073-06-25,0.0002478696293558
2073-06-26,0.0002438557140956
2073-06-27,0.0002399612790933
2073-06-28,0.0002362733691117
2073-06-29,0.0002327476689124
2073-06-30,0.0002292480435921
2073-07-01,0.0002258990697782
2073-07-02,0.0002224142735008
2073-07-03,0.0002189076401521
2073-07-04,0.0002157003155918
2073-07-05,0.0002126510419186
2073-07-06,0.000209766752324
2073-07-07,0.0002068645023151
2073-07-08,0.0002041755385782
2073-07-09,0.000201451122409
2073-07-10,0.0001989869532309
2073-07-11,0.0001964981595202
2073-07-12,0.0001939392962351
2073-07-13,0.0001914735907847
2073-07-14,0.0001889352794032
2073-07-15,0.0001867092739682
2073-07-16,0.0001847169728762
2073-07-17,0.000182885732949
2073-07-18,0.0001810095999265
2073-07-19,0.0001790781592671
2073-07-20,0.0001773216679838
2073-07-21,0.0001758108065037
2073-07-22,0.0001744334874993
2073-07-23,0.0001730807026446
2073-07-24,0.0001717829772122
2073-07-25,0.0001706523110331
2073-07-26,0.0001695708726413
2073-07-27,0.0001683709096989
2073-07-28,0.0001671075475032
2073-07-29,0.000165954605201
2073-07-30,0.0001648328722527
2073-07-31,0.0001640078008377
2073-08-01,0.0001633780380397
2073-08-02,0.0001628465357761
2073-08-03,0.0001623219855595
2073-08-04,0.0001617809638001
2073-08-05,0.0001612353386602
2073-08-06,0.0001606471511679
2073-08-07,0.000159970551424
2073-08-08,0.0001592797871382
2073-08-09,0.0001587733424731
2073-08-10,0.0001584072410387
2073-08-11,0.0001581256911231
2073-08-12,0.000157852100263
2073-08-13,0.0001575854032618
2073-08-14,0.0001573211555471
2073-08-15,0.000322415036511
2073-08-16,0.000156991082993
2073-08-17,0.0001569032145748
2073-08-18,0.0001568177647772
2073-08-19,0.0001567323456455
2073-08-20,0.0001566468958479
2073-08-21,0.0001565614767162
2073-08-22,0.0001564760269186
2073-08-23,0.0001563893831437
2073-08-24,0.000156303933346
2073-08-25,0.0001562185142144
2073-08-26,0.00015613428906
2073-08-27,0.0001560493929066
2073-08-28,0.0001559639737749
2073-08-29,0.0001558785546432
2073-08-30,0.0001557931048456
2073-08-31,0.0001557082086922
2073-09-01,0.0001556227895605
2073-09-02,0.0001555391180504
2073-09-03,0.0001554536989187
2073-09-04,0.0001553682797871
2073-09-05,0.0001552833529676
2073-09-06,0.0001551991584793
2073-09-07,0.0001551142623258
2073-09-08,0.0001550288431942
2073-09-09,0.000154945171684
2073-09-10,0.0001548602755306
2073-09-11,0.0001547761117082
2073-09-12,0.0001546912155548
2073-09-13,0.0001546070210664
2073-09-14,0.000154522124913
2073-09-15,0.0001544384534028
2073-09-16,0.0001543535572494
2073-09-17,0.000154269393427
2073-09-18,0.0001541857219169
2073-09-19,0.0001541008257634
2073-09-20,0.0001540171542533
2073-09-21,0.0001539335134091
2073-09-22,0.0001538486172557
2073-09-23,0.0001537649764115
2073-09-24,0.0001536807819232
2073-09-25,0.000153597110413
2073-09-26,0.0001535134695688
2073-09-27,0.0001534285734154
2073-09-28,0.0001533454555495
2073-09-29,0.0001532618147053
2073-09-30,0.0001531781431952
2073-10-01,0.000153094502351
2073-10-02,0.0001530108308409
2073-10-03,0.0001529271899967
2073-10-04,0.0001528435491525
2073-10-05,0.0001527604006206
2073-10-06,0.0001526767597765
2073-10-07,0.0001525943435756
2073-10-08,0.0001525107027314
2073-10-09,0.0001524275848655
2073-10-10,0.0001523439133553
2073-10-11,0.0001522607954894
2073-10-12,0.0001521783792885
2073-10-13,0.0001520947384443
2073-10-14,0.0001520116205784
2073-10-15,0.0001519279797342
2073-10-16,0.0001518460865116
2073-10-17,0.0001517624456674
2073-10-18,0.0001516805524448
2073-10-19,0.0001515974345788
2073-10-20,0.0001515150183779
2073-10-21,0.000151431931178
2073-10-22,0.0001513482903338
2073-10-23,0.0001512663971112
2073-10-24,0.0001511845038885
2073-10-25,0.0001511013860226
2073-10-26,0.0001510190004877
2073-10-27,0.0001509358826218
2073-10-28,0.0001508539893991
2073-10-29,0.000184581259699
2073-10-30,0.0001506890089765
2073-10-31,0.0001506071157538
2073-11-01,0.0001944726737135
2073-11-02,0.0001504428369963
2073-11-03,0.0001503609744396
2073-11-04,0.0001502778565737
2073-11-05,0.000150195994017
2073-11-06,0.0001501141007943
2073-11-07,0.0007635104036464
2073-11-08,0.0001499508986592
2073-11-09,0.0001498690054366
2073-11-10,0.0001497871428799
2073-11-11,0.0020146541132135
2073-11-12,0.0011063186559599
2073-11-13,0.0031828166249189
2073-11-14,0.0002462282292172
2073-11-15,0.0001495162093906
2073-11-16,0.007098804351088
2073-11-17,0.0110424903080963
2073-11-18,0.0002468842621524
2073-11-19,0.0086719954922306
2073-11-20,0.0002654628890757
2073-11-21,0.0002426359559515
2073-11-22,0.0003221373350619
2073-11-23,0.0003247236965479
2073-11-24,0.0010011609688192
2073-11-25,0.0013608705681981
2073-11-26,0.0095960893515335
2073-11-27,0.000220508579447
2073-11-28,0.0079115282615377
2073-11-29,0.0013580190631458
2073-11-30,0.0403632910748117
2073-12-01,0.0003204388608134
2073-12-02,0.0084224108014033
2073-12-03,0.0272442757961822
2073-12-04,0.0006047068903442
2073-12-05,0.026797875217903
2073-12-06,0.0182921213684793
2073-12-07,0.0052818149210677
2073-12-08,0.0059682447555006
2073-12-09,0.0108756199498694
2073-12-10,0.0092031373194954
2073-12-11,0.0069332093366563
2073-12-12,0.0071381863933048
2073-12-13,0.0067622068319225
2073-12-14,0.0063606605243464
2073-12-15,0.0058947986551353
2073-12-16,0.0054658240816003
2073-12-17,0.0050434002559214
2073-12-18,0.0046137738028978
2073-12-19,0.0042133355462981
2073-12-20,0.0038238769901402
2073-12-21,0.0034766154576604
2073-12-22,0.0031738294255664
2073-12-23,0.0112941894691775
2073-12-24,0.0354893861388583
2073-12-25,0.015034326508643
2073-12-26,0.02014057028386
2073-12-27,0.0193240125209197
2073-12-28,0.0165679527749284
2073-12-29,0.0155576290935725
2073-12-30,0.0140098979698031
2073-12-31,0.0126358005147742
2074-01-01,0.0113397517515408
2074-01-02,0.0122066481415572
2074-01-03,0.0093964026551153
2074-01-04,0.0086516541567937
2074-01-05,0.0079601631468333
2074-01-06,0.0073186762764669
2074-01-07,0.0067312851015969
2074-01-08,0.0061586979834836
2074-01-09,0.0056154141491412
2074-01-10,0.0116799300398259
2074-01-11,0.0052863681022107
2074-01-12,0.0062344433775699
2074-01-13,0.005486907502067
2074-01-14,0.0054103844022051
2074-01-15,0.0052522368887457
2074-01-16,0.0050615485474231
2074-01-17,0.0048547235863935
2074-01-18,0.0046379710520989
2074-01-19,0.0044098688551879
2074-01-20,0.0042089558240922
2074-01-21,0.0060798629045589
2074-01-22,0.0107354115693834
2074-01-23,0.0216441861857566
2074-01-24,0.0249660749502809
2074-01-25,0.0332066369110888
2074-01-26,0.037947426331018
2074-01-27,0.0302134175949645
2074-01-28,0.032654028270795
2074-01-29,0.0311873473193444
2074-01-30,0.0758210543052707
2074-01-31,0.0925452248369251
2074-02-01,0.0299682257829517
2074-02-02,0.0307451135734058
2074-02-03,0.0298111698059051
2074-02-04,0.0281610936997779
2074-02-05,0.0325915874021402
2074-02-06,0.0308884458718023
2074-02-07,0.0278531417418651
2074-02-08,0.0234236663928016
2074-02-09,0.0209671053770399
2074-02-10,0.0182544738428362
2074-02-11,0.0157579715247303
2074-02-12,0.0136061835989124
2074-02-13,0.0117951435370957
2074-02-14,0.0103004135165883
2074-02-15,0.0090523774125625
2074-02-16,0.009108058666179
2074-02-17,0.0094935557565153
2074-02-18,0.0067870957984672
2074-02-19,0.0062272775459411
2074-02-20,0.0057116318155955
2074-02-21,0.0052467421232065
2074-02-22,0.0048332009216239
2074-02-23,0.0072600273212617
2074-02-24,0.0074152117038839
2074-02-25,0.0123291237090622
2074-02-26,0.0062638976916521
2074-02-27,0.0069115258701367
2074-02-28,0.0066165653669697
2074-03-01,0.0063005034367285
2074-03-02,0.0058791879662014
2074-03-03,0.0275390064832608
2074-03-04,0.0737152805159202
2074-03-05,0.0760159546154423
2074-03-06,0.0428653460371619
2074-03-07,0.0305443949046057
2074-03-08,0.0296521410815961
2074-03-09,0.0286048415189818
2074-03-10,0.0260947116862254
2074-03-11,0.0224537120046189
2074-03-12,0.0190678161856217
2074-03-13,0.0162290427168357
2074-03-14,0.0138919916782618
2074-03-15,0.012579444629038
2074-03-16,0.0237791313735926
2074-03-17,0.0159243788504085
2074-03-18,0.0159237637374728
2074-03-19,0.0157131523088473
2074-03-20,0.013515137846417
2074-03-21,0.0123748979048284
2074-03-22,0.0110233048847991
2074-03-23,0.0097343256012261
2074-03-24,0.0085537964407468
2074-03-25,0.0075156144498612
2074-03-26,0.006586539384872
2074-03-27,0.0057802675175371
2074-03-28,0.0050777650030231
2074-03-29,0.0044558637508397
2074-03-30,0.0039057848926034
2074-03-31,0.0034119476057315
2074-04-01,0.0034782554700321
2074-04-02,0.0091520212936823
2074-04-03,0.0051107745077658
2074-04-04,0.0036513419681963
2074-04-05,0.0043340244254416
2074-04-06,0.0035360919009464
2074-04-07,0.0034037774647337
2074-04-08,0.0031541655734249
2074-04-09,0.0028514860169193
2074-04-10,0.0025531162787992
2074-04-11,0.0022666455880224
2074-04-12,0.0020079273029148
2074-04-13,0.0017650172646782
2074-04-14,0.0015409638242411
2074-04-15,0.0013381026444285
2074-04-16,0.0011360931427828
2074-04-17,0.0009628616993115
2074-04-18,0.0008274841470612
2074-04-19,0.0007231893080498
2074-04-20,0.000622448033084
2074-04-21,0.0005425207842914
2074-04-22,0.0004884850933762
2074-04-23,0.0004535326705079
2074-04-24,0.0004310348065334
2074-04-25,0.0004166377313196
2074-04-26,0.0004087981728506
2074-04-27,0.0004057959097135
2074-04-28,0.000403250545121
2074-04-29,0.0004008814006738
2074-04-30,0.0055607831213558
2074-05-01,0.0007962478765353
2074-05-02,0.0003980812975884
2074-05-03,0.0003960784825716
2074-05-04,0.0003933096831298
2074-05-05,0.0003900766815472
2074-05-06,0.000386704128356
2074-05-07,0.0003832461596859
2074-05-08,0.0003796486770387
2074-05-09,0.0003760592152879
2074-05-10,0.0003725600806298
2074-05-11,0.000369037215722
2074-05-12,0.0003650374696456
2074-05-13,0.0003611335057627
2074-05-14,0.0003572087679673
2074-05-15,0.0003534038684357
2074-05-16,0.0003495080050896
2074-05-17,0.0003454523939933
2074-05-18,0.0003416097345671
2074-05-19,0.0003377912642332
2074-05-20,0.0003338235440666
2074-05-21,0.0003298931895999
2074-05-22,0.0003258276513465
2074-05-23,0.000321468079873
2074-05-24,0.0003169993949932
2074-05-25,0.000312581099597
2074-05-26,0.0003080845783653
2074-05-27,0.000303548352155
2074-05-28,0.0002989170486843
2074-05-29,0.0002944045232498
2074-05-30,0.0002899823371826
2074-05-31,0.0002854938245345
2074-06-01,0.0002810669136533
2074-06-02,0.0002763222466493
2074-06-03,0.0002714481065688
2074-06-04,0.0002665902859314
2074-06-05,0.0002623440171714
2074-06-06,0.0002581408350617
2074-06-07,0.0002534591229022
2074-06-08,0.0002488493008993
2074-06-09,0.000244344212206
2074-06-10,0.0002400503669388
2074-06-11,0.000236030337558
2074-06-12,0.000232146535498
2074-06-13,0.0002285415034465
2074-06-14,0.0002250402315475
2074-06-15,0.000221594000298
2074-06-16,0.0002182089508796
2074-06-17,0.0002148750943772
2074-06-18,0.0002115810696377
2074-06-19,0.0002083864441944
2074-06-20,0.0002053955690527
2074-06-21,0.000202771710951
2074-06-22,0.0002001177397396
2074-06-23,0.0001972086593214
2074-06-24,0.0001944986513688
2074-06-25,0.0001917872131175
2074-06-26,0.0001894221967188
2074-06-27,0.0001873985881998
2074-06-28,0.0001854574817216
2074-06-29,0.0001834894073533
2074-06-30,0.0001813544658819
2074-07-01,0.0001789737576309
2074-07-02,0.0001770430698178
2074-07-03,0.000175191728249
2074-07-04,0.0001732474634691
2074-07-05,0.0001714992540359
2074-07-06,0.0001703447234759
2074-07-07,0.0001693020807013
2074-07-08,0.0001682835578725
2074-07-09,0.0001673150863111
2074-07-10,0.0001664452264995
2074-07-11,0.0001656104961483
2074-07-12,0.0001647645047964
2074-07-13,0.0001638669721583
2074-07-14,0.000162824613615
2074-07-15,0.0001617495057928
2074-07-16,0.0001607956919759
2074-07-17,0.0001600550485254
2074-07-18,0.0001595099120036
2074-07-19,0.0001590991738461
2074-07-20,0.0001587411570626
2074-07-21,0.0001583622755575
2074-07-22,0.0001579775869254
2074-07-23,0.0001576945898487
2074-07-24,0.000157425044903
2074-07-25,0.0001571669204047
2074-07-26,0.0001570324848763
2074-07-27,0.0001569470657447
2074-07-28,0.000156861615947
2074-07-29,0.0001567761661494
2074-07-30,0.0001566907470177
2074-07-31,0.0001566052972201
2074-08-01,0.0001565186534452
2074-08-02,0.0001564332036475
2074-08-03,0.0001563477845159
2074-08-04,0.0001562623347182
2074-08-05,0.0001561769155866
2074-08-06,0.0001560927210982
2074-08-07,0.0001560072713005
2074-08-08,0.0001559223751471
2074-08-09,0.0001558369560154
2074-08-10,0.0001557515062178
2074-08-11,0.0001760760387093
2074-08-12,0.000155582415576
2074-08-13,0.0001554969964443
2074-08-14,0.0001554115773127
2074-08-15,0.0001553266811593
2074-08-16,0.0001552424866709
2074-08-17,0.0001551575598515
2074-08-18,0.0001550721407198
2074-08-19,0.0001549884692096
2074-08-20,0.000154903050078
2074-08-21,0.0001548193785678
2074-08-22,0.0001547339594362
2074-08-23,0.000154650318592
2074-08-24,0.0001545654224386
2074-08-25,0.0001544812279502
2074-08-26,0.0001543963317968
2074-08-27,0.0001543126602866
2074-08-28,0.0001542284657982
2074-08-29,0.0001541436003108
2074-08-30,0.0001540599288007
2074-08-31,0.0001539762572905
2074-09-01,0.0006333226205496
2074-09-02,0.0001538071973147
2074-09-03,0.0001537235258045
2074-09-04,0.0001536398849604
2074-09-05,0.0001535562134502
2074-09-06,0.0001534725726061
2074-09-07,0.0001533889010959
2074-09-08,0.0001533040356085
2074-09-09,0.0001532203640983
2074-09-10,0.0001531367232542
2074-09-11,0.000153053051744
2074-09-12,0.0001529694108998
2074-09-13,0.0001528875176772
2074-09-14,0.000152803846167
2074-09-15,0.0001527202053229
2074-09-16,0.0001526365644787
2074-09-17,0.0001525529236345
2074-09-18,0.0001524697751026
2074-09-19,0.0001523861342585
2074-09-20,0.0001523037180576
2074-09-21,0.0001522206001916
2074-09-22,0.0001521369593475
2074-09-23,0.0001520533185033
2074-09-24,0.0001519714252807
2074-09-25,0.0001518877844365
2074-09-26,0.0001518058912138
2074-09-27,0.0001517222503697
2074-09-28,0.0001516391325037
2074-09-29,0.0001515567163029
2074-09-30,0.0001514735984369
2074-10-01,0.0001513917052143
2074-10-02,0.0001513080643701
2074-10-03,0.0001512261711474
2074-10-04,0.0001511442779248
2074-10-05,0.0001510606677466
2074-10-06,0.000150978774524
2074-10-07,0.000150895656658
2074-10-08,0.0001508137941014
2074-10-09,0.0001507313779005
2074-10-10,0.0001506494846778
2074-10-11,0.0001505663974779
2074-10-12,0.0001504845042552
2074-10-13,0.002045419424233
2074-10-14,0.0001503207484759
2074-10-15,0.0001502388859192
2074-10-16,0.0001501569926965
2074-10-17,0.0001500756531181
2074-10-18,0.0001499937905614
2074-10-19,0.0001499119280048
2074-10-20,0.0001498312900914
2074-10-21,0.0001497499505129
2074-10-22,0.0001496680572903
2074-10-23,0.0001495861947336
2074-10-24,0.0001495048551552
2074-10-25,0.0001494242172418
2074-10-26,0.0001493428776633
2074-10-27,0.0001492610151067
2074-10-28,0.00014917915255
2074-10-29,0.0001490990376148
2074-10-30,0.0001490171750582
2074-10-31,0.0001489358354797
2074-11-01,0.0001488551975663
2074-11-02,0.0001487738579879
2074-11-03,0.0001486932200745
2074-11-04,0.0001486118804961
2074-11-05,0.0001485300179394
2074-11-06,0.0001484499030042
2074-11-07,0.0010448600753027
2074-11-08,0.0001482879561784
2074-11-09,0.0001482078412432
2074-11-10,0.0001481265016648
2074-11-11,0.0001480463867296
2074-11-12,0.0001479657794822
2074-11-13,0.0001478844399038
2074-11-14,0.0001478043249686
2074-11-15,0.0001477242406994
2074-11-16,0.0001476441257643
2074-11-17,0.0001475640414951
2074-11-18,0.0001474839265599
2074-11-19,0.0001474026176475
2074-11-20,0.0001473225027123
2074-11-21,0.0018646211027479
2074-11-22,0.0001471635588172
2074-11-23,0.0001470852221695
2074-11-24,0.0001470074085001
2074-11-25,0.0001469290718524
2074-11-26,0.000146851258183
2074-11-27,0.0001467729215353
2074-11-28,0.0001466963631751
2074-11-29,0.0001466180265275
2074-11-30,0.0001465396898798
2074-12-01,0.0001464631315196
2074-12-02,0.0001463847948719
2074-12-03,0.0001463069812025
2074-12-04,0.0001462286752208
2074-12-05,0.0001461520861946
2074-12-06,0.000146073780213
2074-12-07,0.0001459959665435
2074-12-08,0.0001459176298959
2074-12-09,0.0001458405485574
2074-12-10,0.000145762734888
2074-12-11,0.0001456844289063
2074-12-12,0.0001456078398801
2074-12-13,0.0001455295338985
2074-12-14,0.0001454511972508
2074-12-15,0.0001453728912691
2074-12-16,0.0001452950775997
2074-12-17,0.000145216771618
2074-12-18,0.0001451396596136
2074-12-19,0.0026636751996269
2074-12-20,0.0002254048238869
2074-12-21,0.0001449225805663
2074-12-22,0.0001448585875734
2074-12-23,0.000595321190415
2074-12-24,0.0016044464315849
2074-12-25,0.0002859723455463
2074-12-26,0.0002121443720622
2074-12-27,0.0001447229437999
2074-12-28,0.0001447444598988
2074-12-29,0.0001447696192615
2074-12-30,0.000144793584647
2074-12-31,0.0001448162947231
2075-01-01,0.0001448377494901
2075-01-02,0.0001448562013262
2075-01-03,0.0001448704255884
2075-01-04,0.0001448810626095
2075-01-05,0.0001448880257009
2075-01-06,0.0001448906998862
2075-01-07,0.0048207635105607
2075-01-08,0.000145346010004
2075-01-09,0.0050351211314943
2075-01-10,0.0001493716173041
2075-01-11,0.0071862387403165
2075-01-12,0.0107216921949258
2075-01-13,0.0138777895673165
2075-01-14,0.0033372467104672
2075-01-15,0.002595786126327
2075-01-16,0.003131068371403
2075-01-17,0.0042628531522882
2075-01-18,0.0002469281465524
2075-01-19,0.0002533133367012
2075-01-20,0.000257047037275
2075-01-21,0.0003707905440694
2075-01-22,0.0003877302664957
2075-01-23,0.0002661332637217
2075-01-24,0.000757989773817
2075-01-25,0.0046952868200685
2075-01-26,0.005596528509138
2075-01-27,0.0051527081872586
2075-01-28,0.0050372278914464
2075-01-29,0.0029999406484856
2075-01-30,0.0009790607298026
2075-01-31,0.0003138661974935
2075-02-01,0.0019764876651958
2075-02-02,0.0003191160181088
2075-02-03,0.0055681608140153
2075-02-04,0.00496998033014
2075-02-05,0.0199718687879476
2075-02-06,0.0107091477334584
2075-02-07,0.0003945021316551
2075-02-08,0.0004691630656054
2075-02-09,0.0174111951278055
2075-02-10,0.0134112277442291
2075-02-11,0.0034436038881831
2075-02-12,0.0040710302915981
2075-02-13,0.0041300497091445
2075-02-14,0.0040112214389452
2075-02-15,0.0038887581363315
2075-02-16,0.006571069636242
2075-02-17,0.0036302139982132
2075-02-18,0.0035122874192988
2075-02-19,0.003341059263539
2075-02-20,0.0031576472783251
2075-02-21,0.0036616315644557
2075-02-22,0.0028863487882584
2075-02-23,0.0027080539264173
2075-02-24,0.0025185908330888
2075-02-25,0.0023385796601204
2075-02-26,0.0021843001627077
2075-02-27,0.002042869130896
2075-02-28,0.0018978103462828
2075-03-01,0.003442423176197
2075-03-02,0.0048159298880872
2075-03-03,0.0017844067508035
2075-03-04,0.001805273654635
2075-03-05,0.0048509301784835
2075-03-06,0.0124458014142646
2075-03-07,0.021561253545097
2075-03-08,0.0117747835833228
2075-03-09,0.0101332687733409
2075-03-10,0.0146774473149451
2075-03-11,0.011958349521097
2075-03-12,0.010549068631612
2075-03-13,0.0098303056837937
2075-03-14,0.0089000727815459
2075-03-15,0.0079697416984234
2075-03-16,0.0071012312788068
2075-03-17,0.0063021348648133
2075-03-18,0.005585962939661
2075-03-19,0.0049338108313042
2075-03-20,0.0043558798148623
2075-03-21,0.0053815470489881
2075-03-22,0.0039958224942688
2075-03-23,0.0048316906004032
2075-03-24,0.0032840569990505
2075-03-25,0.0030463389927825
2075-03-26,0.0028094715118653
2075-03-27,0.0045192340915246
2075-03-28,0.00282685002121
2075-03-29,0.0024868887584269
2075-03-30,0.002312295278357
2075-03-31,0.0021172591434651
2075-04-01,0.0019083253780255
2075-04-02,0.0016714081222408
2075-04-03,0.0014452166997146
2075-04-04,0.0012442504555341
2075-04-05,0.0010625252995164
2075-04-06,0.0009065610682938
2075-04-07,0.0007759384620403
2075-04-08,0.0006691526766651
2075-04-09,0.0005868287048
2075-04-10,0.000527090877547
2075-04-11,0.0004825740798884
2075-04-12,0.0004495495309267
2075-04-13,0.0066289116484845
2075-04-14,0.0004270782166716
2075-04-15,0.0004216192680862
2075-04-16,0.0004142479257928
2075-04-17,0.0004086229312242
2075-04-18,0.0004064577491364
2075-04-19,0.0011822836082997
2075-04-20,0.0004055644062909
2075-04-21,0.0004037590718705
2075-04-22,0.0004015269566477
2075-04-23,0.0003991188788822
2075-04-24,0.0007553471668216
2075-04-25,0.000511011950394
2075-04-26,0.0003957614809899
2075-04-27,0.000393367130288
2075-04-28,0.0003904908227312
2075-04-29,0.0003873767766381
2075-04-30,0.0003841544847897
2075-05-01,0.0003808823886169
2075-05-02,0.0003774895275337
2075-05-03,0.0003739478509108
2075-05-04,0.0003703007315815
2075-05-05,0.0003667964149649
2075-05-06,0.0003634901903511
2075-05-07,0.0003602788728913
2075-05-08,0.0003568085158843
2075-05-09,0.001516171909439
2075-05-10,0.000353502080563
2075-05-11,0.0003504863223159
2075-05-12,0.0003465273418303
2075-05-13,0.0033824533603764
2075-05-14,0.0003430962440864
2075-05-15,0.0003533416642169
2075-05-16,0.0003403515363475
2075-05-17,0.0003370510009554
2075-05-18,0.0003333586830216
2075-05-19,0.0004481105528574
2075-05-20,0.0003298357706447
2075-05-21,0.0003274086218254
2075-05-22,0.0003243484067756
2075-05-23,0.0003210461626685
2075-05-24,0.0003176954247202
2075-05-25,0.0003144547308208
2075-05-26,0.0003112279876535
2075-05-27,0.0003070583141657
2075-05-28,0.0003030726916486
2075-05-29,0.0002992141743426
2075-05-30,0.0002952859951235
2075-05-31,0.0002912037775447
2075-06-01,0.0002871088977176
2075-06-02,0.0002827128853687
2075-06-03,0.0002782729371542
2075-06-04,0.0002738070085608
2075-06-05,0.0003234641604669
2075-06-06,0.0002675907108722
2075-06-07,0.0002633313103521
2075-06-08,0.0002588122802809
2075-06-09,0.0002544179966799
2075-06-10,0.0002500934936187
2075-06-11,0.0002456625033405
2075-06-12,0.0002412245689562
2075-06-13,0.000237335781202
2075-06-14,0.0002336165118048
2075-06-15,0.0002300634529516
2075-06-16,0.0002267092891905
2075-06-17,0.0002234415136395
2075-06-18,0.0002200462763527
2075-06-19,0.0002168880689302
2075-06-20,0.0002135815770624
2075-06-21,0.0002104994655495
2075-06-22,0.0002076450365905
2075-06-23,0.0002049674333651
2075-06-24,0.0002023259618117
2075-06-25,0.0001994381996068
2075-06-26,0.0001965642604976
2075-06-27,0.0011683725034527
2075-06-28,0.0003401296824117
2075-06-29,0.0001924751221349
2075-06-30,0.000189897244875
2075-07-01,0.0001877698771768
2075-07-02,0.0001858986495188
2075-07-03,0.0001839166655699
2075-07-04,0.0001818649506061
2075-07-05,0.0001799435923835
2075-07-06,0.0001781877207438
2075-07-07,0.0001764471266698
2075-07-08,0.0001748763915437
2075-07-09,0.0001734499646951
2075-07-10,0.000172102289547
2075-07-11,0.0001708957913465
2075-07-12,0.0001697321253758
2075-07-13,0.0001686130307174
2075-07-14,0.000167643118783
2075-07-15,0.0001667728277309
2075-07-16,0.0001659050456823
2075-07-17,0.000165048829638
2075-07-18,0.0001641272499745
2075-07-19,0.0001632856318747
2075-07-20,0.0001626042930872
2075-07-21,0.0001619636909224
2075-07-22,0.0001613413467869
2075-07-23,0.0001607811364032
2075-07-24,0.0001602350926439
2075-07-25,0.000159654440406
2075-07-26,0.0001591423505212
2075-07-27,0.0001586578885226
2075-07-28,0.0001581868727904
2075-07-29,0.0001578676538277
2075-07-30,0.0001575575936744
2075-07-31,0.0001572246412764
2075-08-01,0.000156929808146
2075-08-02,0.0001568357858455
2075-08-03,0.0001567503360479
2075-08-04,0.0001566649169162
2075-08-05,0.0001565794671186
2075-08-06,0.0001564945709651
2075-08-07,0.0001564091211675
2075-08-08,0.0001563237020358
2075-08-09,0.0001562382522382
2075-08-10,0.0001561528331065
2075-08-11,0.0001560673833089
2075-08-12,0.0001559824871555
2075-08-13,0.0001558970680238
2075-08-14,0.0001558116182262
2075-08-15,0.0001557267220728
2075-08-16,0.0001556413029411
2075-08-17,0.0001555571084527
2075-08-18,0.0001554721816333
2075-08-19,0.0001553867625016
2075-08-20,0.0001553018663482
2075-08-21,0.0001552176718598
2075-08-22,0.0002214395447557
2075-08-23,0.0001567041480542
2075-08-24,0.0001549636850646
2075-08-25,0.0001548782659329
2075-08-26,0.0001547945944228
2075-08-27,0.0001547096982694
2075-08-28,0.0005398406108409
2075-08-29,0.0001545406076276
2075-08-30,0.0001544569361174
2075-08-31,0.0001543715169858
2075-09-01,0.0002419601008012
2075-09-02,0.0001542041739655
2075-09-03,0.000154119277812
2075-09-04,0.0001540356369679
2075-09-05,0.0001539519654577
2075-09-06,0.0001538670693043
2075-09-07,0.0001537829054819
2075-09-08,0.0001536992339717
2075-09-09,0.0001536155624616
2075-09-10,0.0001535319216174
2075-09-11,0.000153447025464
2075-09-12,0.0001533633539539
2075-09-13,0.0001532802360879
2075-09-14,0.0001531965645778
2075-09-15,0.0001531129237336
2075-09-16,0.0001530292828894
2075-09-17,0.0001529456113793
2075-09-18,0.0001528619705351
2075-09-19,0.0001527788220032
2075-09-20,0.0001526951811591
2075-09-21,0.0001526115403149
2075-09-22,0.000152529093448
2075-09-23,0.0001524459755821
2075-09-24,0.0001523623347379
2075-09-25,0.000152279216872
2075-09-26,0.0001521955760278
2075-09-27,0.0001521131291609
2075-09-28,0.000152030011295
2075-09-29,0.0001519463704509
2075-09-30,0.0001518644772282
2075-10-01,0.000151780836384
2075-10-02,0.0001516977185181
2075-10-03,0.0001516158252954
2075-10-04,0.0002420737678876
2075-10-05,0.0001514502912286
2075-10-06,0.0001513671733627
2075-10-07,0.000152345739108
2075-10-08,0.0001512016392959
2075-10-09,0.0001511197767392
2075-10-10,0.0001510373605383
2075-10-11,0.0001509542426724
2075-10-12,0.0001508723494497
2075-10-13,0.0001507892315838
2075-10-14,0.0001507073690271
2075-10-15,0.0001506254758045
2075-10-16,0.0001505435825818
2075-10-17,0.0012403275040214
2075-10-18,0.0001503786021592
2075-10-19,0.0001502967396025
2075-10-20,0.0001502148463799
2075-10-21,0.0001501329838232
2075-10-22,0.0001500510906005
2075-10-23,0.0001499692280439
2075-10-24,0.0001498873348212
2075-10-25,0.0001498054722645
2075-10-26,0.0001497235790419
2075-10-27,0.0001496422394635
2075-10-28,0.0001495603769068
2075-10-29,0.0001494785143501
2075-10-30,0.0001493966211275
2075-10-31,0.000149315281549
2075-11-01,0.0001492346436356
2075-11-02,0.000149152781079
2075-11-03,0.0001490714108345
2075-11-04,0.0001489895482779
2075-11-05,0.0001489094333427
2075-11-06,0.000148827570786
2075-11-07,0.0001487457082294
2075-11-08,0.0001486655932942
2075-11-09,0.0001485842537158
2075-11-10,0.0014883306030813
2075-11-11,0.0001484222762239
2075-11-12,0.0021558855907799
2075-11-13,0.0095042546818984
2075-11-14,0.0024375774740322
2075-11-15,0.0031573274580566
2075-11-16,0.0001594948593772
2075-11-17,0.0002029785863609
2075-11-18,0.0001664730991394
2075-11-19,0.0001683287485674
2075-11-20,0.0001696659837757
2075-11-21,0.0001706017693451
2075-11-22,0.0001712754462598
2075-11-23,0.0001717622533519
2075-11-24,0.0001721062597692
2075-11-25,0.0001723173292991
2075-11-26,0.0001724227029801
2075-11-27,0.0001724626979221
2075-11-28,0.0016854162152713
2075-11-29,0.0097332294388446
2075-11-30,0.0013926935745142
2075-12-01,0.0001955141956847
2075-12-02,0.0001916822358807
2075-12-03,0.0002552609356439
2075-12-04,0.0002337981829951
2075-12-05,0.0001978073971724
2075-12-06,0.000198548438127
2075-12-07,0.0001989063417143
2075-12-08,0.000199053199469
2075-12-09,0.0001990310691982
2075-12-10,0.0001989220375498
2075-12-11,0.0001988052319893
2075-12-12,0.0001988012195001
2075-12-13,0.0002004584524396
2075-12-14,0.0001994004165454
2075-12-15,0.0001994192703076
2075-12-16,0.0001991290152453
2075-12-17,0.0001986619925102
2075-12-18,0.0001981676682118
2075-12-19,0.0001976206715968
2075-12-20,0.0001971107385236
2075-12-21,0.0001966360952063
2075-12-22,0.0001960659448787
2075-12-23,0.0001954789096119
2075-12-24,0.0001949782376244
2075-12-25,0.0046235510250667
2075-12-26,0.0037670024039877
2075-12-27,0.001944038917011
2075-12-28,0.0002018872122627
2075-12-29,0.0002050372036871
2075-12-30,0.0002071069720249
2075-12-31,0.0002085789636809
2076-01-01,0.0002095643443878
2076-01-02,0.0027152469911465
2076-01-03,0.0030243505188819
2076-01-04,0.0020901713972184
2076-01-05,0.002545179255348
2076-01-06,0.0010006174734803
2076-01-07,0.0017134718873837
2076-01-08,0.0139466050614141
2076-01-09,0.0058729470381722
2076-01-10,0.0009165000484355
2076-01-11,0.0002786480117865
2076-01-12,0.0002822701889764
2076-01-13,0.0002843362984298
2076-01-14,0.0002856607037823
2076-01-15,0.0086305538723168
2076-01-16,0.0002943625722969
2076-01-17,0.0003000864353303
2076-01-18,0.0003029297177586
2076-01-19,0.000304596776282
2076-01-20,0.0012322803595546
2076-01-21,0.0003073152912458
2076-01-22,0.0003078818625302
2076-01-23,0.0003079383965134
2076-01-24,0.015872739219286
2076-01-25,0.016444176268149
2076-01-26,0.0017665530586769
2076-01-27,0.0006154323861108
2076-01-28,0.0003735170964167
2076-01-29,0.0003758899381211
2076-01-30,0.0003771612896155
2076-01-31,0.002911602977865
2076-02-01,0.0010401464084467
2076-02-02,0.0279715463161282
2076-02-03,0.0088860411326827
2076-02-04,0.0026562828677585
2076-02-05,0.0054318610057105
2076-02-06,0.0034857883347159
2076-02-07,0.0075716710472213
2076-02-08,0.0083813184540442
2076-02-09,0.0046523011093559
2076-02-10,0.0048694552378845
2076-02-11,0.0047749077428897
2076-02-12,0.0045829157926019
2076-02-13,0.0043340822289977
2076-02-14,0.0040429171826764
2076-02-15,0.0043636630796899
2076-02-16,0.0035937356892504
2076-02-17,0.0045113106985208
2076-02-18,0.0073034082254004
2076-02-19,0.0212265143490269
2076-02-20,0.0071191488340433
2076-02-21,0.007980768218097
2076-02-22,0.0077173640117156
2076-02-23,0.0071958342851694
2076-02-24,0.0066155933500636
2076-02-25,0.0060527614648387
2076-02-26,0.0055375516715074
2076-02-27,0.0050553919658599
2076-02-28,0.0045951446099337
2076-02-29,0.0041516297928403
2076-03-01,0.0037382232763527
2076-03-02,0.0033511890387642
2076-03-03,0.0068873740995903
2076-03-04,0.0029471439411279
2076-03-05,0.0028143527600252
2076-03-06,0.0026308695108224
2076-03-07,0.0024295664239803
2076-03-08,0.0022307972559117
2076-03-09,0.0020329726497018
2076-03-10,0.0018442990438497
2076-03-11,0.0021111017958991
2076-03-12,0.0027245086659839
2076-03-13,0.0015476916147254
2076-03-14,0.0014684678488505
2076-03-15,0.0013570130910486
2076-03-16,0.0012450476357323
2076-03-17,0.0011320340839274
2076-03-18,0.0010222832926551
2076-03-19,0.0009242866747337
2076-03-20,0.0008386965947066
2076-03-21,0.0007675780048319
2076-03-22,0.0007130799879423
2076-03-23,0.0131205627805126
2076-03-24,0.0012035193101944
2076-03-25,0.0013707706255744
2076-03-26,0.0014581638440003
2076-03-27,0.001442939556612
2076-03-28,0.0013766348112787
2076-03-29,0.0012858874427294
2076-03-30,0.0011833662073787
2076-03-31,0.0010763564657108
2076-04-01,0.0009694008034038
2076-04-02,0.0008710608200172
2076-04-03,0.0036324885097096
2076-04-04,0.002036451571227
2076-04-05,0.0008349214904735
2076-04-06,0.0008010647089822
2076-04-07,0.0007514674446502
2076-04-08,0.01033118059689
2076-04-09,0.0093091622538672
2076-04-10,0.0022840461143805
2076-04-11,0.002701755223191
2076-04-12,0.0027405555519791
2076-04-13,0.0026286567057543
2076-04-14,0.0023956516635844
2076-04-15,0.0021306800336221
2076-04-16,0.0018686546840836
2076-04-17,0.0016183429608679
2076-04-18,0.0014011734325651
2076-04-19,0.0012046629204396
2076-04-20,0.0010248939587072
2076-04-21,0.0008752206232416
2076-04-22,0.0030451440716195
2076-04-23,0.00251208475359
2076-04-24,0.0007443503957969
2076-04-25,0.000700972872562
2076-04-26,0.000651897391822
2076-04-27,0.0051759582110977
2076-04-28,0.0006718479825332
2076-04-29,0.0006975507520954
2076-04-30,0.0006628176696601
2076-05-01,0.0006066545087308
2076-05-02,0.0005444705705345
2076-05-03,0.0004932702096109
2076-05-04,0.0004540235700299
2076-05-05,0.000425834637705
2076-05-06,0.000407733864716
2076-05-07,0.0004007108009805
2076-05-08,0.0003968546890216
2076-05-09,0.0003930361446549
2076-05-10,0.0003893457751978
2076-05-11,0.000385453351498
2076-05-12,0.0003814315744988
2076-05-13,0.0003773673807041
2076-05-14,0.0003733069053949
2076-05-15,0.0003693404732413
2076-05-16,0.0003655582526938
2076-05-17,0.0003618606756248
2076-05-18,0.0003580490628346
2076-05-19,0.0003540141950261
2076-05-20,0.0003498928388933
2076-05-21,0.0003457387057438
2076-05-22,0.0003414689138322
2076-05-23,0.0003377070628965
2076-05-24,0.0003347582537736
2076-05-25,0.000331273825453
2076-05-26,0.0003277209831402
2076-05-27,0.0003238402341806
2076-05-28,0.0003199342489421
2076-05-29,0.0003158457446248
2076-05-30,0.0006893615979565
2076-05-31,0.0087366734744296
2076-06-01,0.0007694873131045
2076-06-02,0.0003130566943137
2076-06-03,0.0003113864397933
2076-06-04,0.0003085999583132
2076-06-05,0.0003054035686091
2076-06-06,0.0003022893383523
2076-06-07,0.0002996721789938
2076-06-08,0.0002967351897771
2076-06-09,0.0002948482984369
2076-06-10,0.000293817246776
2076-06-11,0.0002915478419683
2076-06-12,0.0002883132514033
2076-06-13,0.0002845553847483
2076-06-14,0.0002807238820471
2076-06-15,0.0002765730261276
2076-06-16,0.0002724374469663
2076-06-17,0.0002683573275414
2076-06-18,0.000264408512315
2076-06-19,0.0002605767880692
2076-06-20,0.000256820486353
2076-06-21,0.0002531620616364
2076-06-22,0.0002493842819204
2076-06-23,0.0002455188480635
2076-06-24,0.0002415508974669
2076-06-25,0.0002374946109431
2076-06-26,0.0002334567771013
2076-06-27,0.0002297616123111
2076-06-28,0.000226173641203
2076-06-29,0.0002228730755946
2076-06-30,0.0002196343398819
2076-07-01,0.0002164205378256
2076-07-02,0.0002132588969563
2076-07-03,0.0002102513689406
2076-07-04,0.000207441537964
2076-07-05,0.0002046979562676
2076-07-06,0.0037409729415738
2076-07-07,0.0002018683813215
2076-07-08,0.000199188059012
2076-07-09,0.0001963632485461
2076-07-10,0.0001937271017777
2076-07-11,0.0001910828473826
2076-07-12,0.0001886314367337
2076-07-13,0.0001866163547129
2076-07-14,0.0001848377734614
2076-07-15,0.0001831110732859
2076-07-16,0.0001814218483922
2076-07-17,0.0001797377919489
2076-07-18,0.0001779846415524
2076-07-19,0.0001761686099945
2076-07-20,0.0001745055275943
2076-07-21,0.0001730369335195
2076-07-22,0.0001716894993188
2076-07-23,0.0001703703026715
2076-07-24,0.0001691347717577
2076-07-25,0.0001678907746101
2076-07-26,0.0001668790457332
2076-07-27,0.0001662188833377
2076-07-28,0.0001654431236747
2076-07-29,0.0001646210945996
2076-07-30,0.0001638918778373
2076-07-31,0.0001632691489304
2076-08-01,0.0001626545292237
2076-08-02,0.0001619854871151
2076-08-03,0.0001614053904731
2076-08-04,0.0001609750764561
2076-08-05,0.0001605701209178
2076-08-06,0.0001601747891479
2076-08-07,0.0001597845596516
2076-08-08,0.0001593974386305
2076-08-09,0.0001590657028903
2076-08-10,0.0001587398180253
2076-08-11,0.0001583937238918
2076-08-12,0.0001580872783327
2076-08-13,0.0001578141451262
2076-08-14,0.0001575478061351
2076-08-15,0.000157261721518
2076-08-16,0.0001570010864011
2076-08-17,0.0004827327002639
2076-08-18,0.0001566850079012
2076-08-19,0.0001565958841738
2076-08-20,0.0001565109880204
2076-08-21,0.0001564255382227
2076-08-22,0.0001563401190911
2076-08-23,0.0001562551922717
2076-08-24,0.00015616977314
2076-08-25,0.0001560843233424
2076-08-26,0.0001559994271889
2076-08-27,0.0001559139773913
2076-08-28,0.0001558290812379
2076-08-29,0.0001557436621062
2076-08-30,0.0001556587352868
2076-08-31,0.0001555733161551
2076-09-01,0.000155489644645
2076-09-02,0.0001554042255133
2076-09-03,0.0001553193293599
2076-09-04,0.0001552338795623
2076-09-05,0.0001551502080521
2076-09-06,0.0001550653118987
2076-09-07,0.000154979892767
2076-09-08,0.0001548962212569
2076-09-09,0.0001548113251035
2076-09-10,0.0001547276535933
2076-09-11,0.0001546422344617
2076-09-12,0.0001545585629515
2076-09-13,0.0001544736667981
2076-09-14,0.0001543899952879
2076-09-15,0.0001543050991345
2076-09-16,0.0001844413138774
2076-09-17,0.0001541360391587
2076-09-18,0.0001540523676485
2076-09-19,0.0001539686961384
2076-09-20,0.000153883799985
2076-09-21,0.0001538001591408
2076-09-22,0.0001537164876307
2076-09-23,0.0001536328161205
2076-09-24,0.0001535479506331
2076-09-25,0.0001534648021012
2076-09-26,0.000153381130591
2076-09-27,0.0001532974897468
2076-09-28,0.0001532138182367
2076-09-29,0.0001531301773925
2076-09-30,0.0001530470288606
2076-10-01,0.0001529633880164
2076-10-02,0.0001528797165063
2076-10-03,0.0001527960756621
2076-10-04,0.0001527129577962
2076-10-05,0.000152629286286
2076-10-06,0.0001525456454419
2076-10-07,0.000152462527576
2076-10-08,0.0001523788867318
2076-10-09,0.0001522957381999
2076-10-10,0.000152213321999
2076-10-11,0.0001521302041331
2076-10-12,0.0001520465632889
2076-10-13,0.000151963445423
2076-10-14,0.0001518809985561
2076-10-15,0.0001517978806901
2076-10-16,0.0001517147628242
2076-10-17,0.0001516323466233
2076-10-18,0.0001515492287574
2076-10-19,0.0001514673355347
2076-10-20,0.0006222026453173
2076-10-21,0.0156033025420392
2076-10-22,0.0044075528014733
2076-10-23,0.000163048040366
2076-10-24,0.0001683105368962
2076-10-25,0.0001712503701124
2076-10-26,0.0001730636775257
2076-10-27,0.0001742504401184
2076-10-28,0.0001749815951173
2076-10-29,0.0001755169422213
2076-10-30,0.0001760179760395
2076-10-31,0.009029404492446
2076-11-01,0.0002227492192361
2076-11-02,0.0001878839826093
2076-11-03,0.000190568323341
2076-11-04,0.0001920870053681
2076-11-05,0.0001929511990633
2076-11-06,0.0001934813016465
2076-11-07,0.0001937477789273
2076-11-08,0.0001938090261246
2076-11-09,0.0001937325515219
2076-11-10,0.0001934547959518
2076-11-11,0.0001930386398097
2076-11-12,0.0001925592712555
2076-11-13,0.0001920388058184
2076-11-14,0.0001914856855641
2076-11-15,0.0001909244315603
2076-11-16,0.0001903709923715
2076-11-17,0.0001898347824134
2076-11-18,0.0001892425345252
2076-11-19,0.0001886596090547
2076-11-20,0.002352950188491
2076-11-21,0.0120171955185263
2076-11-22,0.0134036323448298
2076-11-23,0.0002235681808692
2076-11-24,0.0016783561710747
2076-11-25,0.0040989440220063
2076-11-26,0.0006194137408026
2076-11-27,0.0002497807649729
2076-11-28,0.0002527640583911
2076-11-29,0.0002543840267762
2076-11-30,0.0002551965475179
2076-12-01,0.0002555394437186
2076-12-02,0.0002557989329773
2076-12-03,0.0003088498491457
2076-12-04,0.0002567809662962
2076-12-05,0.0002569309504149
2076-12-06,0.0002566522028734
2076-12-07,0.0002563276123983
2076-12-08,0.0056202621723782
2076-12-09,0.0167027191337596
2076-12-10,0.0133171424229909
2076-12-11,0.0003100522066242
2076-12-12,0.0003184698407405
2076-12-13,0.0003218085265802
2076-12-14,0.0003235411546683
2076-12-15,0.0110728844309649
2076-12-16,0.0151639882143585
2076-12-17,0.0083127031766648
2076-12-18,0.006127003120255
2076-12-19,0.0022197493048477
2076-12-20,0.0004875598809222
2076-12-21,0.0005594515629299
2076-12-22,0.0006091323313401
2076-12-23,0.0006588206260005
2076-12-24,0.001260167586044
2076-12-25,0.0007119189326781
2076-12-26,0.0007214005565735
2076-12-27,0.0007171226180893
2076-12-28,0.0007043030681143
2076-12-29,0.0006853738921343
2076-12-30,0.0036956422344008
2076-12-31,0.0128000639643325
2077-01-01,0.0016294302052739
2077-01-02,0.0019763678163117
2077-01-03,0.0030897016731958
2077-01-04,0.0023175229768198
2077-01-05,0.0023344283905015
2077-01-06,0.002286665909828
2077-01-07,0.0021908387450561
2077-01-08,0.0020635401391545
2077-01-09,0.0019290688247838
2077-01-10,0.0018028848185801
2077-01-11,0.0016931541044783
2077-01-12,0.0016004344509205
2077-01-13,0.0015228190737882
2077-01-14,0.0025978259106233
2077-01-15,0.0031553940474415
2077-01-16,0.0014157912018535
2077-01-17,0.0039346077304714
2077-01-18,0.0429353529342574
2077-01-19,0.0364294372854464
2077-01-20,0.0284043433699092
2077-01-21,0.0220954780295717
2077-01-22,0.0211344069868184
2077-01-23,0.0304668734933185
2077-01-24,0.0469586524833693
2077-01-25,0.0566673528953438
2077-01-26,0.0312394886889704
2077-01-27,0.0316777542317725
2077-01-28,0.0314825561531867
2077-01-29,0.0307156787652802
2077-01-30,0.0288064334176537
2077-01-31,0.0280267748483455
2077-02-01,0.0273459918749638
2077-02-02,0.0247992042270433
2077-02-03,0.0210112457977996
2077-02-04,0.0186295335020656
2077-02-05,0.0162290188682802
2077-02-06,0.0140884000490885
2077-02-07,0.012237890709183
2077-02-08,0.0106640170824614
2077-02-09,0.00933244136691
2077-02-10,0.0081945746404099
2077-02-11,0.0072281598935098
2077-02-12,0.0064007253723401
2077-02-13,0.0056836576692016
2077-02-14,0.0050651099939886
2077-02-15,0.0059952420563236
2077-02-16,0.0267555054439083
2077-02-17,0.0081994388873131
2077-02-18,0.0092230807879845
2077-02-19,0.0089091306941477
2077-02-20,0.0120557296784777
2077-02-21,0.0081632863260053
2077-02-22,0.0078208534885101
2077-02-23,0.007301747545988
2077-02-24,0.0098540455140467
2077-02-25,0.006627917829906
2077-02-26,0.0063769418278786
2077-02-27,0.0059921779119778
2077-02-28,0.0055467897523869
2077-03-01,0.0050970834091801
2077-03-02,0.0055439441155144
2077-03-03,0.0044417721190493
2077-03-04,0.0040424156751526
2077-03-05,0.0036563095334109
2077-03-06,0.003314452331924
2077-03-07,0.0031610014781189
2077-03-08,0.0028304677691739
2077-03-09,0.0025639573522123
2077-03-10,0.0023161710329657
2077-03-11,0.002111796071712
2077-03-12,0.0019456137631058
2077-03-13,0.0017805528706392
2077-03-14,0.0016685871453476
2077-03-15,0.00844413077588
2077-03-16,0.0040518163852681
2077-03-17,0.0031407173905943
2077-03-18,0.0044189599010267
2077-03-19,0.0062761538691142
2077-03-20,0.0169510286187712
2077-03-21,0.0477624201650756
2077-03-22,0.0303311138958845
2077-03-23,0.0261778102887572
2077-03-24,0.0427247711697855
2077-03-25,0.0465115382899586
2077-03-26,0.0389292307366518
2077-03-27,0.0330095891007968
2077-03-28,0.0292132245617195
2077-03-29,0.0287790016637335
2077-03-30,0.0249894206749539
2077-03-31,0.0213034633120424
2077-04-01,0.0309080591275508
2077-04-02,0.0199758008323442
2077-04-03,0.0186946137156392
2077-04-04,0.0162736577894432
2077-04-05,0.0139311119663907
2077-04-06,0.0119268852512817
2077-04-07,0.0102512972934996
2077-04-08,0.0089307119545744
2077-04-09,0.0078585311508433
2077-04-10,0.0068209930053138
2077-04-11,0.0058913716566143
2077-04-12,0.0078451670977226
2077-04-13,0.0049635567381943
2077-04-14,0.0043255135937352
2077-04-15,0.0038402916916399
2077-04-16,0.0058387025801112
2077-04-17,0.0032831918853988
2077-04-18,0.0030157108415822
2077-04-19,0.0029587659360457
2077-04-20,0.0027440446560604
2077-04-21,0.0024527747179926
2077-04-22,0.0021972596427677
2077-04-23,0.0020225366538294
2077-04-24,0.0040328497418212
2077-04-25,0.0041765179691534
2077-04-26,0.0151477284075503
2077-04-27,0.0037057817117348
2077-04-28,0.0042602954345776
2077-04-29,0.0041323464543586
2077-04-30,0.0038194861170268
2077-05-01,0.0034787057672886
2077-05-02,0.0030487213303614
2077-05-03,0.0025845399918298
2077-05-04,0.002156879597169
2077-05-05,0.0017737639870711
2077-05-06,0.0014498470063886
2077-05-07,0.0011717312945433
2077-05-08,0.0009391690216036
2077-05-09,0.0007486311663485
2077-05-10,0.0006061322811864
2077-05-11,0.0005090322815592
2077-05-12,0.0004493446686629
2077-05-13,0.0004199466095107
2077-05-14,0.0004097229431135
2077-05-15,0.0020593098058662
2077-05-16,0.0005373457321071
2077-05-17,0.0004053682456222
2077-05-18,0.0004025991656402
2077-05-19,0.0013919306131652
2077-05-20,0.0003997722211492
2077-05-21,0.0003970470887983
2077-05-22,0.0003939476942088
2077-05-23,0.0003906797410004
2077-05-24,0.0003869853745586
2077-05-25,0.0003831559011666
2077-05-26,0.0003794372614076
2077-05-27,0.0003755057063796
2077-05-28,0.0003712747947362
2077-05-29,0.0003671252729589
2077-05-30,0.0003632063543963
2077-05-31,0.000358999541376
2077-06-01,0.0003547700175167
2077-06-02,0.0003503776979532
2077-06-03,0.0003458723207916
2077-06-04,0.000341267214355
2077-06-05,0.000336660869004
2077-06-06,0.0003321756581703
2077-06-07,0.0003273416715497
2077-06-08,0.0003224576729081
2077-06-09,0.0003176235767056
2077-06-10,0.0003129215554301
2077-06-11,0.0003081389448757
2077-06-12,0.0003033398890256
2077-06-13,0.000298555845324
2077-06-14,0.0002937506313853
2077-06-15,0.0002888405488582
2077-06-16,0.0002839251609457
2077-06-17,0.0002788242644075
2077-06-18,0.0002736037392984
2077-06-19,0.0002687165231056
2077-06-20,0.0002637658401662
2077-06-21,0.0002590213728254
2077-06-22,0.0002542569649459
2077-06-23,0.0002497175134432
2077-06-24,0.0002454610537068
2077-06-25,0.0002416958958886
2077-06-26,0.0002378833407283
2077-06-27,0.000234245285871
2077-06-28,0.0002308003941589
2077-06-29,0.000227376440775
2077-06-30,0.0002241589306922
2077-07-01,0.0002210057787489
2077-07-02,0.0002178963463527
2077-07-03,0.0002147841089528
2077-07-04,0.0002117656055849
2077-07-05,0.0002088590443688
2077-07-06,0.0002060672941457
2077-07-07,0.0002032348538519
2077-07-08,0.0002004366949477
2077-07-09,0.0001975628714987
2077-07-10,0.0001948792447482
2077-07-11,0.0001923262336133
2077-07-12,0.0001901667429584
2077-07-13,0.0001882154898196
2077-07-14,0.0001864239014397
2077-07-15,0.0001846264000037
2077-07-16,0.0001827984407436
2077-07-17,0.0001811642212075
2077-07-18,0.0001796872163362
2077-07-19,0.0001781820863801
2077-07-20,0.0001766733278987
2077-07-21,0.0001751578934057
2077-07-22,0.0001736585968238
2077-07-23,0.0001722262237479
2077-07-24,0.0001709859711319
2077-07-25,0.0001698396398567
2077-07-26,0.0001686562188339
2077-07-27,0.0001675396587546
2077-07-28,0.0001665552112754
2077-07-29,0.0001656923644614
2077-07-30,0.0001648246488913
2077-07-31,0.0001640204593588
2077-08-01,0.0001634012518209
2077-08-02,0.0001628337503665
2077-08-03,0.000162241568398
2077-08-04,0.0001616089527726
2077-08-05,0.0001609950559707
2077-08-06,0.0001604358796502
2077-08-07,0.0001599910653357
2077-08-08,0.0001596250918744
2077-08-09,0.0001592110363533
2077-08-10,0.0001587343919768
2077-08-11,0.000158262460181
2077-08-12,0.0001578260409576
2077-08-13,0.0001702075048631
2077-08-14,0.000157233065409
2077-08-15,0.0001570778416111
2077-08-16,0.0001569923918134
2077-08-17,0.0001569069420158
2077-08-18,0.0001568215228841
2077-08-19,0.0001567360730865
2077-08-20,0.0001566506539548
2077-08-21,0.0001565652041572
2077-08-22,0.0001564797543595
2077-08-23,0.0001563943352279
2077-08-24,0.0001563089160962
2077-08-25,0.0001562234662986
2077-08-26,0.0001561380471669
2077-08-27,0.0001560525973693
2077-08-28,0.0001559671782376
2077-08-29,0.000155881759106
2077-08-30,0.0010412748534987
2077-08-31,0.0019474238257768
2077-09-01,0.0035506202996846
2077-09-02,0.000503565151952
2077-09-03,0.0001989301540221
2077-09-04,0.000155553513137
2077-09-05,0.0034610873792175
2077-09-06,0.0001558081529278
2077-09-07,0.0001562538643768
2077-09-08,0.0001566673110862
2077-09-09,0.0001569766112153
2077-09-10,0.0001572124675345
2077-09-11,0.0001573803935932
2077-09-12,0.0003649483111244
2077-09-13,0.0001576488115427
2077-09-14,0.0001577025155447
2077-09-15,0.0001577085345299
2077-09-16,0.0001576184093984
2077-09-17,0.0001573932835825
2077-09-18,0.0001571582870138
2077-09-19,0.0001570815654682
2077-09-20,0.0001570085616006
2077-09-21,0.0001569946366514
2077-09-22,0.0001569852913407
2077-09-23,0.0001569718051447
2077-09-24,0.0001569529534204
2077-09-25,0.0001569257639027
2077-09-26,0.0002857354640269
2077-09-27,0.0001568642103855
2077-09-28,0.0001920996334933
2077-09-29,0.0019584835953708
2077-09-30,0.006547989101635
2077-10-01,0.0001805783539906
2077-10-02,0.0001601853218669
2077-10-03,0.0001612939722559
2077-10-04,0.0001621283734006
2077-10-05,0.00016263981599
2077-10-06,0.0001637616306091
2077-10-07,0.0013850424110069
2077-10-08,0.0001639511524209
2077-10-09,0.0001642641391774
2077-10-10,0.0001643756585481
2077-10-11,0.000164305615138
2077-10-12,0.0001641462974712
2077-10-13,0.0001638958267263
2077-10-14,0.0001636591975132
2077-10-15,0.0001634327497915
2077-10-16,0.0001632711283983
2077-10-17,0.0001631100668074
2077-10-18,0.0001628892933565
2077-10-19,0.0001627101651237
2077-10-20,0.0001625456827454
2077-10-21,0.0001623660009099
2077-10-22,0.0001621778990939
2077-10-23,0.0001619256521854
2077-10-24,0.0001615805299342
2077-10-25,0.0001613133198931
2077-10-26,0.0041922150509737
2077-10-27,0.0001614145927047
2077-10-28,0.0001617074883135
2077-10-29,0.0001619153487513
2077-10-30,0.000162075232251
2077-10-31,0.0066816707983844
2077-11-01,0.0002012819462082
2077-11-02,0.0001683677399709
2077-11-03,0.0020596143588115
2077-11-04,0.0001731347581283
2077-11-05,0.000175121907848
2077-11-06,0.0001764719551061
2077-11-07,0.000177445379181
2077-11-08,0.0001781018759637
2077-11-09,0.0001785472357648
2077-11-10,0.000178861512995
2077-11-11,0.0041411479970139
2077-11-12,0.0001808855373149
2077-11-13,0.000182679631031
2077-11-14,0.0162223326646875
2077-11-15,0.0002040553336709
2077-11-16,0.0056081981674142
2077-11-17,0.0515534210150819
2077-11-18,0.002690995147023
2077-11-19,0.0003144013758821
2077-11-20,0.0169199500033161
2077-11-21,0.0003566506955011
2077-11-22,0.0085085911960366
2077-11-23,0.0003685366658043
2077-11-24,0.0003755513080908
2077-11-25,0.0068321512076317
2077-11-26,0.0106264460125789
2077-11-27,0.0004175977588491
2077-11-28,0.012647918927616
2077-11-29,0.015130300991788
2077-11-30,0.0055975053516633
2077-12-01,0.0110646098969278
2077-12-02,0.0096196496509507
2077-12-03,0.0075651905629221
2077-12-04,0.0076840136001925
2077-12-05,0.0073665974082741
2077-12-06,0.0068961899279298
2077-12-07,0.0063739937266482
2077-12-08,0.0058445174832756
2077-12-09,0.0053736580310113
2077-12-10,0.0049535203761011
2077-12-11,0.0045322900051962
2077-12-12,0.004124745113638
2077-12-13,0.0037619535133188
2077-12-14,0.0034460467141373
2077-12-15,0.0031655396844162
2077-12-16,0.0030190689600324
2077-12-17,0.0027568792538651
2077-12-18,0.0025254244422067
2077-12-19,0.0023219391791662
2077-12-20,0.0021404048292496
2077-12-21,0.0019647656220842
2077-12-22,0.0018082163465718
2077-12-23,0.0016682858054003
2077-12-24,0.0015281155500511
2077-12-25,0.0014003130123689
2077-12-26,0.0013011705785537
2077-12-27,0.0012178940151922
2077-12-28,0.0011515145327591
2077-12-29,0.0011126221106609
2077-12-30,0.0010746726370257
2077-12-31,0.0010298446383501
2078-01-01,0.0009797534554778
2078-01-02,0.0009345516019665
2078-01-03,0.0008877684036464
2078-01-04,0.0008403619380897
2078-01-05,0.0007926315069845
2078-01-06,0.0007422870967549
2078-01-07,0.0006944249301825
2078-01-08,0.0006520726739542
2078-01-09,0.0006156091228894
2078-01-10,0.0005887711077005
2078-01-11,0.0005687701269244
2078-01-12,0.0005506886664991
2078-01-13,0.0005364231778905
2078-01-14,0.0005237464183814
2078-01-15,0.000792602811978
2078-01-16,0.0005400367583451
2078-01-17,0.0005462051705755
2078-01-18,0.000484691202532
2078-01-19,0.000474079499687
2078-01-20,0.0004659880740048
2078-01-21,0.0004589010011347
2078-01-22,0.0031659642443427
2078-01-23,0.0037321291370198
2078-01-24,0.0060114468712582
2078-01-25,0.0057613064193129
2078-01-26,0.0010470996373429
2078-01-27,0.0025404201438796
2078-01-28,0.0140298331307385
2078-01-29,0.0108922375868447
2078-01-30,0.0067951952781939
2078-01-31,0.0092894087573017
2078-02-01,0.0102748481682324
2078-02-02,0.0169008986154828
2078-02-03,0.0152992851407029
2078-02-04,0.0150372655437164
2078-02-05,0.0131192920267337
2078-02-06,0.0246133654001082
2078-02-07,0.0150144498118799
2078-02-08,0.0158808454716851
2078-02-09,0.0176499036049922
2078-02-10,0.0139130114916684
2078-02-11,0.0129871257362242
2078-02-12,0.0119006715518778
2078-02-13,0.0108202759900794
2078-02-14,0.0098086902349572
2078-02-15,0.0089261707455728
2078-02-16,0.0086297140563778
2078-02-17,0.007460571404015
2078-02-18,0.0067322437087886
2078-02-19,0.0060350330094737
2078-02-20,0.0054241470303361
2078-02-21,0.0049102835972615
2078-02-22,0.0044801923542136
2078-02-23,0.0040686479927816
2078-02-24,0.0037048019923626
2078-02-25,0.0033751837833025
2078-02-26,0.0031777337857316
2078-02-27,0.0028960474475673
2078-02-28,0.0026347379299992
2078-03-01,0.0023881728475912
2078-03-02,0.0021579224541276
2078-03-03,0.001947288098657
2078-03-04,0.0017545635398817
2078-03-05,0.001596291223319
2078-03-06,0.0014527865298377
2078-03-07,0.0013130727525018
2078-03-08,0.0012079154834881
2078-03-09,0.0058509339844974
2078-03-10,0.0082195126827342
2078-03-11,0.0022096651180126
2078-03-12,0.0047982733180104
2078-03-13,0.0024187479972022
2078-03-14,0.0026651875656
2078-03-15,0.0027314909396394
2078-03-16,0.0026786980822142
2078-03-17,0.002552255960924
2078-03-18,0.0023600357131041
2078-03-19,0.0021520403939266
2078-03-20,0.0061113985310224
2078-03-21,0.0019802132595097
2078-03-22,0.0025379714240797
2078-03-23,0.0019929218460212
2078-03-24,0.0018753616117327
2078-03-25,0.0017762063986688
2078-03-26,0.0130916533601717
2078-03-27,0.0089415070045582
2078-03-28,0.0045696422187582
2078-03-29,0.0049451985643063
2078-03-30,0.0099572847498032
2078-03-31,0.0054034137170976
2078-04-01,0.0054567858928749
2078-04-02,0.0051561463186657
2078-04-03,0.0047684785072103
2078-04-04,0.0043109337596193
2078-04-05,0.0038145533460722
2078-04-06,0.0033698340152678
2078-04-07,0.0029611649743947
2078-04-08,0.0025614752563942
2078-04-09,0.0022069769288573
2078-04-10,0.0042488548320469
2078-04-11,0.0018175400796329
2078-04-12,0.0015974603711357
2078-04-13,0.0013751918103268
2078-04-14,0.0065100231361959
2078-04-15,0.001766452427337
2078-04-16,0.0014102694186409
2078-04-17,0.0013632122461108
2078-04-18,0.0012464995284399
2078-04-19,0.0011107472647592
2078-04-20,0.0009767256236975
2078-04-21,0.0008653971223586
2078-04-22,0.0007807369944915
2078-04-23,0.0007033438432411
2078-04-24,0.0006101967817307
2078-04-25,0.0005342243107751
2078-04-26,0.0004884307601565
2078-04-27,0.0004617198008939
2078-04-28,0.0004393616432018
2078-04-29,0.0004195678911392
2078-04-30,0.0004089687582916
2078-05-01,0.0004051662846644
2078-05-02,0.0004017884882241
2078-05-03,0.0003981488643492
2078-05-04,0.0003944086034527
2078-05-05,0.0003906534067767
2078-05-06,0.0003871062002511
2078-05-07,0.0003838279309972
2078-05-08,0.0003802486314531
2078-05-09,0.0003765744897397
2078-05-10,0.000372723625418
2078-05-11,0.0003684790955268
2078-05-12,0.000364496218459
2078-05-13,0.0003606362660893
2078-05-14,0.0003566480037853
2078-05-15,0.0003524315090187
2078-05-16,0.0003479605830131
2078-05-17,0.0003435027780154
2078-05-18,0.0003390903306459
2078-05-19,0.0003346518893925
2078-05-20,0.0003301360829924
2078-05-21,0.0003255869155669
2078-05-22,0.0003212269343497
2078-05-23,0.0003171288533249
2078-05-24,0.0003134960456265
2078-05-25,0.0003098870637872
2078-05-26,0.0016485095231807
2078-05-27,0.0097399507757177
2078-05-28,0.0056395819736367
2078-05-29,0.0004964646492574
2078-05-30,0.0003171904744261
2078-05-31,0.0003179582368528
2078-06-01,0.0003176661348337
2078-06-02,0.0003160463499387
2078-06-03,0.0003136556105597
2078-06-04,0.0003107454730226
2078-06-05,0.0003073560557027
2078-06-06,0.0003038002937905
2078-06-07,0.0003003488898046
2078-06-08,0.0002966692620226
2078-06-09,0.0002928188855115
2078-06-10,0.0002888724344977
2078-06-11,0.0002849960688997
2078-06-12,0.0002811301522926
2078-06-13,0.0002774140468941
2078-06-14,0.0002737510718057
2078-06-15,0.0002701571722792
2078-06-16,0.0002666362998947
2078-06-17,0.0002630479601295
2078-06-18,0.0002594332449803
2078-06-19,0.0002557395830488
2078-06-20,0.0002526408502393
2078-06-21,0.0002501508786127
2078-06-22,0.0002470201904412
2078-06-23,0.000243055602787
2078-06-24,0.0002388770682611
2078-06-25,0.0002349841290512
2078-06-26,0.0002312096489428
2078-06-27,0.0002276339654305
2078-06-28,0.0002242048093572
2078-06-29,0.0002210720708057
2078-06-30,0.0002177344010576
2078-07-01,0.0002142325428934
2078-07-02,0.0042043124890172
2078-07-03,0.000210245944361
2078-07-04,0.0002071407878736
2078-07-05,0.0002042896285427
2078-07-06,0.0002017860081668
2078-07-07,0.0001993961826892
2078-07-08,0.0001969969698505
2078-07-09,0.0001945300231048
2078-07-10,0.0001921396670417
2078-07-11,0.0001900142246785
2078-07-12,0.0001878572278626
2078-07-13,0.0001854619622236
2078-07-14,0.0001830646304545
2078-07-15,0.0001964062515065
2078-07-16,0.0001800877435839
2078-07-17,0.0001779510284096
2078-07-18,0.0001762242336894
2078-07-19,0.0001747596642128
2078-07-20,0.0001734852247106
2078-07-21,0.0001721418474719
2078-07-22,0.0001709387488222
2078-07-23,0.0001698949547125
2078-07-24,0.000168955315719
2078-07-25,0.0001680652095164
2078-07-26,0.0001671842049114
2078-07-27,0.0001662931042734
2078-07-28,0.0001654339682547
2078-07-29,0.0001646556255586
2078-07-30,0.0001639449681765
2078-07-31,0.0001632735635562
2078-08-01,0.000162657280539
2078-08-02,0.0001620650009203
2078-08-03,0.0001614264727446
2078-08-04,0.0001607844570989
2078-08-05,0.0001602128778305
2078-08-06,0.0001597691761997
2078-08-07,0.0001593863603584
2078-08-08,0.000159001697932
2078-08-09,0.0001586009556552
2078-08-10,0.0001581815072109
2078-08-11,0.0001578115752454
2078-08-12,0.0001574949302296
2078-08-13,0.0001571406029155
2078-08-14,0.0001569866037608
2078-08-15,0.0001569011539632
2078-08-16,0.0001568157348315
2078-08-17,0.0001567302850339
2078-08-18,0.0001566448659022
2078-08-19,0.0001565594467706
2078-08-20,0.0001564739969729
2078-08-21,0.0001563885778413
2078-08-22,0.0001563043526869
2078-08-23,0.0001562194565335
2078-08-24,0.0001561340374018
2078-08-25,0.0001560485876042
2078-08-26,0.0001559631684725
2078-08-27,0.0001558777493409
2078-08-28,0.0001557928225214
2078-08-29,0.0001557086280331
2078-08-30,0.0001556232089014
2078-08-31,0.000155538312748
2078-09-01,0.0001554528629503
2078-09-02,0.0001553686684619
2078-09-03,0.0001552837723085
2078-09-04,0.0001551983531769
2078-09-05,0.0001551146816667
2078-09-06,0.0001550292625351
2078-09-07,0.0001549455910249
2078-09-08,0.0001548601718933
2078-09-09,0.0001547765003831
2078-09-10,0.0001546916042297
2078-09-11,0.0001546074097413
2078-09-12,0.0001545225135879
2078-09-13,0.0001544388420777
2078-09-14,0.0001543534229461
2078-09-15,0.0001542697514359
2078-09-16,0.0001541860799258
2078-09-17,0.0001541012144383
2078-09-18,0.0001540170199499
2078-09-19,0.0001539333484398
2078-09-20,0.0001538496769296
2078-09-21,0.0001537648114422
2078-09-22,0.000153681139932
2078-09-23,0.0001535974684219
2078-09-24,0.0001535138275777
2078-09-25,0.0001534301560676
2078-09-26,0.0001533465152234
2078-09-27,0.0001532628437133
2078-09-28,0.0001531792028691
2078-09-29,0.0001530955313589
2078-09-30,0.0001530118905148
2078-10-01,0.0001529282190046
2078-10-02,0.0001528451011387
2078-10-03,0.0001527614602945
2078-10-04,0.0001526777887844
2078-10-05,0.0001525941479402
2078-10-06,0.0001525110300743
2078-10-07,0.0001524273585641
2078-10-08,0.0001523449423633
2078-10-09,0.0001522618244973
2078-10-10,0.0001521781836532
2078-10-11,0.000152094542809
2078-10-12,0.0004755038532756
2078-10-13,0.0003910361923469
2078-10-14,0.0012910796646721
2078-10-15,0.0001517634440094
2078-10-16,0.0001516803568094
2078-10-17,0.0001515984635868
2078-10-18,0.0007123340174654
2078-10-19,0.0001514329601859
2078-10-20,0.0001513510976293
2078-10-21,0.0001512692350726
2078-10-22,0.0001511873418499
2078-10-23,0.000151104956315
2078-10-24,0.0001510230937584
2078-10-25,0.0001509412312017
2078-10-26,0.000150859368645
2078-10-27,0.0001507762814451
2078-10-28,0.0001506943882224
2078-10-29,0.0001506125256658
2078-10-30,0.0001505306631091
2078-10-31,0.0001504488005524
2078-11-01,0.0001503669073298
2078-11-02,0.0001502855677513
2078-11-03,0.0017739957160436
2078-11-04,0.0001501230672813
2078-11-05,0.0027759626423777
2078-11-06,0.0032231611073605
2078-11-07,0.0001501118548735
2078-11-08,0.0001503675483077
2078-11-09,0.000150635197442
2078-11-10,0.0001508945517238
2078-11-11,0.0001511365103628
2078-11-12,0.0001513610426929
2078-11-13,0.0001515682713783
2078-11-14,0.0001517606150393
2078-11-15,0.0001530045435181
2078-11-16,0.0020207789849739
2078-11-17,0.0035531265727831
2078-11-18,0.0020812893976652
2078-11-19,0.0025872129522133
2078-11-20,0.0040009284934327
2078-11-21,0.0001675503532811
2078-11-22,0.000172143446418
2078-11-23,0.0001748873890814
2078-11-24,0.0001766512090638
2078-11-25,0.0001778825519307
2078-11-26,0.015057173095004
2078-11-27,0.0074985725504994
2078-11-28,0.048355830275605
2078-11-29,0.0564857491906716
2078-11-30,0.0021117946665353
2078-12-01,0.0003950052909265
2078-12-02,0.0003913479779993
2078-12-03,0.0003936678855315
2078-12-04,0.0003950759322754
2078-12-05,0.005524453699146
2078-12-06,0.0034445391873732
2078-12-07,0.0004241448508072
2078-12-08,0.000470158023303
2078-12-09,0.0005121884596687
2078-12-10,0.0030480783741129
2078-12-11,0.0008275995560337
2078-12-12,0.0006871356468367
2078-12-13,0.0046046267928388
2078-12-14,0.0019282293096194
2078-12-15,0.0010842533925954
2078-12-16,0.0237446068655929
2078-12-17,0.0064399456993302
2078-12-18,0.0108276517196371
2078-12-19,0.0178806651659607
2078-12-20,0.0709121692279617
2078-12-21,0.0277276221836781
2078-12-22,0.0259682458180701
2078-12-23,0.0268033019564984
2078-12-24,0.0236513116700983
2078-12-25,0.020692415513318
2078-12-26,0.0179685304364665
2078-12-27,0.0156741492411323
2078-12-28,0.0137198465359371
2078-12-29,0.0120672899104402
2078-12-30,0.0106625554583355
2078-12-31,0.0094601726855646
2079-01-01,0.0084238802135305
2079-01-02,0.0075678490355067
2079-01-03,0.0126121234670934
2079-01-04,0.0066795834577219
2079-01-05,0.0237848525734392
2079-01-06,0.0345439806026138
2079-01-07,0.0195203122039384
2079-01-08,0.0191738851134138
2079-01-09,0.0172024991947614
2079-01-10,0.0151649270555912
2079-01-11,0.0133631843768944
2079-01-12,0.0314138097652487
2079-01-13,0.026190091920018
2079-01-14,0.019803534811113
2079-01-15,0.0191817113258589
2079-01-16,0.0177109020168175
2079-01-17,0.0154851406137772
2079-01-18,0.0137711816953542
2079-01-19,0.0134558055624124
2079-01-20,0.0120404332959727
2079-01-21,0.0335124146433045
2079-01-22,0.0397215328128059
2079-01-23,0.0256968520028142
2079-01-24,0.024679714373641
2079-01-25,0.0218224677842777
2079-01-26,0.0223633581394331
2079-01-27,0.0220622793897273
2079-01-28,0.01718045840397
2079-01-29,0.0159362637100236
2079-01-30,0.0143827400424833
2079-01-31,0.012787916865243
2079-02-01,0.0112972393800634
2079-02-02,0.0099952750579099
2079-02-03,0.0088746532314054
2079-02-04,0.0079164148966365
2079-02-05,0.0070916010387092
2079-02-06,0.0063633465027513
2079-02-07,0.0057263077324808
2079-02-08,0.0052124008782824
2079-02-09,0.0096205023831668
2079-02-10,0.0232613332630575
2079-02-11,0.0292400793692136
2079-02-12,0.0161808402575558
2079-02-13,0.0163192909203931
2079-02-14,0.0149626999123481
2079-02-15,0.0134634840800456
2079-02-16,0.0120529011797923
2079-02-17,0.0107091518301172
2079-02-18,0.00947592521123
2079-02-19,0.0084069599487838
2079-02-20,0.0074804792904618
2079-02-21,0.0066441543345188
2079-02-22,0.01832542934726
2079-02-23,0.0113884709506235
2079-02-24,0.0086448430773652
2079-02-25,0.0087543347152858
2079-02-26,0.0082845809731218
2079-02-27,0.0158366527572895
2079-02-28,0.0093725494530406
2079-03-01,0.0089689117980664
2079-03-02,0.0086929988314617
2079-03-03,0.0098558073221827
2079-03-04,0.0078310430841301
2079-03-05,0.0073024020738574
2079-03-06,0.0083092830166435
2079-03-07,0.0146629468043557
2079-03-08,0.01927598180749
2079-03-09,0.0156069328536528
2079-03-10,0.0148751843768959
2079-03-11,0.0154142579014921
2079-03-12,0.0155652075961749
2079-03-13,0.0129932195329966
2079-03-14,0.0121047557923701
2079-03-15,0.0110329164061716
2079-03-16,0.0134305104362383
2079-03-17,0.0566294413987871
2079-03-18,0.0489001149516107
2079-03-19,0.0333257336675572
2079-03-20,0.0299897657730707
2079-03-21,0.0279618352338689
2079-03-22,0.0244742952765775
2079-03-23,0.0208085217166752
2079-03-24,0.0177678036975981
2079-03-25,0.0153261555579727
2079-03-26,0.0132517790698675
2079-03-27,0.0160445305400066
2079-03-28,0.0184669843377041
2079-03-29,0.0149611316790195
2079-03-30,0.0142256332038814
2079-03-31,0.0124983501411997
2079-04-01,0.011416526076606
2079-04-02,0.0101638795811984
2079-04-03,0.0089167857642737
2079-04-04,0.0077139075431189
2079-04-05,0.0066413457994645
2079-04-06,0.0057049682666398
2079-04-07,0.0049022835459339
2079-04-08,0.0046119774861932
2079-04-09,0.0040089019206355
2079-04-10,0.0035463302710777
2079-04-11,0.0030426399741734
2079-04-12,0.0030997791704433
2079-04-13,0.0024988830480309
2079-04-14,0.002240551859999
2079-04-15,0.001934319723793
2079-04-16,0.001651396583218
2079-04-17,0.0014124013327112
2079-04-18,0.0012068360349542
2079-04-19,0.0010022363853856
2079-04-20,0.0008290229036044
2079-04-21,0.0006914919043112
2079-04-22,0.0005936267844616
2079-04-23,0.0005284658834027
2079-04-24,0.0004754438563884
2079-04-25,0.0004388695589818
2079-04-26,0.0016336361990992
2079-04-27,0.0004168182986514
2079-04-28,0.0004103996731471
2079-04-29,0.0004070656204131
2079-04-30,0.0004040863970358
2079-05-01,0.0004015782194533
2079-05-02,0.0003993888729597
2079-05-03,0.0003960805408455
2079-05-04,0.0003922300633331
2079-05-05,0.0003882292209679
2079-05-06,0.0003840592073887
2079-05-07,0.0003798764391372
2079-05-08,0.0003757880628344
2079-05-09,0.0003716639061199
2079-05-10,0.0003673998261106
2079-05-11,0.0003629839681077
2079-05-12,0.0003587216160951
2079-05-13,0.0003545715125958
2079-05-14,0.0003503399991413
2079-05-15,0.0003459027702565
2079-05-16,0.0003412780671912
2079-05-17,0.0003365321064804
2079-05-18,0.0003316951676841
2079-05-19,0.0003269366268675
2079-05-20,0.0003223487464348
2079-05-21,0.0003178183494817
2079-05-22,0.0003131074363841
2079-05-23,0.0003085243158024
2079-05-24,0.0003038409949592
2079-05-25,0.0002992381992208
2079-05-26,0.0002947131026424
2079-05-27,0.00028993574765
2079-05-28,0.0004372901861682
2079-05-29,0.0003335946363991
2079-05-30,0.0002819480800748
2079-05-31,0.0002777943208744
2079-06-01,0.0002737993768714
2079-06-02,0.0002703831830074
2079-06-03,0.0002675506280861
2079-06-04,0.0002641657389281
2079-06-05,0.0002603527634951
2079-06-06,0.0002567765356033
2079-06-07,0.0002526209987455
2079-06-08,0.0002484906341095
2079-06-09,0.0002442729542351
2079-06-10,0.0002403104331402
2079-06-11,0.0002364202232512
2079-06-12,0.0002326326204403
2079-06-13,0.0002288639883651
2079-06-14,0.0002252980328142
2079-06-15,0.0002220028434948
2079-06-16,0.0002189943968719
2079-06-17,0.0002161621790545
2079-06-18,0.0002128981230599
2079-06-19,0.00020933142579
2079-06-20,0.0002060965130988
2079-06-21,0.0002030958698652
2079-06-22,0.0002003126949903
2079-06-23,0.0001977881794374
2079-06-24,0.000195341941664
2079-06-25,0.0001930661872028
2079-06-26,0.0001909188194263
2079-06-27,0.0001886876186137
2079-06-28,0.0001865996078289
2079-06-29,0.0001847204110972
2079-06-30,0.0001827436951656
2079-07-01,0.0001805153092506
2079-07-02,0.0001786115375111
2079-07-03,0.0001771180889176
2079-07-04,0.000175684141175
2079-07-05,0.0001740906995872
2079-07-06,0.0001723291470958
2079-07-07,0.0001710135080529
2079-07-08,0.0021052856770192
2079-07-09,0.0001695310313012
2079-07-10,0.0001682090020514
2079-07-11,0.0001668312247551
2079-07-12,0.0001657772200614
2079-07-13,0.0001647701888642
2079-07-14,0.0001637462730676
2079-07-15,0.000162892394143
2079-07-16,0.0001621355735795
2079-07-17,0.0001614268301895
2079-07-18,0.000160785643333
2079-07-19,0.0001602041544054
2079-07-20,0.0001597068481175
2079-07-21,0.0001592365951782
2079-07-22,0.0001586966357733
2079-07-23,0.0001581524153246
2079-07-24,0.0001575669347661
2079-07-25,0.0001571967864822
2079-07-26,0.0001571063154476
2079-07-27,0.0001570208963159
2079-07-28,0.0001569354465183
2079-07-29,0.0001568500273866
2079-07-30,0.000156764577589
2079-07-31,0.0001566786354791
2079-08-01,0.0001565931856814
2079-08-02,0.0001565077665498
2079-08-03,0.0001564223167521
2079-08-04,0.0001563374205987
2079-08-05,0.000156252001467
2079-08-06,0.0001561665516694
2079-08-07,0.0001560811325377
2079-08-08,0.0001559957134061
2079-08-09,0.0001559102636084
2079-08-10,0.0001558248444768
2079-08-11,0.0001557411729666
2079-08-12,0.000155655753835
2079-08-13,0.0001555703040373
2079-08-14,0.0001554848849057
2079-08-15,0.0001554012133955
2079-08-16,0.0001553157942639
2079-08-17,0.0001552308981104
2079-08-18,0.0001551467036221
2079-08-19,0.0001550612844904
2079-08-20,0.0001549776129802
2079-08-21,0.0001548921938486
2079-08-22,0.0001548085223384
2079-08-23,0.0001547231032068
2079-08-24,0.0001546394316966
2079-08-25,0.0001545545355432
2079-08-26,0.0001544703410548
2079-08-27,0.0001543854449014
2079-08-28,0.0001543017733912
2079-08-29,0.0001542175789029
2079-08-30,0.0001541327134154
2079-08-31,0.0001540490419053
2079-09-01,0.0001539653703951
2079-09-02,0.0001538811759067
2079-09-03,0.0001537963104193
2079-09-04,0.0001537126389091
2079-09-05,0.000153628998065
2079-09-06,0.0001535453265548
2079-09-07,0.0001534616550447
2079-09-08,0.0001533780142005
2079-09-09,0.0001532943426904
2079-09-10,0.0001532107018462
2079-09-11,0.000153127030336
2079-09-12,0.0001530433894919
2079-09-13,0.0001529597486477
2079-09-14,0.0001528760771376
2079-09-15,0.0001527924362934
2079-09-16,0.0001527087647833
2079-09-17,0.0001526251239391
2079-09-18,0.0001525420060732
2079-09-19,0.0001524595898723
2079-09-20,0.0001523759183621
2079-09-21,0.000152292277518
2079-09-22,0.000152209159652
2079-09-23,0.0001521267434511
2079-09-24,0.000152043102607
2079-09-25,0.000151959984741
2079-09-26,0.0001518775685401
2079-09-27,0.0001517944506742
2079-09-28,0.0001517120344733
2079-09-29,0.0001516289166074
2079-09-30,0.0001515452757632
2079-10-01,0.0001514633825406
2079-10-02,0.0001513809663397
2079-10-03,0.0001512978484738
2079-10-04,0.0001512159552511
2079-10-05,0.0001511323144069
2079-10-06,0.0001510504518503
2079-10-07,0.0001509685586276
2079-10-08,0.0001508849177834
2079-10-09,0.0001508030245608
2079-10-10,0.0001507211620041
2079-10-11,0.0001506380441382
2079-10-12,0.0001505556279373
2079-10-13,0.0001504737653806
2079-10-14,0.000150391872158
2079-10-15,0.0001503100096013
2079-10-16,0.0001502281163786
2079-10-17,0.000150146223156
2079-10-18,0.0001500643605993
2079-10-19,0.0001499824980426
2079-10-20,0.00014990060482
2079-10-21,0.0001498187422633
2079-10-22,0.0001497368490406
2079-10-23,0.000149654986484
2079-10-24,0.0001495731239273
2079-10-25,0.0001494912307046
2079-10-26,0.0001494098911262
2079-10-27,0.0001493280285695
2079-10-28,0.0001492461660129
2079-10-29,0.0001491654974335
2079-10-30,0.000149084157855
2079-10-31,0.0001490022952984
2079-11-01,0.0001538263536714
2079-11-02,0.0006095745802761
2079-11-03,0.0001487584552499
2079-11-04,0.0001486765926932
2079-11-05,0.000148596477758
2079-11-06,0.0001485146152014
2079-11-07,0.0001484345002662
2079-11-08,0.0001483526377095
2079-11-09,0.0001482725227744
2079-11-10,0.0001481906602177
2079-11-11,0.0001481105452825
2079-11-12,0.0001480292057041
2079-11-13,0.0001479485677907
2079-11-14,0.0001478672588782
2079-11-15,0.0229101055413662
2079-11-16,0.0366630241106124
2079-11-17,0.000219960710565
2079-11-18,0.0002308839500135
2079-11-19,0.000234716042928
2079-11-20,0.0002368073473729
2079-11-21,0.0002381552933269
2079-11-22,0.0002388588694937
2079-11-23,0.0002391107536716
2079-11-24,0.0002390858215854
2079-11-25,0.0002389683282081
2079-11-26,0.0002389474765241
2079-11-27,0.0002694712734631
2079-11-28,0.000239331498236
2079-11-29,0.0002394154187268
2079-11-30,0.0002394309076415
2079-12-01,0.0002393676673673
2079-12-02,0.0002392081043343
2079-12-03,0.0002388830652951
2079-12-04,0.0002383159060082
2079-12-05,0.0002376432802316
2079-12-06,0.0002371099345714
2079-12-07,0.0003280546158755
2079-12-08,0.0007876219603349
2079-12-09,0.0004562348864186
2079-12-10,0.0002367830172282
2079-12-11,0.0009787855384903
2079-12-12,0.0009373459499295
2079-12-13,0.0004971739299476
2079-12-14,0.0002371800863413
2079-12-15,0.0002368647332101
2079-12-16,0.000236453844059
2079-12-17,0.0002360664292114
2079-12-18,0.00023576186316
2079-12-19,0.0021032655361024
2079-12-20,0.0033375343914378
2079-12-21,0.0002376951596233
2079-12-22,0.0002390273602107
2079-12-23,0.0002399721484557
2079-12-24,0.0002405021361065
2079-12-25,0.0002409986912045
2079-12-26,0.0002416044190031
2079-12-27,0.0002430008394892
2079-12-28,0.0007927649034296
2079-12-29,0.0016079481868169
2079-12-30,0.0006886146626507
2079-12-31,0.0081194402491861
2080-01-01,0.008299327181252
2080-01-02,0.00340070618814
2080-01-03,0.0044521718250633
2080-01-04,0.0158278272115333
2080-01-05,0.0064949418286776
2080-01-06,0.0043641483807383
2080-01-07,0.0047118332386276
2080-01-08,0.018187767732567
2080-01-09,0.0136301192997562
2080-01-10,0.0017489189520736
2080-01-11,0.0012522346537132
2080-01-12,0.0014395726003511
2080-01-13,0.0013301356733219
2080-01-14,0.00142039748594
2080-01-15,0.0020913264451678
2080-01-16,0.0015174763892658
2080-01-17,0.0015151667864345
2080-01-18,0.0014874208082785
2080-01-19,0.0014578213617873
2080-01-20,0.001561901700733
2080-01-21,0.0107320803691544
2080-01-22,0.036011111826351
2080-01-23,0.0162675586450663
2080-01-24,0.012466089614612
2080-01-25,0.0124570523833634
2080-01-26,0.0115322061426901
2080-01-27,0.0104024576414151
2080-01-28,0.0093131821293662
2080-01-29,0.0083474175450196
2080-01-30,0.0074998351715252
2080-01-31,0.0067866561201009
2080-02-01,0.0094655833334595
2080-02-02,0.0136957631500812
2080-02-03,0.011450208104031
2080-02-04,0.0107876628170624
2080-02-05,0.0123216132827937
2080-02-06,0.0223653360441573
2080-02-07,0.0214829729838699
2080-02-08,0.0161651040643876
2080-02-09,0.0156119302083646
2080-02-10,0.0141897412021679
2080-02-11,0.012687220201259
2080-02-12,0.0113095335932864
2080-02-13,0.0122848204043087
2080-02-14,0.0092531638211558
2080-02-15,0.0187474801890232
2080-02-16,0.019567622428288
2080-02-17,0.0130654288876185
2080-02-18,0.0161624463835353
2080-02-19,0.0158541152516715
2080-02-20,0.013973819613796
2080-02-21,0.0125089927233087
2080-02-22,0.0114623016981173
2080-02-23,0.0113017006764248
2080-02-24,0.022074910189527
2080-02-25,0.0131597986908382
2080-02-26,0.0153544453076068
2080-02-27,0.0156804117122519
2080-02-28,0.0129938298846986
2080-02-29,0.0122806274568094
2080-03-01,0.0115406210127702
2080-03-02,0.0105205246742591
2080-03-03,0.0094626066454702
2080-03-04,0.0085169416847853
2080-03-05,0.0076838403881465
2080-03-06,0.0068156076154975
2080-03-07,0.0060274150724462
2080-03-08,0.0053302946688656
2080-03-09,0.013747997315562
2080-03-10,0.005539524657355
2080-03-11,0.0055668865076622
2080-03-12,0.0054677446473615
2080-03-13,0.0051904046834198
2080-03-14,0.0092241821242377
2080-03-15,0.0049761435651709
2080-03-16,0.0049280982266316
2080-03-17,0.0047052167882344
2080-03-18,0.0043414108219814
2080-03-19,0.0039551572299562
2080-03-20,0.0045680153840879
2080-03-21,0.0095120741060368
2080-03-22,0.0037378416071912
2080-03-23,0.0038925658935851
2080-03-24,0.0038596032592422
2080-03-25,0.0038298622713075
2080-03-26,0.0035395767907989
2080-03-27,0.0032833783183571
2080-03-28,0.0034235076695494
2080-03-29,0.00294915648494
2080-03-30,0.0048419264162838
2080-03-31,0.0026552355882518
2080-04-01,0.0024809063711802
2080-04-02,0.0101246687267322
2080-04-03,0.0031124145039207
2080-04-04,0.0031710465923364
2080-04-05,0.0031187923526293
2080-04-06,0.0029426089144812
2080-04-07,0.0027269574953702
2080-04-08,0.0024446437655993
2080-04-09,0.0021529999481911
2080-04-10,0.0022369970714633
2080-04-11,0.0018371503327426
2080-04-12,0.0016576641690957
2080-04-13,0.001457038735678
2080-04-14,0.0061882137640757
2080-04-15,0.0059968673069385
2080-04-16,0.0017358310367104
2080-04-17,0.0018508899888845
2080-04-18,0.0019000120357298
2080-04-19,0.003671106463961
2080-04-20,0.0019231738493437
2080-04-21,0.0018310614279074
2080-04-22,0.0017014570132546
2080-04-23,0.0015851521633986
2080-04-24,0.0014455884228398
2080-04-25,0.0012932819193834
2080-04-26,0.0011452392658691
2080-04-27,0.0009773307750083
2080-04-28,0.0008182802213033
2080-04-29,0.0006867322454018
2080-04-30,0.0005869054401293
2080-05-01,0.0005130899260306
2080-05-02,0.0004652970337556
2080-05-03,0.0004382949071656
2080-05-04,0.0004182919145429
2080-05-05,0.0004086508357016
2080-05-06,0.0004044533713889
2080-05-07,0.0004003426792491
2080-05-08,0.0003963996743796
2080-05-09,0.0003923654538696
2080-05-10,0.0003884723923421
2080-05-11,0.0003848938047413
2080-05-12,0.0003817293172588
2080-05-13,0.0003786125127554
2080-05-14,0.0003747791822865
2080-05-15,0.0003704107022146
2080-05-16,0.0003662633423456
2080-05-17,0.0003622559090841
2080-05-18,0.0003582481111021
2080-05-19,0.001450433316333
2080-05-20,0.0003526727752073
2080-05-21,0.0003486050549979
2080-05-22,0.0003442034898532
2080-05-23,0.0003398083737835
2080-05-24,0.0003354820466635
2080-05-25,0.0003313725172877
2080-05-26,0.0003275260734596
2080-05-27,0.0004617829046414
2080-05-28,0.0003230292575908
2080-05-29,0.000319860147068
2080-05-30,0.0003159215225967
2080-05-31,0.0003115173380592
2080-06-01,0.000306987362065
2080-06-02,0.0003024843151405
2080-06-03,0.0002978065589449
2080-06-04,0.0002930488141307
2080-06-05,0.0002883945584029
2080-06-06,0.0002834495169063
2080-06-07,0.0002784161649668
2080-06-08,0.0002732695214857
2080-06-09,0.0002682998506116
2080-06-10,0.0002635742062872
2080-06-11,0.0002584878484823
2080-06-12,0.0002535873297879
2080-06-13,0.0002489869116664
2080-06-14,0.0002449453931521
2080-06-15,0.0002412908143819
2080-06-16,0.0002377002608855
2080-06-17,0.0002339153130995
2080-06-18,0.0002302158494713
2080-06-19,0.0002267135782953
2080-06-20,0.0002233147964627
2080-06-21,0.0002200819111226
2080-06-22,0.0002169145677038
2080-06-23,0.0002135065359542
2080-06-24,0.0002100772293579
2080-06-25,0.0002066688111836
2080-06-26,0.0002031643216951
2080-06-27,0.0001997041904304
2080-06-28,0.0001965554991558
2080-06-29,0.0001934373209206
2080-06-30,0.0001903862167174
2080-07-01,0.0001875285721238
2080-07-02,0.0001848913301408
2080-07-03,0.0001826874866127
2080-07-04,0.0001808408981047
2080-07-05,0.0001791025209917
2080-07-06,0.000177426146386
2080-07-07,0.0001758352093033
2080-07-08,0.0001743625178906
2080-07-09,0.0001730016512749
2080-07-10,0.0001717256906235
2080-07-11,0.0001705009069193
2080-07-12,0.0001692929153074
2080-07-13,0.0001681483516184
2080-07-14,0.000166995451408
2080-07-15,0.0001657624142184
2080-07-16,0.0001647281134434
2080-07-17,0.0001638476972275
2080-07-18,0.0001628827029852
2080-07-19,0.0001620892123116
2080-07-20,0.0001615105938399
2080-07-21,0.0001609804544295
2080-07-22,0.0001604698532886
2080-07-23,0.0001599969809979
2080-07-24,0.0001595293814303
2080-07-25,0.0001591392426187
2080-07-26,0.0001587181851443
2080-07-27,0.0001581865479867
2080-07-28,0.0001577704877887
2080-07-29,0.0001574463432397
2080-07-30,0.0001571549020561
2080-07-31,0.0001570131186681
2080-08-01,0.0001569276995365
2080-08-02,0.0001568422497388
2080-08-03,0.0001567568306071
2080-08-04,0.0001566713808095
2080-08-05,0.0001565859310119
2080-08-06,0.0001564992872369
2080-08-07,0.0001564138374393
2080-08-08,0.0001563284183076
2080-08-09,0.00015624296851
2080-08-10,0.0001561587740216
2080-08-11,0.0001560733548899
2080-08-12,0.0001559879050923
2080-08-13,0.0001559030089389
2080-08-14,0.0001558175898072
2080-08-15,0.0001557321400096
2080-08-16,0.0001556467208779
2080-08-17,0.0001555630493678
2080-08-18,0.0001554776302361
2080-08-19,0.0001553921804385
2080-08-20,0.000155307284285
2080-08-21,0.0001552230897967
2080-08-22,0.0001551381936432
2080-08-23,0.0001550539991548
2080-08-24,0.0001549691030014
2080-08-25,0.0001548836838698
2080-08-26,0.0001548000123596
2080-08-27,0.000154714593228
2080-08-28,0.0001546309217178
2080-08-29,0.0001545460255644
2080-08-30,0.000154461831076
2080-08-31,0.0001543781595658
2080-09-01,0.0001542932634124
2080-09-02,0.00015420909959
2080-09-03,0.0001541254280799
2080-09-04,0.0001540405319265
2080-09-05,0.0001539568604163
2080-09-06,0.0001538732195721
2080-09-07,0.000153789548062
2080-09-08,0.0001537041289303
2080-09-09,0.0001536204880862
2080-09-10,0.000153536816576
2080-09-11,0.0001534531757319
2080-09-12,0.0007361217649696
2080-09-13,0.0144190243051575
2080-09-14,0.0047561181184153
2080-09-15,0.0002708394763779
2080-09-16,0.0001685633897168
2080-09-17,0.0001704930215088
2080-09-18,0.0001713694664751
2080-09-19,0.0001716982340166
2080-09-20,0.0001717127496402
2080-09-21,0.0001716794895238
2080-09-22,0.0001715468080672
2080-09-23,0.0001711001077873
2080-09-24,0.0001705166360132
2080-09-25,0.0001699892021277
2080-09-26,0.0001693178958313
2080-09-27,0.0001684876840787
2080-09-28,0.0001680162018606
2080-09-29,0.0001675785349256
2080-09-30,0.0001671119099962
2080-10-01,0.0001666511200146
2080-10-02,0.0001662206377984
2080-10-03,0.0001657766746954
2080-10-04,0.0001653413486986
2080-10-05,0.0001649509472706
2080-10-06,0.0001645640235018
2080-10-07,0.0001641809777064
2080-10-08,0.0001637911401595
2080-10-09,0.0001633776618969
2080-10-10,0.0001629458777812
2080-10-11,0.0001625280500881
2080-10-12,0.0001621440912371
2080-10-13,0.0001618090265417
2080-10-14,0.0001614991461812
2080-10-15,0.0001612051751803
2080-10-16,0.0001609068539414
2080-10-17,0.0001605922733578
2080-10-18,0.0001602890772463
2080-10-19,0.0001600233567566
2080-10-20,0.0001597467988133
2080-10-21,0.0001594728381775
2080-10-22,0.0001591902743727
2080-10-23,0.000158907679902
2080-10-24,0.0001586436337671
2080-10-25,0.0001584040498315
2080-10-26,0.000158206103767
2080-10-27,0.0001580217767993
2080-10-28,0.0001578330742367
2080-10-29,0.0001576506429113
2080-10-30,0.0001574797870195
2080-10-31,0.0001573291657531
2080-11-01,0.0003436671366944
2080-11-02,0.0001571149035582
2080-11-03,0.0001569870582016
2080-11-04,0.0001568506096761
2080-11-05,0.0001567239276308
2080-11-06,0.0001566413634091
2080-11-07,0.0001565600238307
2080-11-08,0.000156478130608
2080-11-09,0.0001563967910296
2080-11-10,0.0001563148978069
2080-11-11,0.0001562330045842
2080-11-12,0.0001561498867183
2080-11-13,0.0013218023189139
2080-11-14,0.0001559854292739
2080-11-15,0.0001559035360513
2080-11-16,0.0001558221658069
2080-11-17,0.0001557407955624
2080-11-18,0.000155659425318
2080-11-19,0.0001555780550736
2080-11-20,0.0001554966848292
2080-11-21,0.0001554140899415
2080-11-22,0.000155332719697
2080-11-23,0.0001552508264744
2080-11-24,0.0001551682315867
2080-11-25,0.000155086338364
2080-11-26,0.0001550037434763
2080-11-27,0.0001549218502537
2080-11-28,0.0001548387017218
2080-11-29,0.0001547561068341
2080-11-30,0.0001546742136114
2080-12-01,0.0001545910957455
2080-12-02,0.0001545079778796
2080-12-03,0.0001544260846569
2080-12-04,0.000154342966791
2080-12-05,0.0020437469795185
2080-12-06,0.0004160937485207
2080-12-07,0.0111718212715384
2080-12-08,0.0002682577108312
2080-12-09,0.0001603488211364
2080-12-10,0.0001628606955576
2080-12-11,0.0001646060690672
2080-12-12,0.0001658837165202
2080-12-13,0.0001668188761552
2080-12-14,0.0001674720122107
2080-12-15,0.0001679409100697
2080-12-16,0.000168276982238
2080-12-17,0.0001685278928772
2080-12-18,0.0001687066129781
2080-12-19,0.0001688173140918
2080-12-20,0.0001688719903575
2080-12-21,0.0001689705497373
2080-12-22,0.0001691027992722
2080-12-23,0.0078556476811533
2080-12-24,0.0068360992457945
2080-12-25,0.0086813453063928
2080-12-26,0.0040120990354201
2080-12-27,0.0227902772408759
2080-12-28,0.0594911329519197
2080-12-29,0.0162737543449469
2080-12-30,0.0544342996697145
2080-12-31,0.016602707136614
2081-01-01,0.0076371572258512
2081-01-02,0.0238856535394878
2081-01-03,0.0243685665847163
2081-01-04,0.0170659115156365
2081-01-05,0.0167952219906003
2081-01-06,0.0155972681049273
2081-01-07,0.0148392506128767
2081-01-08,0.0146486767330613
2081-01-09,0.0150132487614695
2081-01-10,0.015318062396091
2081-01-11,0.0225633743103354
2081-01-12,0.016408291838144
2081-01-13,0.015272383801915
2081-01-14,0.0142804265265468
2081-01-15,0.0129082751680747
2081-01-16,0.0115668903731799
2081-01-17,0.0103461952000605
2081-01-18,0.0092372728921848
2081-01-19,0.0082262365008824
2081-01-20,0.007358885854656
2081-01-21,0.0066030378048706
2081-01-22,0.0059081470985167
2081-01-23,0.0052859300240607
2081-01-24,0.0047404947740038
2081-01-25,0.004747773619395
2081-01-26,0.004023699642116
2081-01-27,0.0037275847151701
2081-01-28,0.0034124720313963
2081-01-29,0.0031322889704394
2081-01-30,0.0028695950042747
2081-01-31,0.0026223438976079
2081-02-01,0.0023942268700012
2081-02-02,0.0021868830839596
2081-02-03,0.0020016061728546
2081-02-04,0.0018378794715376
2081-02-05,0.0016852547511464
2081-02-06,0.0015441311329702
2081-02-07,0.0014111405743566
2081-02-08,0.0012851657364189
2081-02-09,0.0011816908302151
2081-02-10,0.0010901347523684
2081-02-11,0.0009957034420149
2081-02-12,0.0009055414959406
2081-02-13,0.0008233921163815
2081-02-14,0.0007551462722728
2081-02-15,0.0006996406958643
2081-02-16,0.0006514685341914
2081-02-17,0.0006101886102207
2081-02-18,0.0032543769352623
2081-02-19,0.0005651666309663
2081-02-20,0.0005483128171788
2081-02-21,0.0032273641821447
2081-02-22,0.0005357769639471
2081-02-23,0.0005361670164208
2081-02-24,0.000534920165477
2081-02-25,0.000528691204672
2081-02-26,0.0005199765080988
2081-02-27,0.0077968022382984
2081-02-28,0.0023091490317921
2081-03-01,0.0007719983122984
2081-03-02,0.0009531222297546
2081-03-03,0.0011091833046824
2081-03-04,0.0010460429591106
2081-03-05,0.0010357533150551
2081-03-06,0.0010060961587498
2081-03-07,0.002549839923056
2081-03-08,0.0131719630652248
2081-03-09,0.0093057550031229
2081-03-10,0.0036654540507197
2081-03-11,0.0043441845123522
2081-03-12,0.0060193947108828
2081-03-13,0.0045735450183643
2081-03-14,0.0044386200034508
2081-03-15,0.0042604345859544
2081-03-16,0.0040095798094037
2081-03-17,0.0037205041091816
2081-03-18,0.0034053661680851
2081-03-19,0.0030956520516777
2081-03-20,0.0028158301026952
2081-03-21,0.0025744035125713
2081-03-22,0.0095149821227187
2081-03-23,0.0037994433511135
2081-03-24,0.0029992357951926
2081-03-25,0.0030521886350346
2081-03-26,0.002924615703397
2081-03-27,0.002714641916106
2081-03-28,0.0024894617401119
2081-03-29,0.010504090372065
2081-03-30,0.0113295769793482
2081-03-31,0.0053636048311317
2081-04-01,0.005632783887331
2081-04-02,0.005629891218993
2081-04-03,0.0053598990298548
2081-04-04,0.0049055043928467
2081-04-05,0.00438425756025
2081-04-06,0.003838600675321
2081-04-07,0.0033267855743193
2081-04-08,0.0028715649626938
2081-04-09,0.0024731744498855
2081-04-10,0.0021151710919103
2081-04-11,0.0018046319369514
2081-04-12,0.0015437276924214
2081-04-13,0.0013292478644952
2081-04-14,0.0011359400934399
2081-04-15,0.0009519995714199
2081-04-16,0.0007950520824973
2081-04-17,0.0006774954451427
2081-04-18,0.000583609787031
2081-04-19,0.0005147400503698
2081-04-20,0.0004628178601517
2081-04-21,0.0004297255105124
2081-04-22,0.0036280440749718
2081-04-23,0.0300030522311828
2081-04-24,0.0157801589849011
2081-04-25,0.0051788416815598
2081-04-26,0.0058652700820198
2081-04-27,0.0055974451605505
2081-04-28,0.0050873592575853
2081-04-29,0.0045029106134419
2081-04-30,0.0039048809702849
2081-05-01,0.0033530534391283
2081-05-02,0.0028262111857925
2081-05-03,0.0023855099449231
2081-05-04,0.0020167442487271
2081-05-05,0.0016924916918369
2081-05-06,0.0013937791481863
2081-05-07,0.0025018017581952
2081-05-08,0.0021877795223388
2081-05-09,0.0011361372933742
2081-05-10,0.0009934881287255
2081-05-11,0.0008217689465643
2081-05-12,0.0006739518693081
2081-05-13,0.0005644883946174
2081-05-14,0.0004877853875863
2081-05-15,0.0004374908105818
2081-05-16,0.0004144659181248
2081-05-17,0.0017939327620439
2081-05-18,0.0004094799341138
2081-05-19,0.0004083734086551
2081-05-20,0.0004056078664318
2081-05-21,0.0004021262075627
2081-05-22,0.0003984891797648
2081-05-23,0.0003946760716466
2081-05-24,0.0003904820587893
2081-05-25,0.0003861749110745
2081-05-26,0.0003824083913859
2081-05-27,0.0003785908632001
2081-05-28,0.0003747410461513
2081-05-29,0.0003708383989543
2081-05-30,0.000366915615288
2081-05-31,0.0003629797812923
2081-06-01,0.000359069948569
2081-06-02,0.0003548898647779
2081-06-03,0.0003506810932959
2081-06-04,0.0003462324697053
2081-06-05,0.0003415737861369
2081-06-06,0.000336982712238
2081-06-07,0.0003323805384829
2081-06-08,0.0003276077411264
2081-06-09,0.0003227599809316
2081-06-10,0.0003180599297954
2081-06-11,0.0003130366237257
2081-06-12,0.0003081458616177
2081-06-13,0.0003031251405806
2081-06-14,0.0002981269660529
2081-06-15,0.0002930055123435
2081-06-16,0.0002877990198105
2081-06-17,0.0002828328397191
2081-06-18,0.0002779540103737
2081-06-19,0.0002731397637266
2081-06-20,0.000268373603641
2081-06-21,0.0002635862697101
2081-06-22,0.0002588132324146
2081-06-23,0.0002542701298017
2081-06-24,0.000249799301611
2081-06-25,0.0002458008377263
2081-06-26,0.0002420964088042
2081-06-27,0.0002385289534236
2081-06-28,0.0002350731020615
2081-06-29,0.0002315547685774
2081-06-30,0.0002279099505107
2081-07-01,0.000224102434473
2081-07-02,0.0002203806381102
2081-07-03,0.0002169447644922
2081-07-04,0.0002137291070696
2081-07-05,0.0002107480621656
2081-07-06,0.0002077837901552
2081-07-07,0.0002046837692019
2081-07-08,0.0002017533222408
2081-07-09,0.0001990421644437
2081-07-10,0.0001966090509081
2081-07-11,0.0001942853861083
2081-07-12,0.0001919516751402
2081-07-13,0.0001895639224628
2081-07-14,0.0001870120443577
2081-07-15,0.0001843999092876
2081-07-16,0.0001819077552757
2081-07-17,0.000179468019672
2081-07-18,0.0001773229833597
2081-07-19,0.0001754036464628
2081-07-20,0.000173800398767
2081-07-21,0.0001724435258647
2081-07-22,0.0001713634936929
2081-07-23,0.0001703855263807
2081-07-24,0.0001693365265323
2081-07-25,0.0001681119951215
2081-07-26,0.0001669094401809
2081-07-27,0.0001659633912345
2081-07-28,0.0001651320898698
2081-07-29,0.0001643869522425
2081-07-30,0.0001637276778092
2081-07-31,0.0001630816266601
2081-08-01,0.0001623975727493
2081-08-02,0.0001617088557825
2081-08-03,0.0001610346435735
2081-08-04,0.0001603663120981
2081-08-05,0.00015977807105
2081-08-06,0.000159214761662
2081-08-07,0.0001586236248871
2081-08-08,0.0004152314220283
2081-08-09,0.0002132072831686
2081-08-10,0.0001579443612426
2081-08-11,0.0001576590710578
2081-08-12,0.0001573475350355
2081-08-13,0.0001571310998911
2081-08-14,0.0001570372824417
2081-08-15,0.0001569518326441
2081-08-16,0.0001568664135124
2081-08-17,0.0001567809637148
2081-08-18,0.0001566955139171
2081-08-19,0.0001566088701422
2081-08-20,0.0001565234203445
2081-08-21,0.0001564374782347
2081-08-22,0.000156352028437
2081-08-23,0.0001562683569269
2081-08-24,0.0001561829377952
2081-08-25,0.0001560974879976
2081-08-26,0.0001560120688659
2081-08-27,0.0001559266190683
2081-08-28,0.0001558411999366
2081-08-29,0.0001557557808049
2081-08-30,0.0001556721092948
2081-08-31,0.0001555866594971
2081-09-01,0.0001555012403655
2081-09-02,0.0001554158212338
2081-09-03,0.0001553321497237
2081-09-04,0.000155246730592
2081-09-05,0.0001551625361036
2081-09-06,0.0001550776399502
2081-09-07,0.0001549921901526
2081-09-08,0.0001549085186424
2081-09-09,0.0001548230995108
2081-09-10,0.0001547394586666
2081-09-11,0.0001546540395349
2081-09-12,0.0001545703680248
2081-09-13,0.0001544861735364
2081-09-14,0.000154401277383
2081-09-15,0.0001543176058728
2081-09-16,0.0001542334113844
2081-09-17,0.000154148545897
2081-09-18,0.0001540648743869
2081-09-19,0.0001539806798985
2081-09-20,0.000153895783745
2081-09-21,0.0001538121429009
2081-09-22,0.0001537284713907
2081-09-23,0.0001536447998806
2081-09-24,0.0001535606360582
2081-09-25,0.000153476964548
2081-09-26,0.0001533933237039
2081-09-27,0.0001533096521937
2081-09-28,0.0001532260113495
2081-09-29,0.0001531423398394
2081-09-30,0.0001530586989952
2081-10-01,0.0001529750274851
2081-10-02,0.0001528913866409
2081-10-03,0.0001528077457968
2081-10-04,0.0001527240742866
2081-10-05,0.0001526409564207
2081-10-06,0.0001525573155765
2081-10-07,0.0001524748993756
2081-10-08,0.0001523912278655
2081-10-09,0.0001523075870213
2081-10-10,0.0001522244691554
2081-10-11,0.0001521420529545
2081-10-12,0.0002521995127415
2081-10-13,0.0110314901323624
2081-10-14,0.0001524317813475
2081-10-15,0.0001534385582644
2081-10-16,0.0001543392132355
2081-10-17,0.0001550983714723
2081-10-18,0.0001557384699023
2081-10-19,0.0001562638280976
2081-10-20,0.0001566513005001
2081-10-21,0.0001569235203078
2081-10-22,0.0001571202350588
2081-10-23,0.0011816352964085
2081-10-24,0.0019978797066773
2081-10-25,0.0001582103869736
2081-10-26,0.0001589239472202
2081-10-27,0.0001595433743509
2081-10-28,0.0001600295382679
2081-10-29,0.0001603900215404
2081-10-30,0.0001606732668732
2081-10-31,0.0001608830095281
2081-11-01,0.000161037193483
2081-11-02,0.0001611392849298
2081-11-03,0.0001611468380219
2081-11-04,0.000161107494451
2081-11-05,0.0001610439303559
2081-11-06,0.0001609800088872
2081-11-07,0.0001609283469333
2081-11-08,0.000160873166036
2081-11-09,0.0001608117515331
2081-11-10,0.0001607348116728
2081-11-11,0.0001606763011372
2081-11-12,0.0001606319326765
2081-11-13,0.0001605935954341
2081-11-14,0.0001605258990758
2081-11-15,0.0001604518341731
2081-11-16,0.0001603922486714
2081-11-17,0.0001603364544543
2081-11-18,0.0004820442719268
2081-11-19,0.0001602873195139
2081-11-20,0.000160197834334
2081-11-21,0.0001745558579561
2081-11-22,0.0001601138704765
2081-11-23,0.0001600629932237
2081-11-24,0.0001599812492522
2081-11-25,0.0001598721284958
2081-11-26,0.0001597525596419
2081-11-27,0.0001596318834995
2081-11-28,0.000159510592381
2081-11-29,0.0001594046356583
2081-11-30,0.0001592892461286
2081-12-01,0.0017702675615417
2081-12-02,0.0110860230226483
2081-12-03,0.0001643249469275
2081-12-04,0.0001696729305516
2081-12-05,0.0001727231466032
2081-12-06,0.0001746815246195
2081-12-07,0.0001760455593062
2081-12-08,0.000177091616284
2081-12-09,0.000177903202266
2081-12-10,0.0001785313838099
2081-12-11,0.0001790130310321
2081-12-12,0.0001794091180674
2081-12-13,0.0001796546517524
2081-12-14,0.0001798126306447
2081-12-15,0.0008023986911388
2081-12-16,0.0001804087486472
2081-12-17,0.0001805318176687
2081-12-18,0.0001805116611517
2081-12-19,0.0001804360203488
2081-12-20,0.0002721597409152
2081-12-21,0.0001806732215114
2081-12-22,0.0004054199323064
2081-12-23,0.0001810690775345
2081-12-24,0.0001809880299189
2081-12-25,0.000180836858321
2081-12-26,0.0001806642859412
2081-12-27,0.0001804742749779
2081-12-28,0.0188939220309342
2081-12-29,0.0712174234760189
2081-12-30,0.0291731432257574
2081-12-31,0.0003486601827631
2082-01-01,0.0003594132424718
2082-01-02,0.0003637559913611
2082-01-03,0.0003663504988411
2082-01-04,0.0003678216176664
2082-01-05,0.0015784225919875
2082-01-06,0.0107595656196112
2082-01-07,0.0011094981324744
2082-01-08,0.0003995960320852
2082-01-09,0.0186148295714267
2082-01-10,0.0063842951358088
2082-01-11,0.002768671831774
2082-01-12,0.0052180108157749
2082-01-13,0.003397828492295
2082-01-14,0.0040794397617853
2082-01-15,0.0036746463866412
2082-01-16,0.0287130393066597
2082-01-17,0.0227739028238982
2082-01-18,0.0293623759484146
2082-01-19,0.0184717124142477
2082-01-20,0.0178995868548749
2082-01-21,0.0160177156672565
2082-01-22,0.0172372785121189
2082-01-23,0.0131784624126137
2082-01-24,0.0119975398971151
2082-01-25,0.0108521341565849
2082-01-26,0.0217277285921077
2082-01-27,0.0172840618243306
2082-01-28,0.0138803333020874
2082-01-29,0.013392231736977
2082-01-30,0.0124109340659108
2082-01-31,0.011865224040602
2082-02-01,0.0103439608529402
2082-02-02,0.0093504362784608
2082-02-03,0.0090182993062258
2082-02-04,0.0078043985332167
2082-02-05,0.0070952078538092
2082-02-06,0.0087795723540595
2082-02-07,0.0061062802276749
2082-02-08,0.0057005381571007
2082-02-09,0.0101912614889467
2082-02-10,0.0112858198805676
2082-02-11,0.0087255504056207
2082-02-12,0.0113935809662332
2082-02-13,0.0103596879549074
2082-02-14,0.0188393323572422
2082-02-15,0.0477061701620334
2082-02-16,0.0633511901931237
2082-02-17,0.0338264154333294
2082-02-18,0.1128979461324603
2082-02-19,0.0805504911454848
2082-02-20,0.0299513405906898
2082-02-21,0.0299513405906898
2082-02-22,0.0299494723764209
2082-02-23,0.0286302710501407
2082-02-24,0.0248417397689099
2082-02-25,0.0211888549106007
2082-02-26,0.0180742835825915
2082-02-27,0.0154874347947316
2082-02-28,0.0133111584837224
2082-03-01,0.0114863320183256
2082-03-02,0.0099605651144593
2082-03-03,0.0087079473671393
2082-03-04,0.0076200460705663
2082-03-05,0.0066716357133484
2082-03-06,0.0058569941660919
2082-03-07,0.0051361770784919
2082-03-08,0.0045091426937499
2082-03-09,0.003992425052538
2082-03-10,0.0035663148652728
2082-03-11,0.0031689417793264
2082-03-12,0.0028140066656514
2082-03-13,0.002507627895288
2082-03-14,0.007578425340606
2082-03-15,0.0021996269296889
2082-03-16,0.0033544644192026
2082-03-17,0.0021361519011841
2082-03-18,0.0020474199685429
2082-03-19,0.0019667731428789
2082-03-20,0.0018854776797436
2082-03-21,0.0017492954667931
2082-03-22,0.0015965431278141
2082-03-23,0.0014377362178795
2082-03-24,0.0013561055591886
2082-03-25,0.0012233702139079
2082-03-26,0.0011023600995672
2082-03-27,0.0023998708418563
2082-03-28,0.0054004412347837
2082-03-29,0.0010285683890002
2082-03-30,0.001034559692817
2082-03-31,0.0009907950440281
2082-04-01,0.0016068058430609
2082-04-02,0.0062281001895947
2082-04-03,0.0023780544554146
2082-04-04,0.0014186811721773
2082-04-05,0.0016245604627816
2082-04-06,0.0015425928605656
2082-04-07,0.001434224415671
2082-04-08,0.0013188962149808
2082-04-09,0.0015016836913945
2082-04-10,0.0011998396793175
2082-04-11,0.0010687504222921
2082-04-12,0.0034487145052922
2082-04-13,0.0175106012396276
2082-04-14,0.0029151581790466
2082-04-15,0.0033000986226453
2082-04-16,0.0033236811331336
2082-04-17,0.0031310623919245
2082-04-18,0.0152656103309879
2082-04-19,0.0045474917302386
2082-04-20,0.0066367027186921
2082-04-21,0.0055688521152483
2082-04-22,0.0052713392311291
2082-04-23,0.0047887659329467
2082-04-24,0.0042706837974812
2082-04-25,0.0042599568669789
2082-04-26,0.009984748613962
2082-04-27,0.0073683558051505
2082-04-28,0.0184748037014301
2082-04-29,0.0225093486118957
2082-04-30,0.013171245679703
2082-05-01,0.013009564664273
2082-05-02,0.0115059973873128
2082-05-03,0.0098677860508675
2082-05-04,0.0084009600960297
2082-05-05,0.0072437272728517
2082-05-06,0.0064160528344375
2082-05-07,0.0099428018569806
2082-05-08,0.0055054969380429
2082-05-09,0.0049357211761838
2082-05-10,0.0042484014626505
2082-05-11,0.0036170424387922
2082-05-12,0.003122529095767
2082-05-13,0.0027057543720545
2082-05-14,0.0022763606384618
2082-05-15,0.0018817007536212
2082-05-16,0.001536962557813
2082-05-17,0.0012403137508584
2082-05-18,0.0009941194647548
2082-05-19,0.0014308351832378
2082-05-20,0.0007488055731083
2082-05-21,0.0006160934989097
2082-05-22,0.000516554926873
2082-05-23,0.0004553966240259
2082-05-24,0.0004237963451862
2082-05-25,0.0004111072978781
2082-05-26,0.0004069630608
2082-05-27,0.0004031465862194
2082-05-28,0.0003994566959508
2082-05-29,0.0003959158204654
2082-05-30,0.0003922571630356
2082-05-31,0.0003883984189556
2082-06-01,0.0003842678104036
2082-06-02,0.0003799358762458
2082-06-03,0.00037571556246
2082-06-04,0.0003713368436849
2082-06-05,0.0003668999431226
2082-06-06,0.000362354494224
2082-06-07,0.0003580975948133
2082-06-08,0.000354039350053
2082-06-09,0.0003502970193737
2082-06-10,0.0003464240089016
2082-06-11,0.000342118747403
2082-06-12,0.0003371595406398
2082-06-13,0.0003324835174929
2082-06-14,0.0003278292157189
2082-06-15,0.0003231169358168
2082-06-16,0.0003182992997729
2082-06-17,0.0003131862144812
2082-06-18,0.0003080152622998
2082-06-19,0.0003033269898334
2082-06-20,0.0002986443867517
2082-06-21,0.0002939943374856
2082-06-22,0.0002891523435596
2082-06-23,0.0002845494653356
2082-06-24,0.0002798261538748
2082-06-25,0.0002749986123364
2082-06-26,0.0002702068136198
2082-06-27,0.0002654310157932
2082-06-28,0.0002604256083765
2082-06-29,0.0002556200579576
2082-06-30,0.0002510233024781
2082-07-01,0.0002467684420886
2082-07-02,0.0002429408393602
2082-07-03,0.0002393432139981
2082-07-04,0.0002357671811869
2082-07-05,0.0002322601703787
2082-07-06,0.0002288783651019
2082-07-07,0.0002253826079442
2082-07-08,0.0002220052007292
2082-07-09,0.0002185986118546
2082-07-10,0.0002152047584536
2082-07-11,0.0002118043786767
2082-07-12,0.0002085268475273
2082-07-13,0.0002052895177476
2082-07-14,0.0002019701933593
2082-07-15,0.0001989425760328
2082-07-16,0.0001965520967585
2082-07-17,0.0001942982704348
2082-07-18,0.000192102635286
2082-07-19,0.0001899124416949
2082-07-20,0.0001878373428636
2082-07-21,0.0001857809277296
2082-07-22,0.0001836762686668
2082-07-23,0.0001815171553057
2082-07-24,0.0001794893968981
2082-07-25,0.0001777969608301
2082-07-26,0.0001764242026501
2082-07-27,0.0001751399577229
2082-07-28,0.0001739121886303
2082-07-29,0.0001726692408942
2082-07-30,0.000171380182811
2082-07-31,0.0001701857280673
2082-08-01,0.0001690878880451
2082-08-02,0.0001679043541277
2082-08-03,0.0001666456418197
2082-08-04,0.0001654141807428
2082-08-05,0.0001642841233372
2082-08-06,0.0001633552521004
2082-08-07,0.0001624738177072
2082-08-08,0.0001616919334349
2082-08-09,0.0001610309841379
2082-08-10,0.0001604149843405
2082-08-11,0.0001599185252331
2082-08-12,0.00015954141505
2082-08-13,0.0001591790128607
2082-08-14,0.0001588157732604
2082-08-15,0.0001584725801691
2082-08-16,0.0001601670509645
2082-08-17,0.0001578964493401
2082-08-18,0.0001575887913327
2082-08-19,0.0001573453572476
2082-08-20,0.0001571481337033
2082-08-21,0.0001570382217063
2082-08-22,0.0001569527719086
2082-08-23,0.000156867322111
2082-08-24,0.0001567819029793
2082-08-25,0.0001566964531817
2082-08-26,0.00015661103405
2082-08-27,0.0001565255842524
2082-08-28,0.0001564401651207
2082-08-29,0.0001563547153231
2082-08-30,0.0001562692961914
2082-08-31,0.0001561838770598
2082-09-01,0.0001560984272621
2082-09-02,0.0001560130081305
2082-09-03,0.0001559275583328
2082-09-04,0.0001558421392012
2082-09-05,0.0001557572430478
2082-09-06,0.0001556730485594
2082-09-07,0.0001555876294277
2082-09-08,0.0001555021796301
2082-09-09,0.0001554172834766
2082-09-10,0.0001553330889883
2082-09-11,0.0001552476698566
2082-09-12,0.0001551627737032
2082-09-13,0.0001550785792148
2082-09-14,0.0001549936830614
2082-09-15,0.000154909488573
2082-09-16,0.0001548245924196
2082-09-17,0.0001547403979312
2082-09-18,0.0001546555017778
2082-09-19,0.0001545713072894
2082-09-20,0.0001544864111359
2082-09-21,0.0001544027396258
2082-09-22,0.0001543185758034
2082-09-23,0.00015423367965
2082-09-24,0.0001541500081398
2082-09-25,0.0001540658136514
2082-09-26,0.000153980948164
2082-09-27,0.0001538972766539
2082-09-28,0.0001538136051437
2082-09-29,0.0001537299642995
2082-09-30,0.0001627246719708
2082-10-01,0.0001535609043237
2082-10-02,0.0001534772328136
2082-10-03,0.0001533935613034
2082-10-04,0.0001533099204592
2082-10-05,0.0001532262796151
2082-10-06,0.0001531426081049
2082-10-07,0.0001530589672608
2082-10-08,0.0001529752957506
2082-10-09,0.0001528916549065
2082-10-10,0.0001528085370405
2082-10-11,0.0001527260901736
2082-10-12,0.0001526424493295
2082-10-13,0.0005003649601984
2082-10-14,0.0097171230386933
2082-10-15,0.0001527823533489
2082-10-16,0.0001534944062561
2082-10-17,0.0001541528288095
2082-10-18,0.0001547156298845
2082-10-19,0.0001551896343625
2082-10-20,0.0001555886760022
2082-10-21,0.0001558962861061
2082-10-22,0.0001560941870231
2082-10-23,0.0001561960644911
2082-10-24,0.00015621977049
2082-10-25,0.0001562388756138
2082-10-26,0.0001562516629071
2082-10-27,0.0001562310115311
2082-10-28,0.0001561545389247
2082-10-29,0.0001560693045104
2082-10-30,0.0001560150811829
2082-10-31,0.0001559488171227
2082-11-01,0.0001558726892753
2082-11-02,0.0001558291038179
2082-11-03,0.0001558101592466
2082-11-04,0.0001557922859886
2082-11-05,0.0001557707948237
2082-11-06,0.0001557449840868
2082-11-07,0.0001557166320653
2082-11-08,0.0001556839604719
2082-11-09,0.0001556482552817
2082-11-10,0.000155610008807
2082-11-11,0.0001555675040923
2082-11-12,0.0001555212947818
2082-11-13,0.0001554732458518
2082-11-14,0.0009741463429118
2082-11-15,0.000155373474062
2082-11-16,0.0001553234374918
2082-11-17,0.0001552716533
2082-11-18,0.0001552198077763
2082-11-19,0.000155165512966
2082-11-20,0.0001551111568237
2082-11-21,0.0001550537977507
2082-11-22,0.0001549957370126
2082-11-23,0.0001549371226303
2082-11-24,0.0001548760282955
2082-11-25,0.0001548149032947
2082-11-26,0.0001547508060292
2082-11-27,0.0001546872010758
2082-11-28,0.000154621817835
2082-11-29,0.0001545539853077
2082-11-30,0.0001544861221143
2082-12-01,0.0001544170036117
2082-12-02,0.0001543461374876
2082-12-03,0.0001542757636758
2082-12-04,0.0052817337127657
2082-12-05,0.0001543103632371
2082-12-06,0.0001545852491618
2082-12-07,0.0026393189855247
2082-12-08,0.0001555702225634
2082-12-09,0.000156496049089
2082-12-10,0.0001573147629275
2082-12-11,0.0001580089762093
2082-12-12,0.0001586023742054
2082-12-13,0.0001590965818736
2082-12-14,0.0001594906092801
2082-12-15,0.0001598166704509
2082-12-16,0.0001600999958916
2082-12-17,0.0001603137677707
2082-12-18,0.000160510218421
2082-12-19,0.0001607165712976
2082-12-20,0.0001608706742574
2082-12-21,0.0001609659800693
2082-12-22,0.0001610221373921
2082-12-23,0.0001610587764931
2082-12-24,0.0001611193478496
2082-12-25,0.0001611760796718
2082-12-26,0.0001612107879628
2082-12-27,0.0001612271159865
2082-12-28,0.0001612276050274
2082-12-29,0.0079931646723476
2082-12-30,0.0193084258253568
2082-12-31,0.0450679863872575
2083-01-01,0.0043290253590888
2083-01-02,0.0124257323272251
2083-01-03,0.0037272886768137
2083-01-04,0.0003129094964477
2083-01-05,0.0003199151524761
2083-01-06,0.0003238598610883
2083-01-07,0.0003265288301708
2083-01-08,0.0004745319039589
2083-01-09,0.0021253260781167
2083-01-10,0.0033031101988852
2083-01-11,0.0033473389962858
2083-01-12,0.005550841682074
2083-01-13,0.0048459539173802
2083-01-14,0.0044589839624207
2083-01-15,0.0026230878318601
2083-01-16,0.0069825283624786
2083-01-17,0.0099552160198504
2083-01-18,0.0205771926074025
2083-01-19,0.0374616209344837
2083-01-20,0.072094491084103
2083-01-21,0.0433202207500281
2083-01-22,0.0330544022821568
2083-01-23,0.0342953112985055
2083-01-24,0.0340539217142478
2083-01-25,0.03633276016084
2083-01-26,0.0360311078088475
2083-01-27,0.0329716216108478
2083-01-28,0.0284166358017043
2083-01-29,0.0264879670730144
2083-01-30,0.0453370688036021
2083-01-31,0.0317577609300823
2083-02-01,0.0308870865985464
2083-02-02,0.0268657948762785
2083-02-03,0.0301258018483428
2083-02-04,0.0419137962803934
2083-02-05,0.0561414674857354
2083-02-06,0.0472501932846575
2083-02-07,0.0299931523021945
2083-02-08,0.0291661442065234
2083-02-09,0.0279382015277773
2083-02-10,0.0252533362543654
2083-02-11,0.0241581107288735
2083-02-12,0.019134396325482
2083-02-13,0.0166880338600369
2083-02-14,0.0145468930446912
2083-02-15,0.0127320109093913
2083-02-16,0.0123279199164666
2083-02-17,0.0101281027546159
2083-02-18,0.0105419801683781
2083-02-19,0.0083720175806318
2083-02-20,0.0076686334485185
2083-02-21,0.0070214346628726
2083-02-22,0.0064206831901268
2083-02-23,0.0058565549043593
2083-02-24,0.0053237319008396
2083-02-25,0.0048333349356589
2083-02-26,0.0059584769453283
2083-02-27,0.0044472851849316
2083-02-28,0.005071501160231
2083-03-01,0.0038237745191237
2083-03-02,0.0036526233068477
2083-03-03,0.0144064286574025
2083-03-04,0.0078491062637669
2083-03-05,0.0086236642455397
2083-03-06,0.0068237489668675
2083-03-07,0.0279841640783361
2083-03-08,0.0125684149881344
2083-03-09,0.0132117027765794
2083-03-10,0.0122444918986047
2083-03-11,0.0109813231823757
2083-03-12,0.009697437202447
2083-03-13,0.0085247512148603
2083-03-14,0.0074989643132069
2083-03-15,0.0066303467737723
2083-03-16,0.0162473749240222
2083-03-17,0.0224379696872042
2083-03-18,0.0186562236364045
2083-03-19,0.0165949761283256
2083-03-20,0.0146592835449146
2083-03-21,0.0134986075938565
2083-03-22,0.0119884324408671
2083-03-23,0.0105005446621101
2083-03-24,0.0091802819600484
2083-03-25,0.0080273379999658
2083-03-26,0.0070075928326915
2083-03-27,0.0061030689769247
2083-03-28,0.0053057819436874
2083-03-29,0.0046577806465738
2083-03-30,0.0062773262522794
2083-03-31,0.0045255343294989
2083-04-01,0.0051338630496504
2083-04-02,0.0056977258672189
2083-04-03,0.0036504982926293
2083-04-04,0.0035159108885425
2083-04-05,0.003674949700742
2083-04-06,0.0104199353837979
2083-04-07,0.0231712354687584
2083-04-08,0.0195162016032342
2083-04-09,0.013000515739105
2083-04-10,0.0131372919447474
2083-04-11,0.0250976628952438
2083-04-12,0.0153249153951696
2083-04-13,0.0158242302828487
2083-04-14,0.0276202806737452
2083-04-15,0.020411024118724
2083-04-16,0.0178102587929364
2083-04-17,0.0161604020339069
2083-04-18,0.0141608520829725
2083-04-19,0.0173393418562569
2083-04-20,0.0118344275617831
2083-04-21,0.010992336124322
2083-04-22,0.0098849543333404
2083-04-23,0.0087661540687879
2083-04-24,0.0076089185372383
2083-04-25,0.0065774882328172
2083-04-26,0.0056646353405872
2083-04-27,0.0048234337570219
2083-04-28,0.0040618589936386
2083-04-29,0.0033999662963546
2083-04-30,0.0028439148991064
2083-05-01,0.0031384628985498
2083-05-02,0.002246306242774
2083-05-03,0.0019253959062125
2083-05-04,0.0016135181351055
2083-05-05,0.0013386175843121
2083-05-06,0.001092127875914
2083-05-07,0.0008863582263725
2083-05-08,0.0007197337992156
2083-05-09,0.0005985463290991
2083-05-10,0.0005195128473403
2083-05-11,0.0004608121539298
2083-05-12,0.0004244482610423
2083-05-13,0.0004106817308432
2083-05-14,0.0114774280492836
2083-05-15,0.0004096234612938
2083-05-16,0.0004120118597867
2083-05-17,0.0004108407272731
2083-05-18,0.0004081158068162
2083-05-19,0.0004053031135153
2083-05-20,0.0004020750082161
2083-05-21,0.0003986233462079
2083-05-22,0.0003951394341985
2083-05-23,0.0057881820955659
2083-05-24,0.0266133068485343
2083-05-25,0.0010344867488536
2083-05-26,0.0014363529460501
2083-05-27,0.0014306743358891
2083-05-28,0.0012955544175745
2083-05-29,0.0011243949506294
2083-05-30,0.0009669826234899
2083-05-31,0.0008376633781023
2083-06-01,0.000729503478557
2083-06-02,0.0006311642419636
2083-06-03,0.0005502243970289
2083-06-04,0.0004873014667125
2083-06-05,0.0004376780583478
2083-06-06,0.0004136865377982
2083-06-07,0.0004052808763269
2083-06-08,0.000401241677902
2083-06-09,0.0003971723013413
2083-06-10,0.0004990374983384
2083-06-11,0.0003919097371979
2083-06-12,0.0003877613681136
2083-06-13,0.0003835774598666
2083-06-14,0.000379405551068
2083-06-15,0.0003751172320986
2083-06-16,0.000370944803933
2083-06-17,0.000366574775314
2083-06-18,0.0003623340718337
2083-06-19,0.000358005127823
2083-06-20,0.0003535733559556
2083-06-21,0.0003494516410946
2083-06-22,0.0003454886456973
2083-06-23,0.0003408514058101
2083-06-24,0.0003361812220297
2083-06-25,0.0003315755313274
2083-06-26,0.0003271293949948
2083-06-27,0.0003228355448955
2083-06-28,0.0003179599155621
2083-06-29,0.0003132125008075
2083-06-30,0.0003084253720263
2083-07-01,0.0003036654536593
2083-07-02,0.0002989891041862
2083-07-03,0.0002942655223805
2083-07-04,0.0002898774403294
2083-07-05,0.000285298448575
2083-07-06,0.0002806546831608
2083-07-07,0.0002760632057592
2083-07-08,0.0002713799222873
2083-07-09,0.0002664312397272
2083-07-10,0.0002615380385632
2083-07-11,0.0002568415969959
2083-07-12,0.0002525589269257
2083-07-13,0.0002481814445022
2083-07-14,0.0002439163056922
2083-07-15,0.0002401647879503
2083-07-16,0.0002365810855379
2083-07-17,0.0002331430870015
2083-07-18,0.0002297286539592
2083-07-19,0.0002263977803813
2083-07-20,0.000223160066336
2083-07-21,0.0002200096801467
2083-07-22,0.0002170043558855
2083-07-23,0.0002141579665575
2083-07-24,0.0002113808997757
2083-07-25,0.0002086509811016
2083-07-26,0.0002060382294785
2083-07-27,0.0002035513490769
2083-07-28,0.0002010689137565
2083-07-29,0.0001986572786436
2083-07-30,0.0001963459476867
2083-07-31,0.0001942110998697
2083-08-01,0.0001921079394477
2083-08-02,0.0001900252798342
2083-08-03,0.0001883018723486
2083-08-04,0.0001866500281506
2083-08-05,0.0001849173191025
2083-08-06,0.0006395793402903
2083-08-07,0.000401843367494
2083-08-08,0.0001821345359199
2083-08-09,0.0001804270831156
2083-08-10,0.0001785888487097
2083-08-11,0.0001770113020446
2083-08-12,0.0001755520403789
2083-08-13,0.0001741071976725
2083-08-14,0.0001728391642632
2083-08-15,0.0001719354965601
2083-08-16,0.0001712047300236
2083-08-17,0.0001702670446916
2083-08-18,0.0001700038899434
2083-08-19,0.0001677523825604
2083-08-20,0.000166288861844
2083-08-21,0.0001651553188353
2083-08-22,0.0001641917774447
2083-08-23,0.0001632976023486
2083-08-24,0.0001624483101109
2083-08-25,0.0001617035786542
2083-08-26,0.0001610184335482
2083-08-27,0.0001604405114738
2083-08-28,0.0001598805300646
2083-08-29,0.0001593942332914
2083-08-30,0.0001589500589285
2083-08-31,0.0001585174862019
2083-09-01,0.0001582267156774
2083-09-02,0.000157955846105
2083-09-03,0.0001576749647246
2083-09-04,0.0001573904134071
2083-09-05,0.0001571555571308
2083-09-06,0.0001569728682028
2083-09-07,0.0001568874184052
2083-09-08,0.0001568019686075
2083-09-09,0.0003360872393537
2083-09-10,0.0001566310996782
2083-09-11,0.0001565456805466
2083-09-12,0.0001564595290839
2083-09-13,0.0001563741099522
2083-09-14,0.0001562886601546
2083-09-15,0.0001562032410229
2083-09-16,0.0001561190158686
2083-09-17,0.0001560335967369
2083-09-18,0.0001559487005835
2083-09-19,0.0001558632507858
2083-09-20,0.0001557778316542
2083-09-21,0.0001556929355008
2083-09-22,0.0001556075163691
2083-09-23,0.0001555232912147
2083-09-24,0.0001554383950613
2083-09-25,0.0001553529759296
2083-09-26,0.0001552680797762
2083-09-27,0.0001551838852878
2083-09-28,0.0014095888964106
2083-09-29,0.000155014794646
2083-09-30,0.0001549298984926
2083-10-01,0.000154844479361
2083-10-02,0.0001547608078508
2083-10-03,0.0001546759116974
2083-10-04,0.000154591717209
2083-10-05,0.0001545080456988
2083-10-06,0.0001544231495454
2083-10-07,0.0001543394780353
2083-10-08,0.0001542546125478
2083-10-09,0.0001541704180594
2083-10-10,0.0001540867465493
2083-10-11,0.0001540030750391
2083-10-12,0.0064996369786571
2083-10-13,0.0132354018414916
2083-10-14,0.000162190113795
2083-10-15,0.0001690109048252
2083-10-16,0.0001721593504319
2083-10-17,0.0001738718780291
2083-10-18,0.0001748504042532
2083-10-19,0.0001753470112953
2083-10-20,0.0001755048326959
2083-10-21,0.0001754027542451
2083-10-22,0.0001751641647066
2083-10-23,0.0001748202092983
2083-10-24,0.0001744598322533
2083-10-25,0.0001740275607116
2083-10-26,0.0001738786761682
2083-10-27,0.0004041540833741
2083-10-28,0.0001738283461346
2083-10-29,0.0001735940214617
2083-10-30,0.0001733054371461
2083-10-31,0.0001729585303696
2083-11-01,0.0001726472637572
2083-11-02,0.0001723353007888
2083-11-03,0.0001719260218567
2083-11-04,0.0001714753675838
2083-11-05,0.0001710283128266
2083-11-06,0.0001705564180674
2083-11-07,0.000170081022756
2083-11-08,0.0001696260382928
2083-11-09,0.0001691936485888
2083-11-10,0.0001687662923966
2083-11-11,0.0001683383825601
2083-11-12,0.0001679209891186
2083-11-13,0.0001675196256214
2083-11-14,0.0001671281206023
2083-11-15,0.0001667452976679
2083-11-16,0.0001664041383429
2083-11-17,0.0001660669665731
2083-11-18,0.0001657210383045
2083-11-19,0.0001653838052027
2083-11-20,0.0001651053676339
2083-11-21,0.0001648293662695
2083-11-22,0.00033256502544
2083-11-23,0.0011718179654372
2083-11-24,0.0099683151935877
2083-11-25,0.0497370203006508
2083-11-26,0.0002400026521215
2083-11-27,0.0002515045587144
2083-11-28,0.0428508375153277
2083-11-29,0.0003169881522957
2083-11-30,0.0003287359822759
2083-12-01,0.000332769850511
2083-12-02,0.0003347176317226
2083-12-03,0.0003357405730009
2083-12-04,0.0003362800969238
2083-12-05,0.0003365597193804
2083-12-06,0.0003366586267044
2083-12-07,0.0003365330527135
2083-12-08,0.0003361863491318
2083-12-09,0.0003356103000224
2083-12-10,0.0003348619541042
2083-12-11,0.0003340667614292
2083-12-12,0.0106090700983866
2083-12-13,0.0003397689421242
2083-12-14,0.000345240224739
2083-12-15,0.0003480064691905
2083-12-16,0.0003495882551985
2083-12-17,0.0003504264643562
2083-12-18,0.000350752730375
2083-12-19,0.0038598049237284
2083-12-20,0.0101761134935808
2083-12-21,0.0026715949540748
2083-12-22,0.0003763042085735
2083-12-23,0.006369127426565
2083-12-24,0.0112197553030114
2083-12-25,0.0005346056672659
2083-12-26,0.0007377113066674
2083-12-27,0.0008546810847613
2083-12-28,0.0009201679730749
2083-12-29,0.0051405006475317
2083-12-30,0.0273834713401694
2083-12-31,0.0326764009786308
2084-01-01,0.0194193254600802
2084-01-02,0.0157560491059155
2084-01-03,0.0151059587656815
2084-01-04,0.0181589604853582
2084-01-05,0.0318351680653732
2084-01-06,0.019081622964257
2084-01-07,0.0188053772981025
2084-01-08,0.0169532041837482
2084-01-09,0.0149907896123799
2084-01-10,0.0136469487682281
2084-01-11,0.0118435682916228
2084-01-12,0.0181416135589409
2084-01-13,0.0106903473241929
2084-01-14,0.0155908076145441
2084-01-15,0.0393015477234803
2084-01-16,0.0602785102729571
2084-01-17,0.0474127327388106
2084-01-18,0.1237750325136509
2084-01-19,0.0631578995142506
2084-01-20,0.0305519044244333
2084-01-21,0.0299706878618823
2084-01-22,0.0299386786492151
2084-01-23,0.0287358952021154
2084-01-24,0.0251396159964119
2084-01-25,0.0215079888741071
2084-01-26,0.0184146530432681
2084-01-27,0.0158200013497594
2084-01-28,0.0136647723606179
2084-01-29,0.0118865549620807
2084-01-30,0.0103882132422599
2084-01-31,0.0091079895893141
2084-02-01,0.0083058455630202
2084-02-02,0.0118325714982163
2084-02-03,0.0099426340154102
2084-02-04,0.007498152231649
2084-02-05,0.0078152721577345
2084-02-06,0.0101804260466522
2084-02-07,0.0071450877477763
2084-02-08,0.0110127057254135
2084-02-09,0.0096744198630099
2084-02-10,0.0078003899718018
2084-02-11,0.0076649799764433
2084-02-12,0.0072869500804485
2084-02-13,0.0105167938879397
2084-02-14,0.006772327540607
2084-02-15,0.0153365755430337
2084-02-16,0.0178517759604237
2084-02-17,0.016326621724113
2084-02-18,0.0149851604273311
2084-02-19,0.0212592221837393
2084-02-20,0.0236639562528544
2084-02-21,0.0177983068329239
2084-02-22,0.0171826576571067
2084-02-23,0.0156305604548553
2084-02-24,0.0139991178994734
2084-02-25,0.0124718367517782
2084-02-26,0.0125764400008406
2084-02-27,0.0133427194281591
2084-02-28,0.0095561668867642
2084-02-29,0.0088820809148409
2084-03-01,0.0081458061478323
2084-03-02,0.0365875396107842
2084-03-03,0.0164223239509495
2084-03-04,0.0162345284731685
2084-03-05,0.0150175791783784
2084-03-06,0.0134313509689289
2084-03-07,0.0118977728665889
2084-03-08,0.0108023479295843
2084-03-09,0.0117247048863583
2084-03-10,0.0088073130096255
2084-03-11,0.0163173469131358
2084-03-12,0.0099355510220307
2084-03-13,0.0095575068191985
2084-03-14,0.0111044904326849
2084-03-15,0.0090844966485426
2084-03-16,0.0196957806016651
2084-03-17,0.0128053590231431
2084-03-18,0.0128010162053225
2084-03-19,0.016929606242169
2084-03-20,0.0181936978826613
2084-03-21,0.0135405942990266
2084-03-22,0.0130626796500159
2084-03-23,0.0118606283926358
2084-03-24,0.0106438714471872
2084-03-25,0.0117529775264993
2084-03-26,0.0088564822301053
2084-03-27,0.013500054488655
2084-03-28,0.0086908750197137
2084-03-29,0.0080907675099486
2084-03-30,0.0074907097252153
2084-03-31,0.0067747629791795
2084-04-01,0.0091525373195835
2084-04-02,0.006362543480022
2084-04-03,0.0057210689944137
2084-04-04,0.0052929585689687
2084-04-05,0.0047384812147889
2084-04-06,0.0041848598127803
2084-04-07,0.0037086799783716
2084-04-08,0.0033715330261447
2084-04-09,0.0061864615412348
2084-04-10,0.0060565255488228
2084-04-11,0.0032089082341333
2084-04-12,0.003177746929106
2084-04-13,0.00298714249126
2084-04-14,0.0027153479191606
2084-04-15,0.0024121923930515
2084-04-16,0.0020920805792615
2084-04-17,0.0017866182839841
2084-04-18,0.0015227426690513
2084-04-19,0.0013128244041844
2084-04-20,0.0011227373551374
2084-04-21,0.000939722530327
2084-04-22,0.0007829629026699
2084-04-23,0.0006562570100507
2084-04-24,0.0005596301730506
2084-04-25,0.0004920467326182
2084-04-26,0.0004484679248305
2084-04-27,0.0059476499878887
2084-04-28,0.0004870197379096
2084-04-29,0.0004180155319646
2084-04-30,0.0004113483901816
2084-05-01,0.0004082916718814
2084-05-02,0.0004055597230109
2084-05-03,0.0004028668916235
2084-05-04,0.0004000778870717
2084-05-05,0.0003972868286231
2084-05-06,0.0003949345088011
2084-05-07,0.0003926195497067
2084-05-08,0.0003897246210563
2084-05-09,0.0003867933436113
2084-05-10,0.0003836528485274
2084-05-11,0.0003801333136362
2084-05-12,0.0003767487057749
2084-05-13,0.0003732802877323
2084-05-14,0.0003698881127681
2084-05-15,0.0003661223379837
2084-05-16,0.000362451896832
2084-05-17,0.0003587256123643
2084-05-18,0.0003548566294568
2084-05-19,0.0003506889126831
2084-05-20,0.0003465183463086
2084-05-21,0.0003423339457079
2084-05-22,0.0003381668447179
2084-05-23,0.0003337625270224
2084-05-24,0.000329088976904
2084-05-25,0.0003247267113218
2084-05-26,0.0003206218103815
2084-05-27,0.0003161595963606
2084-05-28,0.000311790361955
2084-05-29,0.0003073256021479
2084-05-30,0.0003028726185467
2084-05-31,0.0002985433754334
2084-06-01,0.0002940652655994
2084-06-02,0.0002895388320718
2084-06-03,0.0002849445815628
2084-06-04,0.000280280332158
2084-06-05,0.000275630044911
2084-06-06,0.000270970177259
2084-06-07,0.0002662011152026
2084-06-08,0.0002617396605259
2084-06-09,0.0002571761176737
2084-06-10,0.0002526697646806
2084-06-11,0.0002482730193132
2084-06-12,0.0002442725228034
2084-06-13,0.0002404027854761
2084-06-14,0.0002366541708557
2084-06-15,0.0002330467674634
2084-06-16,0.0002292928302137
2084-06-17,0.0002255137172925
2084-06-18,0.0002221829663403
2084-06-19,0.0003071488860296
2084-06-20,0.0002251048390481
2084-06-21,0.0002159129484747
2084-06-22,0.0002124891381424
2084-06-23,0.0002092238832842
2084-06-24,0.0002061349557307
2084-06-25,0.0002030941367412
2084-06-26,0.0002001261821345
2084-06-27,0.0001975390984156
2084-06-28,0.0001950249821631
2084-06-29,0.0001930197305127
2084-06-30,0.0001909645028165
2084-07-01,0.0001886827714619
2084-07-02,0.0001864293005154
2084-07-03,0.0001844850867955
2084-07-04,0.0001826446463102
2084-07-05,0.0001805743234295
2084-07-06,0.0001782441820357
2084-07-07,0.0001757882920844
2084-07-08,0.0001734709565027
2084-07-09,0.0001713158159615
2084-07-10,0.0001695569754611
2084-07-11,0.0001679778241847
2084-07-12,0.0001664538697746
2084-07-13,0.000165202745771
2084-07-14,0.0001642156195633
2084-07-15,0.0001631757535904
2084-07-16,0.0001621414800825
2084-07-17,0.0001612945233464
2084-07-18,0.0001604940310595
2084-07-19,0.000160150974539
2084-07-20,0.0001593006407018
2084-07-21,0.000158733245135
2084-07-22,0.0001582460336497
2084-07-23,0.0001578228106558
2084-07-24,0.000157447451238
2084-07-25,0.0001572012856729
2084-07-26,0.0001571142669405
2084-07-27,0.0001570275924996
2084-07-28,0.0001569421733679
2084-07-29,0.0001568567235703
2084-07-30,0.0001567713044386
2084-07-31,0.0001566853316628
2084-08-01,0.0001565999125311
2084-08-02,0.0001565144627335
2084-08-03,0.0001564290436018
2084-08-04,0.0001563435938042
2084-08-05,0.0001562581746725
2084-08-06,0.0001561732478531
2084-08-07,0.0001560878287214
2084-08-08,0.0001560024095898
2084-08-09,0.0001559169597921
2084-08-10,0.0001558315406605
2084-08-11,0.0001557473461721
2084-08-12,0.0001556619270404
2084-08-13,0.000155577000221
2084-08-14,0.0001554915810894
2084-08-15,0.000155407386601
2084-08-16,0.0001553224904476
2084-08-17,0.0001552370713159
2084-08-18,0.0001551528768275
2084-08-19,0.0001550679806741
2084-08-20,0.0001549837861857
2084-08-21,0.0001548988900323
2084-08-22,0.0001548146955439
2084-08-23,0.0001547297993905
2084-08-24,0.0001546456049021
2084-08-25,0.0001545607087487
2084-08-26,0.0001544765142603
2084-08-27,0.0001543928734161
2084-08-28,0.0001543079772627
2084-08-29,0.0001542237827743
2084-08-30,0.0001541401112641
2084-08-31,0.0001540552457767
2084-09-01,0.0001539710512883
2084-09-02,0.0001538873797782
2084-09-03,0.000153803738934
2084-09-04,0.0001537188427806
2084-09-05,0.0001536351712704
2084-09-06,0.0002746367187537
2084-09-07,0.0001534678589161
2084-09-08,0.0001533836950937
2084-09-09,0.0001533000235836
2084-09-10,0.0001532163827394
2084-09-11,0.0001531327112293
2084-09-12,0.0001530490703851
2084-09-13,0.0001529654295409
2084-09-14,0.000152882281009
2084-09-15,0.0001527986401649
2084-09-16,0.0001527149993207
2084-09-17,0.0001526325524538
2084-09-18,0.0001525489116096
2084-09-19,0.0001524652707655
2084-09-20,0.0001523821528996
2084-09-21,0.0001522985120554
2084-09-22,0.0001522160958545
2084-09-23,0.0001521324243443
2084-09-24,0.0001520493064784
2084-09-25,0.0001519668902775
2084-09-26,0.0001518832494334
2084-09-27,0.0001518013562107
2084-09-28,0.0001517177153665
2084-09-29,0.0001516345975006
2084-09-30,0.0001515521812997
2084-10-01,0.0001514690940998
2084-10-02,0.0001513866778989
2084-10-03,0.0001513047846762
2084-10-04,0.0001512216668103
2084-10-05,0.0001511392506094
2084-10-06,0.0001510561634095
2084-10-07,0.0001509737472086
2084-10-08,0.0001508918539859
2084-10-09,0.0001508099607633
2084-10-10,0.0001507268735633
2084-10-11,0.0001506444573624
2084-10-12,0.0001505625641398
2084-10-13,0.0001504807015831
2084-10-14,0.0001503988083604
2084-10-15,0.0001503157211605
2084-10-16,0.0001502338279378
2084-10-17,0.0001501514424029
2084-10-18,0.0001500695491803
2084-10-19,0.0001499876866236
2084-10-20,0.0055151595147003
2084-10-21,0.0042268323704273
2084-10-22,0.0093966375678652
2084-10-23,0.0007522798567362
2084-10-24,0.00016359278417
2084-10-25,0.0001670576910568
2084-10-26,0.0001690938955644
2084-10-27,0.0001704257690595
2084-10-28,0.000171243756331
2084-10-29,0.0001716751265796
2084-10-30,0.0001718651457356
2084-10-31,0.0001719487628761
2084-11-01,0.0001720047288528
2084-11-02,0.0001720123858329
2084-11-03,0.0001718890383505
2084-11-04,0.0001716741791861
2084-11-05,0.0001714247703698
2084-11-06,0.0005781044173586
2084-11-07,0.0001714103457582
2084-11-08,0.0001712857801752
2084-11-09,0.0001710725500471
2084-11-10,0.0001708335435423
2084-11-11,0.0001705690873684
2084-11-12,0.0001702355355848
2084-11-13,0.0001698883365024
2084-11-14,0.0001695248928138
2084-11-15,0.000169162015044
2084-11-16,0.0001688113583501
2084-11-17,0.0001684850010962
2084-11-18,0.0001681790853566
2084-11-19,0.0001678953280867
2084-11-20,0.0001676319203331
2084-11-21,0.0001673555722548
2084-11-22,0.0001670422367052
2084-11-23,0.0001667247909365
2084-11-24,0.0001664486162358
2084-11-25,0.0001662093063425
2084-11-26,0.0001659571166489
2084-11-27,0.0001656762650027
2084-11-28,0.0001653811563905
2084-11-29,0.0001651112398448
2084-11-30,0.0028702775827366
2084-12-01,0.001219407754362
2084-12-02,0.000165132134002
2084-12-03,0.0001652969099581
2084-12-04,0.000165404846548
2084-12-05,0.000165527649771
2084-12-06,0.000165666753623
2084-12-07,0.0001657854772927
2084-12-08,0.0001658334182559
2084-12-09,0.0001658336766659
2084-12-10,0.0001658031681282
2084-12-11,0.0001658026942073
2084-12-12,0.0042446525808518
2084-12-13,0.0056157457247956
2084-12-14,0.0001710341950317
2084-12-15,0.0001755177639294
2084-12-16,0.0002833960929623
2084-12-17,0.000412744405452
2084-12-18,0.0001823290513602
2084-12-19,0.0001833514407367
2084-12-20,0.0001841479307712
2084-12-21,0.011441657058578
2084-12-22,0.0001953156015127
2084-12-23,0.0002024365318084
2084-12-24,0.000205825665033
2084-12-25,0.0004207883860412
2084-12-26,0.000209878820945
2084-12-27,0.0041296761364273
2084-12-28,0.008462190150484
2084-12-29,0.003683384073396
2084-12-30,0.0042813016877594
2084-12-31,0.0077593426301226
2085-01-01,0.0136527585145804
2085-01-02,0.0007905498492565
2085-01-03,0.0008838237291685
2085-01-04,0.0036730135603215
2085-01-05,0.0298103488738018
2085-01-06,0.0767778410721863
2085-01-07,0.0689160725498963
2085-01-08,0.0235718654059496
2085-01-09,0.0224758853999966
2085-01-10,0.0199720577804716
2085-01-11,0.0174492348318621
2085-01-12,0.0173635243659839
2085-01-13,0.0156277271058909
2085-01-14,0.0126709446579105
2085-01-15,0.0129386188233409
2085-01-16,0.0108238485814756
2085-01-17,0.0160619981680001
2085-01-18,0.0101920749128583
2085-01-19,0.0100192100675431
2085-01-20,0.0202434594531005
2085-01-21,0.014094336450385
2085-01-22,0.0126106638135826
2085-01-23,0.0129573401007808
2085-01-24,0.0114290613335821
2085-01-25,0.0104421084307713
2085-01-26,0.0094244373503424
2085-01-27,0.0084975308721647
2085-01-28,0.007659058857568
2085-01-29,0.0069229696060777
2085-01-30,0.0077799323486481
2085-01-31,0.0382220851492865
2085-02-01,0.0314608920731626
2085-02-02,0.0242074267738264
2085-02-03,0.0274481354845968
2085-02-04,0.0218647231620193
2085-02-05,0.02094685154535
2085-02-06,0.0192905826586954
2085-02-07,0.0173965284445278
2085-02-08,0.0194590576762301
2085-02-09,0.016800739149769
2085-02-10,0.0142582654546575
2085-02-11,0.0132386702707334
2085-02-12,0.0119716893266444
2085-02-13,0.0107611880246365
2085-02-14,0.0115206748121971
2085-02-15,0.0126793887934562
2085-02-16,0.0323242948197101
2085-02-17,0.0460308378308645
2085-02-18,0.0308591480846372
2085-02-19,0.0272786793948028
2085-02-20,0.0239433313126502
2085-02-21,0.0205519846315071
2085-02-22,0.0176205530900688
2085-02-23,0.0151348524472046
2085-02-24,0.0130334880082525
2085-02-25,0.0113436818782551
2085-02-26,0.0099484918789401
2085-02-27,0.0086959305341424
2085-02-28,0.0076184858327936
2085-03-01,0.0069132215204952
2085-03-02,0.0060969554354677
2085-03-03,0.0054051247772699
2085-03-04,0.0047691460863464
2085-03-05,0.0042113114229831
2085-03-06,0.0037159748771082
2085-03-07,0.003303039375204
2085-03-08,0.0029627143739003
2085-03-09,0.0026455943074677
2085-03-10,0.0023653116455743
2085-03-11,0.0020971965374107
2085-03-12,0.0018501687270414
2085-03-13,0.0032414329855385
2085-03-14,0.0032893166648285
2085-03-15,0.0027415185816505
2085-03-16,0.0031657986971267
2085-03-17,0.0015859342810511
2085-03-18,0.0014996340204671
2085-03-19,0.0014284292649098
2085-03-20,0.0013540829752919
2085-03-21,0.0012771678381648
2085-03-22,0.0011843065672357
2085-03-23,0.0010795891833942
2085-03-24,0.0009707516460993
2085-03-25,0.0008649891585707
2085-03-26,0.0007698944618953
2085-03-27,0.0006900095399969
2085-03-28,0.0006257552534811
2085-03-29,0.0005770337171807
2085-03-30,0.0005322943001995
2085-03-31,0.000495014110858
2085-04-01,0.0004632840435056
2085-04-02,0.0004387151773102
2085-04-03,0.0004247746049922
2085-04-04,0.0004148030255076
2085-04-05,0.0005308959432828
2085-04-06,0.0004100602932232
2085-04-07,0.0004070155238082
2085-04-08,0.0004045778591379
2085-04-09,0.0004017641849474
2085-04-10,0.000818432033518
2085-04-11,0.0003983182340309
2085-04-12,0.0004338555105191
2085-04-13,0.0047227660729727
2085-04-14,0.000395456458129
2085-04-15,0.0003935866098518
2085-04-16,0.0003911520714594
2085-04-17,0.0003884723444777
2085-04-18,0.0003858392872225
2085-04-19,0.0003833579605599
2085-04-20,0.0003805030185312
2085-04-21,0.0003774018243729
2085-04-22,0.0003742163621196
2085-04-23,0.0003711739205536
2085-04-24,0.0003682700819469
2085-04-25,0.0003650879799979
2085-04-26,0.0003618762396676
2085-04-27,0.0004414883814248
2085-04-28,0.0003571583536711
2085-04-29,0.000353848551201
2085-04-30,0.0003505858207681
2085-05-01,0.0003472637681712
2085-05-02,0.0003437815037553
2085-05-03,0.0003402258564387
2085-05-04,0.0003364996942536
2085-05-05,0.0003325738882919
2085-05-06,0.000328512744406
2085-05-07,0.0003243127600059
2085-05-08,0.0003201323498504
2085-05-09,0.00031604626581
2085-05-10,0.0003119758183652
2085-05-11,0.0003077351836499
2085-05-12,0.0003034569992386
2085-05-13,0.0002992248764985
2085-05-14,0.0002949263094825
2085-05-15,0.0002905593047323
2085-05-16,0.0002861123776234
2085-05-17,0.0002815797206027
2085-05-18,0.0002769653143014
2085-05-19,0.0002722905848995
2085-05-20,0.0002676202331335
2085-05-21,0.0002631208794174
2085-05-22,0.0002585823191928
2085-05-23,0.0002541192837743
2085-05-24,0.0002495547543427
2085-05-25,0.0002448800707268
2085-05-26,0.0002406429867174
2085-05-27,0.0002369473469564
2085-05-28,0.0002332008846491
2085-05-29,0.0002294163285586
2085-05-30,0.0002257897857652
2085-05-31,0.000222217163632
2085-06-01,0.0002187219916781
2085-06-02,0.0002152012518928
2085-06-03,0.0002119777282615
2085-06-04,0.000209067711135
2085-06-05,0.000205866942857
2085-06-06,0.0002027387830153
2085-06-07,0.0001995447173361
2085-06-08,0.000196595137475
2085-06-09,0.0001937847134515
2085-06-10,0.0001911208212443
2085-06-11,0.000188584609129
2085-06-12,0.0001861421846875
2085-06-13,0.0001837658141427
2085-06-14,0.0001815269571926
2085-06-15,0.0001794789659054
2085-06-16,0.0001776178158954
2085-06-17,0.0001758258080885
2085-06-18,0.0001739674736592
2085-06-19,0.0001721301119182
2085-06-20,0.0001705673162706
2085-06-21,0.0001690204679572
2085-06-22,0.0001678496789875
2085-06-23,0.0001666218674631
2085-06-24,0.0001654625472734
2085-06-25,0.0001643655751542
2085-06-26,0.0001633109858518
2085-06-27,0.0001624983916278
2085-06-28,0.0001619246807772
2085-06-29,0.0001614476054618
2085-06-30,0.0001609137047114
2085-07-01,0.0001603274146039
2085-07-02,0.0001597375179737
2085-07-03,0.0001590831245712
2085-07-04,0.0001586268784283
2085-07-05,0.0001580918789285
2085-07-06,0.0001574480411642
2085-07-07,0.0001570692452388
2085-07-08,0.000156969831713
2085-07-09,0.0001568843819153
2085-07-10,0.0001567989321177
2085-07-11,0.000156713512986
2085-07-12,0.0001566280631884
2085-07-13,0.0001565426440567
2085-07-14,0.0001564571942591
2085-07-15,0.0001563717444614
2085-07-16,0.0001562863253298
2085-07-17,0.0001562009061981
2085-07-18,0.0001561154564005
2085-07-19,0.0001560300372688
2085-07-20,0.0001559445874712
2085-07-21,0.0001558596913177
2085-07-22,0.0001557742721861
2085-07-23,0.0001556900470317
2085-07-24,0.0001556046279001
2085-07-25,0.0001555197317466
2085-07-26,0.000155434312615
2085-07-27,0.0001553500874606
2085-07-28,0.0001552651913072
2085-07-29,0.0001551797721755
2085-07-30,0.0001550961006654
2085-07-31,0.0001550106815337
2085-08-01,0.0001549270100236
2085-08-02,0.0001548415908919
2085-08-03,0.0001547579193818
2085-08-04,0.0001546725002501
2085-08-05,0.0001545888287399
2085-08-06,0.0001545034096083
2085-08-07,0.0001544197380981
2085-08-08,0.0001543348419447
2085-08-09,0.0001542506474563
2085-08-10,0.0001541670066122
2085-08-11,0.000154083335102
2085-08-12,0.006254169310322
2085-08-13,0.0002303905742949
2085-08-14,0.0019223843144222
2085-08-15,0.000153965564288
2085-08-16,0.0001540666577328
2085-08-17,0.00015415760974
2085-08-18,0.0001542272022497
2085-08-19,0.0001542772135492
2085-08-20,0.0001543083453036
2085-08-21,0.0001543240620899
2085-08-22,0.0001543256192174
2085-08-23,0.0001543135089984
2085-08-24,0.000154289017408
2085-08-25,0.0001706720131749
2085-08-26,0.0001542198380409
2085-08-27,0.0001541764362395
2085-08-28,0.0001541258345992
2085-08-29,0.000154071768382
2085-08-30,0.0001540134745907
2085-08-31,0.0001539499379349
2085-09-01,0.0001538851766358
2085-09-02,0.0001538174737379
2085-09-03,0.0001537479925526
2085-09-04,0.0001536755391025
2085-09-05,0.0001536025626741
2085-09-06,0.0001535288845807
2085-09-07,0.0001534541605309
2085-09-08,0.0001533775101727
2085-09-09,0.0001533015921456
2085-09-10,0.0001532226711877
2085-09-11,0.0001531437502298
2085-09-12,0.0001530648292719
2085-09-13,0.0001529846836708
2085-09-14,0.0001529045380696
2085-09-15,0.000527421011809
2085-09-16,0.0001527437545551
2085-09-17,0.0001526630859757
2085-09-18,0.0001525817157312
2085-09-19,0.0001525010778178
2085-09-20,0.0001524191845952
2085-09-21,0.0001523372913725
2085-09-22,0.0001522553981499
2085-09-23,0.0001521747602365
2085-09-24,0.0001520928670138
2085-09-25,0.0001520110044571
2085-09-26,0.0001519291112345
2085-09-27,0.0001518460240345
2085-09-28,0.0001520660068243
2085-09-29,0.0001516822375892
2085-09-30,0.0001516003750326
2085-10-01,0.0001515185124759
2085-10-02,0.0001514366192532
2085-10-03,0.0001513535320533
2085-10-04,0.0001512716388306
2085-10-05,0.000151189776274
2085-10-06,0.0001511079137173
2085-10-07,0.0001510260204946
2085-10-08,0.0001509429332947
2085-10-09,0.000150861070738
2085-10-10,0.0001507792081814
2085-10-11,0.0001506973149587
2085-10-12,0.000150615452402
2085-10-13,0.0001505323652021
2085-10-14,0.0001504505026454
2085-10-15,0.0001503686400887
2085-10-16,0.0001502867775321
2085-10-17,0.0001502049149754
2085-10-18,0.000150123575397
2085-10-19,0.0001500417128403
2085-10-20,0.0001499598502836
2085-10-21,0.000149877987727
2085-10-22,0.0001497961251703
2085-10-23,0.0001497147855919
2085-10-24,0.0001496329230352
2085-10-25,0.0001495510604785
2085-10-26,0.0001494697209001
2085-10-27,0.0001493878890094
2085-10-28,0.000149307251096
2085-10-29,0.0001492259115176
2085-10-30,0.0001491440489609
2085-10-31,0.0001490627400485
2085-11-01,0.0001489808774918
2085-11-02,0.0017460785706579
2085-11-03,0.000148818930666
2085-11-04,0.0022086054095293
2085-11-05,0.0045617789951199
2085-11-06,0.0115460427505846
2085-11-07,0.0015967056867961
2085-11-08,0.014436881226999
2085-11-09,0.0091955061609987
2085-11-10,0.00181016398863
2085-11-11,0.0002200483312394
2085-11-12,0.0002243273056609
2085-11-13,0.0002266535170927
2085-11-14,0.0002281878606461
2085-11-15,0.0002290934701589
2085-11-16,0.0002295299413264
2085-11-17,0.0002296304539416
2085-11-18,0.0002295812453084
2085-11-19,0.0005584458156139
2085-11-20,0.0002302507885637
2085-11-21,0.0002303488596686
2085-11-22,0.000275072911464
2085-11-23,0.002273474799741
2085-11-24,0.0002311684612824
2085-11-25,0.0002316934761564
2085-11-26,0.000231915303801
2085-11-27,0.0002320479009817
2085-11-28,0.0148628608194357
2085-11-29,0.0006336953829022
2085-11-30,0.000320372291754
2085-12-01,0.000319623560348
2085-12-02,0.0002629202767249
2085-12-03,0.0002644165521505
2085-12-04,0.0002654109812361
2085-12-05,0.0024419467618216
2085-12-06,0.0002675855252325
2085-12-07,0.000268347685752
2085-12-08,0.0002686647955081
2085-12-09,0.0002687611857569
2085-12-10,0.000268767976701
2085-12-11,0.0002688213351366
2085-12-12,0.006777733615513
2085-12-13,0.0002724082624771
2085-12-14,0.0002757206730386
2085-12-15,0.000277645339184
2085-12-16,0.0002787901433975
2085-12-17,0.0002794101266299
2085-12-18,0.0002795399611971
2085-12-19,0.0002794509473914
2085-12-20,0.0002792885568432
2085-12-21,0.0002789161022415
2085-12-22,0.0002785173176189
2085-12-23,0.0068628919128179
2085-12-24,0.009363363755815
2085-12-25,0.0009041480175995
2085-12-26,0.0003887496577951
2085-12-27,0.0010900773881521
2085-12-28,0.0004340863592519
2085-12-29,0.0042510929001602
2085-12-30,0.0212106265025284
2085-12-31,0.0183547066545291
2086-01-01,0.0026273932572753
2086-01-02,0.0177978685913288
2086-01-03,0.001302039473227
2086-01-04,0.0018325602428853
2086-01-05,0.0020019946671257
2086-01-06,0.0020329746140632
2086-01-07,0.002000957904248
2086-01-08,0.0019360622981788
2086-01-09,0.0018566805211824
2086-01-10,0.0043879459572157
2086-01-11,0.0018704637464538
2086-01-12,0.0018098197182855
2086-01-13,0.0017972088729572
2086-01-14,0.0017503793582396
2086-01-15,0.0016879916661288
2086-01-16,0.0019205044792757
2086-01-17,0.001608221974757
2086-01-18,0.0029088045299591
2086-01-19,0.0015416990053867
2086-01-20,0.0083163652730372
2086-01-21,0.0169178651158405
2086-01-22,0.0241959370236866
2086-01-23,0.0282722056506224
2086-01-24,0.0172864803534156
2086-01-25,0.01731375408629
2086-01-26,0.0158699928403711
2086-01-27,0.0143528600243783
2086-01-28,0.0135803669281352
2086-01-29,0.0133363378001648
2086-01-30,0.0135034804896908
2086-01-31,0.012255716401338
2086-02-01,0.0112008287000154
2086-02-02,0.0099654640091012
2086-02-03,0.0142919332154955
2086-02-04,0.0172655230960969
2086-02-05,0.0158593227789887
2086-02-06,0.0126053374179414
2086-02-07,0.0121584828411164
2086-02-08,0.0111667688860084
2086-02-09,0.0100762698505272
2086-02-10,0.0089966404426964
2086-02-11,0.0080004677350665
2086-02-12,0.0071232866352329
2086-02-13,0.006350266021259
2086-02-14,0.0056874632281057
2086-02-15,0.0051305633978797
2086-02-16,0.0046032330211527
2086-02-17,0.0041174446231164
2086-02-18,0.0036843666334926
2086-02-19,0.0033078867136747
2086-02-20,0.0029770720877505
2086-02-21,0.0026809997106211
2086-02-22,0.0024016073582754
2086-02-23,0.0021501474176155
2086-02-24,0.0019216566064068
2086-02-25,0.0017212081999732
2086-02-26,0.0028370162901451
2086-02-27,0.0072685403457816
2086-02-28,0.0052514224325028
2086-03-01,0.0021484026756099
2086-03-02,0.0022259431393883
2086-03-03,0.0077729979571647
2086-03-04,0.0225146488176863
2086-03-05,0.0163881624893159
2086-03-06,0.0138223492083346
2086-03-07,0.014144522268089
2086-03-08,0.0124851771629019
2086-03-09,0.0161572303070097
2086-03-10,0.0141789077487438
2086-03-11,0.0117710139977766
2086-03-12,0.0111737384664338
2086-03-13,0.0101824739864466
2086-03-14,0.0091121077108077
2086-03-15,0.0080975513348623
2086-03-16,0.00719799594212
2086-03-17,0.0064149482993279
2086-03-18,0.0082988727935455
2086-03-19,0.0053943323234743
2086-03-20,0.0048884745314208
2086-03-21,0.0043797933170417
2086-03-22,0.0085515326895657
2086-03-23,0.0055348228935421
2086-03-24,0.0041485864471449
2086-03-25,0.0040413778963488
2086-03-26,0.0038001412700212
2086-03-27,0.0035350876089519
2086-03-28,0.0033823903835184
2086-03-29,0.0044200104696752
2086-03-30,0.0045345195130875
2086-03-31,0.0075355309243173
2086-04-01,0.004264722441158
2086-04-02,0.0037459984606019
2086-04-03,0.0036947647638387
2086-04-04,0.014956452018246
2086-04-05,0.005105116109952
2086-04-06,0.0057011067146196
2086-04-07,0.0055072675237081
2086-04-08,0.005036450805342
2086-04-09,0.0045059455344109
2086-04-10,0.0039766226186218
2086-04-11,0.003483436278724
2086-04-12,0.0030695581215395
2086-04-13,0.002772174418278
2086-04-14,0.0027460416529802
2086-04-15,0.0023735588553872
2086-04-16,0.0020792828118461
2086-04-17,0.0018099051676529
2086-04-18,0.0015720241347444
2086-04-19,0.001371288656543
2086-04-20,0.001180669638215
2086-04-21,0.00099791478297
2086-04-22,0.0008305179965378
2086-04-23,0.0006966923078767
2086-04-24,0.0005936485804698
2086-04-25,0.0011628087761134
2086-04-26,0.0005106931622279
2086-04-27,0.0004737448981762
2086-04-28,0.0004425692660583
2086-04-29,0.0004216064979892
2086-04-30,0.0004106358534959
2086-05-01,0.0160860810753653
2086-05-02,0.0004735943207398
2086-05-03,0.0005683695709838
2086-05-04,0.0005858530460683
2086-05-05,0.0005605063187631
2086-05-06,0.0005195525277466
2086-05-07,0.0004814103383563
2086-05-08,0.0004534781494057
2086-05-09,0.0004347595503938
2086-05-10,0.0004164369978455
2086-05-11,0.0004055568469292
2086-05-12,0.0004010253303543
2086-05-13,0.0003971300710262
2086-05-14,0.0003932304475704
2086-05-15,0.000389341571948
2086-05-16,0.0003853479821731
2086-05-17,0.0003820556041877
2086-05-18,0.0007547215510237
2086-05-19,0.0040012907356427
2086-05-20,0.0029817116477391
2086-05-21,0.0003810503568995
2086-05-22,0.0003797243755956
2086-05-23,0.0003773626621461
2086-05-24,0.0003747670419153
2086-05-25,0.0092823428664544
2086-05-26,0.0163889528172152
2086-05-27,0.0032106110014297
2086-05-28,0.0007302291200256
2086-05-29,0.0008119133090683
2086-05-30,0.0007784662362419
2086-05-31,0.0007070508277531
2086-06-01,0.0006261632026091
2086-06-02,0.0005521466550061
2086-06-03,0.0004910015569387
2086-06-04,0.0004492015619683
2086-06-05,0.0004174616571736
2086-06-06,0.0004007138172913
2086-06-07,0.0003958464423823
2086-06-08,0.0003924341207119
2086-06-09,0.0003889076632093
2086-06-10,0.0003853724107689
2086-06-11,0.0003819227377556
2086-06-12,0.0003784577417723
2086-06-13,0.0003749651314077
2086-06-14,0.0003710907715458
2086-06-15,0.0003670825568578
2086-06-16,0.0003627004780768
2086-06-17,0.0003584163985332
2086-06-18,0.0003540512223167
2086-06-19,0.0003498758759958
2086-06-20,0.0003458558118733
2086-06-21,0.0003415528098855
2086-06-22,0.0003371231577932
2086-06-23,0.0003327469810686
2086-06-24,0.0003283414157922
2086-06-25,0.0003241187455254
2086-06-26,0.0003197972091774
2086-06-27,0.000315459078238
2086-06-28,0.0003110766258574
2086-06-29,0.0003066372461916
2086-06-30,0.0003022810531535
2086-07-01,0.0002978378761661
2086-07-02,0.000293384478361
2086-07-03,0.0002889371118572
2086-07-04,0.0002845777495176
2086-07-05,0.0002801250902431
2086-07-06,0.000275704710059
2086-07-07,0.0002712935596083
2086-07-08,0.0002670988352158
2086-07-09,0.000262843853006
2086-07-10,0.0002585481972449
2086-07-11,0.0002543356877643
2086-07-12,0.0002501544691435
2086-07-13,0.0002461276364834
2086-07-14,0.0002421207305137
2086-07-15,0.0002380819752387
2086-07-16,0.0002344139855197
2086-07-17,0.0002310995847532
2086-07-18,0.0002280167351295
2086-07-19,0.0002250809055969
2086-07-20,0.0002221399321634
2086-07-21,0.0002191246386884
2086-07-22,0.0002161826896337
2086-07-23,0.000213368472275
2086-07-24,0.0002107180000774
2086-07-25,0.0002082978825398
2086-07-26,0.000206013581349
2086-07-27,0.0002037050420503
2086-07-28,0.0002013465119672
2086-07-29,0.000199032949349
2086-07-30,0.0001969785644879
2086-07-31,0.0001949623373749
2086-08-01,0.0001929234488615
2086-08-02,0.0001909859726415
2086-08-03,0.0001892827866928
2086-08-04,0.0001874329175942
2086-08-05,0.0001853645620394
2086-08-06,0.0001832826474895
2086-08-07,0.0001810324461563
2086-08-08,0.0001787053319345
2086-08-09,0.0001765349707282
2086-08-10,0.0001748415459058
2086-08-11,0.000173571362132
2086-08-12,0.0001724298402293
2086-08-13,0.0001712326459659
2086-08-14,0.0001700524208668
2086-08-15,0.0001689002521322
2086-08-16,0.0001679196715788
2086-08-17,0.0001670299047367
2086-08-18,0.0001659251908109
2086-08-19,0.0001649120003744
2086-08-20,0.0001642266768769
2086-08-21,0.0001635328054259
2086-08-22,0.0001627544655719
2086-08-23,0.0001828349891938
2086-08-24,0.0003530470600087
2086-08-25,0.000161566896861
2086-08-26,0.0001610265040056
2086-08-27,0.0001604924167062
2086-08-28,0.0001600065692982
2086-08-29,0.000159529714329
2086-08-30,0.0001590574839353
2086-08-31,0.0001586011432381
2086-09-01,0.0001582747967268
2086-09-02,0.0001579592860127
2086-09-03,0.0001575545683214
2086-09-04,0.0001572315377298
2086-09-05,0.0001569905582372
2086-09-06,0.0001568965666027
2086-09-07,0.000156811116805
2086-09-08,0.0001567256670074
2086-09-09,0.0001566402478757
2086-09-10,0.0001565547980781
2086-09-11,0.0001564681543032
2086-09-12,0.0001563832274838
2086-09-13,0.0001562978083521
2086-09-14,0.0001562123892205
2086-09-15,0.0001561269394228
2086-09-16,0.0001560420432694
2086-09-17,0.0001559565934717
2086-09-18,0.0001558723989834
2086-09-19,0.0001557875028299
2086-09-20,0.0001557020836983
2086-09-21,0.0001556171568789
2086-09-22,0.0001555317377472
2086-09-23,0.0001554468415938
2086-09-24,0.0001553626471054
2086-09-25,0.000155277750952
2086-09-26,0.0001551923318203
2086-09-27,0.0001551074356669
2086-09-28,0.0001550232411785
2086-09-29,0.0001549383450251
2086-09-30,0.0001548546735149
2086-10-01,0.0001547692543833
2086-10-02,0.0001880027364625
2086-10-03,0.0001546006867197
2086-10-04,0.0001545157905663
2086-10-05,0.0001544321190561
2086-10-06,0.0001543466999245
2086-10-07,0.0001542630284143
2086-10-08,0.0001541793875702
2086-10-09,0.0001540944914167
2086-10-10,0.0001540108199066
2086-10-11,0.0001539271790624
2086-10-12,0.000153842282909
2086-10-13,0.0001537586113989
2086-10-14,0.0001536749705547
2086-10-15,0.0001535912990445
2086-10-16,0.0001535064028911
2086-10-17,0.000153422762047
2086-10-18,0.0003209953436685
2086-10-19,0.0020587175734559
2086-10-20,0.0001531723318267
2086-10-21,0.0001530886603166
2086-10-22,0.0001530055424506
2086-10-23,0.0001529224245847
2086-10-24,0.0001528400083838
2086-10-25,0.0001527568905179
2086-10-26,0.000152673741986
2086-10-27,0.00015259062412
2086-10-28,0.0001525082079191
2086-10-29,0.0001524250900532
2086-10-30,0.0001523419721873
2086-10-31,0.0001522595559864
2086-11-01,0.0001521764381205
2086-11-02,0.0001520933202545
2086-11-03,0.0001520114270319
2086-11-04,0.0001519277861877
2086-11-05,0.0001518446683218
2086-11-06,0.0001517627750991
2086-11-07,0.0001516796572332
2086-11-08,0.0001515977640105
2086-11-09,0.0001515141538324
2086-11-10,0.0001514322606097
2086-11-11,0.0001513491427438
2086-11-12,0.0001512672495211
2086-11-13,0.0001511853562985
2086-11-14,0.0001511022690985
2086-11-15,0.0001510203758759
2086-11-16,0.0001509372580099
2086-11-17,0.0001508553954533
2086-11-18,0.0009089225078504
2086-11-19,0.0032386392481514
2086-11-20,0.0002702136129666
2086-11-21,0.0001505530890433
2086-11-22,0.0001504914717302
2086-11-23,0.0001504311097265
2086-11-24,0.0028855806261723
2086-11-25,0.0134287130459889
2086-11-26,0.0004537818195732
2086-11-27,0.0001670946006169
2086-11-28,0.0001708650003761
2086-11-29,0.0001732044754476
2086-11-30,0.0001748058181546
2086-12-01,0.0001759471094584
2086-12-02,0.0001767898868672
2086-12-03,0.0001774156081216
2086-12-04,0.0001778248444498
2086-12-05,0.0001780976756193
2086-12-06,0.0001782337925062
2086-12-07,0.0001783241486468
2086-12-08,0.0001783988224058
2086-12-09,0.0001784234947623
2086-12-10,0.0001783352154083
2086-12-11,0.0001782102752908
2086-12-12,0.0001780880244785
2086-12-13,0.0001780018403088
2086-12-14,0.0001778775192463
2086-12-15,0.0001776979101685
2086-12-16,0.0002806169741557
2086-12-17,0.0001777478559711
2086-12-18,0.0001775866954581
2086-12-19,0.0001772936677145
2086-12-20,0.0001769963334811
2086-12-21,0.0001766839056781
2086-12-22,0.0001763580881788
2086-12-23,0.0001759988581745
2086-12-24,0.0001756122521928
2086-12-25,0.0001752375405794
2086-12-26,0.0010728562405485
2086-12-27,0.0001758350249812
2086-12-28,0.0001748675378078
2086-12-29,0.0001745443053412
2086-12-30,0.0001742320562249
2086-12-31,0.0001739163548064
2087-01-01,0.0001735891777251
2087-01-02,0.0001733319467468
2087-01-03,0.0001731342873807
2087-01-04,0.0001730238769548
2087-01-05,0.0011269612387055
2087-01-06,0.0064155854995086
2087-01-07,0.0056269676671524
2087-01-08,0.0001817143711212
2087-01-09,0.0001867554911862
2087-01-10,0.0005434458574855
2087-01-11,0.000341293648572
2087-01-12,0.0001940969696354
2087-01-13,0.0001951931240479
2087-01-14,0.0001959330236109
2087-01-15,0.0001964201495962
2087-01-16,0.0001967836827744
2087-01-17,0.0011524020496548
2087-01-18,0.0001978921887826
2087-01-19,0.0001982362414534
2087-01-20,0.0001984140113729
2087-01-21,0.0001984311809663
2087-01-22,0.0001983604575921
2087-01-23,0.0001982053442664
2087-01-24,0.0001979775865291
2087-01-25,0.0001976568217817
2087-01-26,0.0001973851866656
2087-01-27,0.0001972392211496
2087-01-28,0.0042441478397695
2087-01-29,0.0001980433170724
2087-01-30,0.0001989627697797
2087-01-31,0.0001995529019716
2087-02-01,0.0001998825741253
2087-02-02,0.0002000558894544
2087-02-03,0.0002001336740728
2087-02-04,0.0071618546152116
2087-02-05,0.000204142179485
2087-02-06,0.0007109390336156
2087-02-07,0.0002110738919623
2087-02-08,0.0002836542916682
2087-02-09,0.004969970644424
2087-02-10,0.0002188554746115
2087-02-11,0.000222127042349
2087-02-12,0.000223932050544
2087-02-13,0.0002251538843707
2087-02-14,0.000225917469631
2087-02-15,0.0002262345473218
2087-02-16,0.0031382871577286
2087-02-17,0.0042515570965246
2087-02-18,0.0022188088460302
2087-02-19,0.0002382766786919
2087-02-20,0.0002417013186687
2087-02-21,0.0145192144829797
2087-02-22,0.0002623870366702
2087-02-23,0.0002709432546764
2087-02-24,0.0002742820201566
2087-02-25,0.0002759952268243
2087-02-26,0.0002771742782828
2087-02-27,0.0002780849437774
2087-02-28,0.0002784228088888
2087-03-01,0.0053520240404992
2087-03-02,0.0002814313543954
2087-03-03,0.0002832608862876
2087-03-04,0.000283922678988
2087-03-05,0.0004192382733463
2087-03-06,0.0181874671169007
2087-03-07,0.0003068678172254
2087-03-08,0.0003156174261687
2087-03-09,0.0003184648245399
2087-03-10,0.0013967649408215
2087-03-11,0.000321783618605
2087-03-12,0.0004546760388212
2087-03-13,0.0004023804388804
2087-03-14,0.0003239555633578
2087-03-15,0.000339497722356
2087-03-16,0.0075711953204819
2087-03-17,0.0012762721992283
2087-03-18,0.0043116426177161
2087-03-19,0.0003411881810517
2087-03-20,0.0003446259123449
2087-03-21,0.0004603243165078
2087-03-22,0.005680247303871
2087-03-23,0.0003526916303101
2087-03-24,0.0003555861879639
2087-03-25,0.0003567961348555
2087-03-26,0.0024240804033466
2087-03-27,0.0003594365022559
2087-03-28,0.0003605353850875
2087-03-29,0.0003606331316055
2087-03-30,0.0003599659265727
2087-03-31,0.0014429628170977
2087-04-01,0.0123265382886415
2087-04-02,0.0008817472176199
2087-04-03,0.0003807967277659
2087-04-04,0.0004470427042053
2087-04-05,0.0003848199851556
2087-04-06,0.0003845843812657
2087-04-07,0.000383780226735
2087-04-08,0.002669700148947
2087-04-09,0.0003842721329155
2087-04-10,0.0003841222406354
2087-04-11,0.0003829633287485
2087-04-12,0.0003814225242268
2087-04-13,0.0003794612361796
2087-04-14,0.0003776026156936
2087-04-15,0.0003759487898093
2087-04-16,0.000373559816017
2087-04-17,0.0003707556290414
2087-04-18,0.0003678682444766
2087-04-19,0.0003650030061068
2087-04-20,0.0003622653743053
2087-04-21,0.0004633895592278
2087-04-22,0.0017624007961937
2087-04-23,0.0003590856075179
2087-04-24,0.0003567809750045
2087-04-25,0.0003538514271296
2087-04-26,0.0003510267785538
2087-04-27,0.0003483976307486
2087-04-28,0.0003455451801811
2087-04-29,0.0003426043820068
2087-04-30,0.0003395807341874
2087-05-01,0.0003364647650541
2087-05-02,0.0003350367632252
2087-05-03,0.0003322355496438
2087-05-04,0.0003291570075425
2087-05-05,0.000325599923766
2087-05-06,0.0003215138156406
2087-05-07,0.0003176100848524
2087-05-08,0.0003138329326443
2087-05-09,0.0003099285049912
2087-05-10,0.0003059272725455
2087-05-11,0.0003017337929001
2087-05-12,0.0002976054679025
2087-05-13,0.0002934889489694
2087-05-14,0.0002892841715821
2087-05-15,0.0002850823795418
2087-05-16,0.0002811628478283
2087-05-17,0.0018324659015855
2087-05-18,0.0002776728978009
2087-05-19,0.0002748996851295
2087-05-20,0.0002710927854226
2087-05-21,0.0002670231862496
2087-05-22,0.0002628357073989
2087-05-23,0.0002586784549754
2087-05-24,0.0002546974014191
2087-05-25,0.0002510015525924
2087-05-26,0.0002476395729103
2087-05-27,0.0002449715309771
2087-05-28,0.0014946578890049
2087-05-29,0.0002424982239691
2087-05-30,0.0002398490431037
2087-05-31,0.0003020924062256
2087-06-01,0.0002354150997715
2087-06-02,0.0002317057528938
2087-06-03,0.0002278975676219
2087-06-04,0.0002241526998007
2087-06-05,0.0003243411194307
2087-06-06,0.0002195045649266
2087-06-07,0.0002162747828737
2087-06-08,0.000213129478393
2087-06-09,0.0002099066513568
2087-06-10,0.0002066469419295
2087-06-11,0.0002035113704145
2087-06-12,0.0002005444909249
2087-06-13,0.0001977341285554
2087-06-14,0.0001948925706803
2087-06-15,0.0001923041703851
2087-06-16,0.0001896382541185
2087-06-17,0.0001875615356241
2087-06-18,0.0002227865609193
2087-06-19,0.0001849868709232
2087-06-20,0.000182613463622
2087-06-21,0.0001802835811293
2087-06-22,0.0001781859763782
2087-06-23,0.0001760485840768
2087-06-24,0.0001741089301402
2087-06-25,0.0001723499332311
2087-06-26,0.0001709245568259
2087-06-27,0.0001697314780826
2087-06-28,0.0001686544213875
2087-06-29,0.000167646875272
2087-06-30,0.0001666158810587
2087-07-01,0.0001656469739592
2087-07-02,0.000164855183707
2087-07-03,0.000164035131009
2087-07-04,0.0001632269317349
2087-07-05,0.0001624854171815
2087-07-06,0.0001618317089514
2087-07-07,0.0001613047582867
2087-07-08,0.0001608048724379
2087-07-09,0.000160331928741
2087-07-10,0.0001599005635796
2087-07-11,0.0001595451932818
2087-07-12,0.0001592170088075
2087-07-13,0.0001588717406593
2087-07-14,0.0001585041836045
2087-07-15,0.0001581412797948
2087-07-16,0.0001578166195731
2087-07-17,0.0001575413747459
2087-07-18,0.0001572868628453
2087-07-19,0.0001570446893754
2087-07-20,0.000156817703937
2087-07-21,0.0001566036972622
2087-07-22,0.00015635536991
2087-07-23,0.0001561284151376
2087-07-24,0.0001560429653399
2087-07-25,0.0001559580691865
2087-07-26,0.0001558726193888
2087-07-27,0.0001557877232354
2087-07-28,0.000155703498081
2087-07-29,0.0001556186019276
2087-07-30,0.0001555337057742
2087-07-31,0.0001554482559766
2087-08-01,0.0001553633598231
2087-08-02,0.0001552779406915
2087-08-03,0.0001551942691813
2087-08-04,0.0001551093423619
2087-08-05,0.0001550244462085
2087-08-06,0.0001549390270768
2087-08-07,0.0001548553555667
2087-08-08,0.0001547704594133
2087-08-09,0.0001546867879031
2087-08-10,0.0001546018917497
2087-08-11,0.0001545169955963
2087-08-12,0.0001544333240861
2087-08-13,0.0001543484279327
2087-08-14,0.0001542647564225
2087-08-15,0.0001541798602691
2087-08-16,0.000154096188759
2087-08-17,0.0001540125172488
2087-08-18,0.0001539276210954
2087-08-19,0.0001538439802512
2087-08-20,0.0004422293132207
2087-08-21,0.0001536754125877
2087-08-22,0.0001535917410775
2087-08-23,0.0001535086232116
2087-08-24,0.0001534249517014
2087-08-25,0.000153340055548
2087-08-26,0.0001532564147038
2087-08-27,0.0001531732661719
2087-08-28,0.0001530896253278
2087-08-29,0.0001530059538176
2087-08-30,0.0001529228052857
2087-08-31,0.0001528391644415
2087-09-01,0.0004774064525465
2087-09-02,0.0001526723750655
2087-09-03,0.0001525892571995
2087-09-04,0.0001525055856894
2087-09-05,0.0001524224678234
2087-09-06,0.0001523388269793
2087-09-07,0.0001522556784474
2087-09-08,0.0001521720376032
2087-09-09,0.0001520901443805
2087-09-10,0.0001520070265146
2087-09-11,0.0001519238779827
2087-09-12,0.0001518402371385
2087-09-13,0.0001517583439159
2087-09-14,0.0011487020380391
2087-09-15,0.0002854025196018
2087-09-16,0.0001515096919831
2087-09-17,0.0001514265741172
2087-09-18,0.0001513446808945
2087-09-19,0.0001512615630286
2087-09-20,0.0001511796698059
2087-09-21,0.00015109655194
2087-09-22,0.0001510146893834
2087-09-23,0.0001509327961607
2087-09-24,0.0001508496782948
2087-09-25,0.0001507677850721
2087-09-26,0.0001506846978722
2087-09-27,0.0001506028046495
2087-09-28,0.0001505209114268
2087-09-29,0.0001504395411824
2087-09-30,0.0001503564539825
2087-10-01,0.0001502745607598
2087-10-02,0.0001501926982032
2087-10-03,0.0001501113279587
2087-10-04,0.0001500294347361
2087-10-05,0.0001499463475361
2087-10-06,0.0001498644543135
2087-10-07,0.000149783114735
2087-10-08,0.0001497012215124
2087-10-09,0.0010204845501051
2087-10-10,0.0001495380193773
2087-10-11,0.0001494561261546
2087-10-12,0.0001493747865762
2087-10-13,0.0001492934469978
2087-10-14,0.0001492127784184
2087-10-15,0.0001491314388399
2087-10-16,0.0001490495762833
2087-10-17,0.0001489682367048
2087-10-18,0.0001488868664604
2087-10-19,0.000148806228547
2087-10-20,0.0001487248889686
2087-10-21,0.0001486435493901
2087-10-22,0.0001485629114767
2087-10-23,0.0001484815718983
2087-10-24,0.0001484002323199
2087-10-25,0.0001483201173847
2087-10-26,0.0001482387778063
2087-10-27,0.0001481569152496
2087-10-28,0.0001480768003144
2087-10-29,0.000147995460736
2087-10-30,0.0001479153458008
2087-10-31,0.0001478340062224
2087-11-01,0.0001477538912872
2087-11-02,0.000147673807018
2087-11-03,0.0001475924674396
2087-11-04,0.0001475123525044
2087-11-05,0.000147431012926
2087-11-06,0.0001473508979908
2087-11-07,0.016793544078156
2087-11-08,0.0001522161336516
2087-11-09,0.0001576656750044
2087-11-10,0.0001605502529533
2087-11-11,0.0001623974175521
2087-11-12,0.0001636878025695
2087-11-13,0.0001646307661939
2087-11-14,0.0001653075383804
2087-11-15,0.0001658441869643
2087-11-16,0.0001662945728887
2087-11-17,0.0001666236141356
2087-11-18,0.0001668234521418
2087-11-19,0.0001669253163088
2087-11-20,0.0001669415503765
2087-11-21,0.0001668919739173
2087-11-22,0.0001668051270273
2087-11-23,0.0001666983133516
2087-11-24,0.0001665763141082
2087-11-25,0.0001664376953012
2087-11-26,0.0001662908131151
2087-11-27,0.0001661578697678
2087-11-28,0.0001660444708066
2087-11-29,0.0001659275029957
2087-11-30,0.0001657909609402
2087-12-01,0.0005454584006908
2087-12-02,0.0001828687029295
2087-12-03,0.0203471405393657
2087-12-04,0.0209147272600293
2087-12-05,0.0118236526822575
2087-12-06,0.0002495080980833
2087-12-07,0.0002577868554105
2087-12-08,0.0050685718252734
2087-12-09,0.0002675712387301
2087-12-10,0.0029561009728154
2087-12-11,0.0002766845130132
2087-12-12,0.0002795690585126
2087-12-13,0.0002810148107048
2087-12-14,0.000281702108754
2087-12-15,0.0002820803491186
2087-12-16,0.0002821702161767
2087-12-17,0.010909896333794
2087-12-18,0.000291195238133
2087-12-19,0.0002975310674182
2087-12-20,0.0003003025466977
2087-12-21,0.0003017564003586
2087-12-22,0.0003024789697725
2087-12-23,0.0003027694435276
2087-12-24,0.0003028715026106
2087-12-25,0.0003028759767014
2087-12-26,0.0007373219136669
2087-12-27,0.0003036327155007
2087-12-28,0.0159400490028087
2087-12-29,0.0004520387734428
2087-12-30,0.035641013996
2087-12-31,0.004564296599112
2088-01-01,0.0004288936162713
2088-01-02,0.0004747456462766
2088-01-03,0.0005239592528278
2088-01-04,0.000559436630225
2088-01-05,0.0005802152040494
2088-01-06,0.0005928497673631
2088-01-07,0.0019025185759279
2088-01-08,0.0011076098651681
2088-01-09,0.0006535685718953
2088-01-10,0.0006599361812488
2088-01-11,0.0006596772960249
2088-01-12,0.0066345247649307
2088-01-13,0.0007958722273089
2088-01-14,0.0009316824137824
2088-01-15,0.0010128156958898
2088-01-16,0.001051930410364
2088-01-17,0.0010655899896087
2088-01-18,0.0010576743498523
2088-01-19,0.0010431541067456
2088-01-20,0.001023030147695
2088-01-21,0.0009961598010609
2088-01-22,0.0009613860612748
2088-01-23,0.0009202800105022
2088-01-24,0.000878776913119
2088-01-25,0.0008370273924789
2088-01-26,0.0008037660256331
2088-01-27,0.0007811438110924
2088-01-28,0.0007597580083389
2088-01-29,0.0007284549636057
2088-01-30,0.0006931650676725
2088-01-31,0.0006550671044784
2088-02-01,0.0006181753072778
2088-02-02,0.0005875829918945
2088-02-03,0.0005626826361739
2088-02-04,0.0005401943958232
2088-02-05,0.0005185138416693
2088-02-06,0.0004987086035957
2088-02-07,0.0004810383099678
2088-02-08,0.0004654250333694
2088-02-09,0.00045080976845
2088-02-10,0.0004378876600711
2088-02-11,0.0004269221393085
2088-02-12,0.0004194473559402
2088-02-13,0.000414077562292
2088-02-14,0.0004087983909291
2088-02-15,0.0004045037554106
2088-02-16,0.0004012224601884
2088-02-17,0.0003976734027694
2088-02-18,0.0003942389314541
2088-02-19,0.0003919284014047
2088-02-20,0.0003902952027679
2088-02-21,0.0003886489848064
2088-02-22,0.0003869803736656
2088-02-23,0.0003852647893683
2088-02-24,0.0003834784063955
2088-02-25,0.0003816249015637
2088-02-26,0.0003797573168379
2088-02-27,0.0003777778242789
2088-02-28,0.0003758190921687
2088-02-29,0.000374123433373
2088-03-01,0.0011581868170987
2088-03-02,0.0027437871640577
2088-03-03,0.0003724624314332
2088-03-04,0.0019233181034281
2088-03-05,0.0016804513288816
2088-03-06,0.0086697755104768
2088-03-07,0.0010345348525634
2088-03-08,0.0019895682547498
2088-03-09,0.0051283687865092
2088-03-10,0.0071734353704765
2088-03-11,0.0068289279132968
2088-03-12,0.0131131736199801
2088-03-13,0.0154131667080888
2088-03-14,0.0099455971222693
2088-03-15,0.0071493979687307
2088-03-16,0.0071800537780468
2088-03-17,0.0067430110768054
2088-03-18,0.006147825549821
2088-03-19,0.0055339097632352
2088-03-20,0.004967894647447
2088-03-21,0.0044423739549302
2088-03-22,0.0039732641766762
2088-03-23,0.003574849761773
2088-03-24,0.0032485789889565
2088-03-25,0.0029438455214004
2088-03-26,0.0026267875091911
2088-03-27,0.0023226283411561
2088-03-28,0.0020478847640208
2088-03-29,0.0018035420779254
2088-03-30,0.0016050536476909
2088-03-31,0.0014388008771891
2088-04-01,0.0012617987843144
2088-04-02,0.0010805734224088
2088-04-03,0.0009417610881421
2088-04-04,0.0008443945348392
2088-04-05,0.0007648463553428
2088-04-06,0.0007031917031258
2088-04-07,0.0006335017048391
2088-04-08,0.000568341262902
2088-04-09,0.0005148215775761
2088-04-10,0.0004721605631761
2088-04-11,0.000439566060354
2088-04-12,0.0004163176487626
2088-04-13,0.0004036886121316
2088-04-14,0.0003992826880078
2088-04-15,0.0003960442276206
2088-04-16,0.0003928228377836
2088-04-17,0.0003895667756307
2088-04-18,0.0003861395407339
2088-04-19,0.0003827158055818
2088-04-20,0.0003795839917305
2088-04-21,0.0003764856738017
2088-04-22,0.0003732116452008
2088-04-23,0.000369777516359
2088-04-24,0.0003661392700313
2088-04-25,0.0003624000174597
2088-04-26,0.0003586223961309
2088-04-27,0.0003547430076405
2088-04-28,0.0003510058620603
2088-04-29,0.0003475188199514
2088-04-30,0.0003438000542986
2088-05-01,0.0003399055174907
2088-05-02,0.0003354796072444
2088-05-03,0.0029245899943234
2088-05-04,0.0047244131755778
2088-05-05,0.0003305446703995
2088-05-06,0.0003280974952782
2088-05-07,0.0003251984281618
2088-05-08,0.0003219248775606
2088-05-09,0.000318377685815
2088-05-10,0.0003144779883711
2088-05-11,0.0003106698005683
2088-05-12,0.0004616115276208
2088-05-13,0.0003059449662967
2088-05-14,0.0003024715970539
2088-05-15,0.0002986445149707
2088-05-16,0.0002951924949503
2088-05-17,0.0002917504965489
2088-05-18,0.0002877955850779
2088-05-19,0.0002839112347275
2088-05-20,0.0002799216116942
2088-05-21,0.0002757275645564
2088-05-22,0.0002715862678436
2088-05-23,0.001431017494208
2088-05-24,0.002435240892832
2088-05-25,0.0024915764390723
2088-05-26,0.000267549770919
2088-05-27,0.0002648169444207
2088-05-28,0.0002615975561551
2088-05-29,0.0002584188772003
2088-05-30,0.0002555024753917
2088-05-31,0.000252820276358
2088-06-01,0.0002495955459658
2088-06-02,0.0002458717252216
2088-06-03,0.0002423258759383
2088-06-04,0.0006604307589659
2088-06-05,0.0002386572312083
2088-06-06,0.0002356481049644
2088-06-07,0.0002322617155475
2088-06-08,0.0002285501687135
2088-06-09,0.000224968181
2088-06-10,0.0002218517943385
2088-06-11,0.0002187617000664
2088-06-12,0.0002156471550622
2088-06-13,0.0002125960915399
2088-06-14,0.0002096821863625
2088-06-15,0.0002069838767976
2088-06-16,0.0002043443566491
2088-06-17,0.0002015650792333
2088-06-18,0.0001988631047834
2088-06-19,0.0001962374535613
2088-06-20,0.0001936717324722
2088-06-21,0.0001912067948107
2088-06-22,0.0001892276669638
2088-06-23,0.0001872584503466
2088-06-24,0.0001852091539619
2088-06-25,0.0001832598558808
2088-06-26,0.0001815252677097
2088-06-27,0.0001799660659254
2088-06-28,0.0001783716374151
2088-06-29,0.0001766994284066
2088-06-30,0.0001751379279034
2088-07-01,0.0001737790822206
2088-07-02,0.0001726584632245
2088-07-03,0.0001715061863105
2088-07-04,0.0001701943219385
2088-07-05,0.0001689073199941
2088-07-06,0.0001677424560087
2088-07-07,0.0001667601377723
2088-07-08,0.0001659476187667
2088-07-09,0.0001651673497623
2088-07-10,0.0001643809775892
2088-07-11,0.0001636325950957
2088-07-12,0.0001629324630705
2088-07-13,0.000162280150152
2088-07-14,0.0001617674689914
2088-07-15,0.0001613192984928
2088-07-16,0.0001608650992397
2088-07-17,0.000160390700955
2088-07-18,0.0001598637616396
2088-07-19,0.0001593661736672
2088-07-20,0.0001589301347103
2088-07-21,0.000158508783315
2088-07-22,0.0001581723616673
2088-07-23,0.0001578807018291
2088-07-24,0.0001576117295555
2088-07-25,0.0001573483611727
2088-07-26,0.0001571060630425
2088-07-27,0.000156893250345
2088-07-28,0.0001567159523023
2088-07-29,0.0001566256345976
2088-07-30,0.0001565401847999
2088-07-31,0.0001564547350023
2088-08-01,0.0001563698388489
2088-08-02,0.0001562843890512
2088-08-03,0.0001561989699196
2088-08-04,0.0001561135507879
2088-08-05,0.0001560286239685
2088-08-06,0.0001559432048368
2088-08-07,0.0001558577550392
2088-08-08,0.0001557728588858
2088-08-09,0.0001556886643974
2088-08-10,0.000155603737578
2088-08-11,0.0001555183184463
2088-08-12,0.0001554334222929
2088-08-13,0.0001553480031612
2088-08-14,0.0001552643009851
2088-08-15,0.0001551788818534
2088-08-16,0.0001550939857
2088-08-17,0.0001550097912116
2088-08-18,0.0001549248950582
2088-08-19,0.0001548399989048
2088-08-20,0.0001547558044164
2088-08-21,0.000154670908263
2088-08-22,0.0001545872367528
2088-08-23,0.0001555117116833
2088-08-24,0.000154418146111
2088-08-25,0.0001543332499576
2088-08-26,0.0001542495784474
2088-08-27,0.0001541659069373
2088-08-28,0.0001540810414499
2088-08-29,0.0001539973699397
2088-08-30,0.0001539136984295
2088-08-31,0.0001538288022761
2088-09-01,0.000153745161432
2088-09-02,0.0001536614899218
2088-09-03,0.0001535778184117
2088-09-04,0.0001534941775675
2088-09-05,0.0001534092814141
2088-09-06,0.0001533256099039
2088-09-07,0.0001532419690598
2088-09-08,0.0001531582975496
2088-09-09,0.0001530751796837
2088-09-10,0.0001529915081735
2088-09-11,0.0001529078673294
2088-09-12,0.0001528242264852
2088-09-13,0.0001527410779533
2088-09-14,0.0001526574371091
2088-09-15,0.000152573796265
2088-09-16,0.000152490647733
2088-09-17,0.0001524082315321
2088-09-18,0.0001523251136662
2088-09-19,0.0001522414421561
2088-09-20,0.0001521583242901
2088-09-21,0.000152074683446
2088-09-22,0.0001519927902233
2088-09-23,0.0001519091493792
2088-09-24,0.0001518260315132
2088-09-25,0.0001517436153123
2088-09-26,0.0001516604974464
2088-09-27,0.0001515773795805
2088-09-28,0.0001514949633796
2088-09-29,0.0001514118455137
2088-09-30,0.000151329952291
2088-10-01,0.0001512468344251
2088-10-02,0.0001593158846661
2088-10-03,0.0022853381490483
2088-10-04,0.0002403239299886
2088-10-05,0.0001509175445789
2088-10-06,0.0001508356513563
2088-10-07,0.0001507549827769
2088-10-08,0.0001506731202202
2088-10-09,0.0001505912269975
2088-10-10,0.0001505098874191
2088-10-11,0.0001504280248624
2088-10-12,0.0020627923948377
2088-10-13,0.0001502667490356
2088-10-14,0.0001501915633395
2088-10-15,0.0001501146606879
2088-10-16,0.0001500395056578
2088-10-17,0.0001499638276494
2088-10-18,0.0001498874173101
2088-10-19,0.0001498105146584
2088-10-20,0.0001497328796758
2088-10-21,0.0001496564693364
2088-10-22,0.0001495783420415
2088-10-23,0.0001494994824156
2088-10-24,0.0001494213244548
2088-10-25,0.0001493424341629
2088-10-26,0.0001492647991802
2088-10-27,0.0001491854165761
2088-10-28,0.0001491065569502
2088-10-29,0.00014902714368
2088-10-30,0.0001489470594109
2088-10-31,0.000148868199785
2088-11-01,0.0001487880848498
2088-11-02,0.0001487087022456
2088-11-03,0.0001486285873105
2088-11-04,0.0001485497276846
2088-11-05,0.0001484690897712
2088-11-06,0.000148389005502
2088-11-07,0.0001483088905668
2088-11-08,0.0001482300309409
2088-11-09,0.0001481499160057
2088-11-10,0.0001480692780923
2088-11-11,0.0001479891938232
2088-11-12,0.000147909078888
2088-11-13,0.0001478289946188
2088-11-14,0.0001477488796837
2088-11-15,0.0001476687954145
2088-11-16,0.0001475886804793
2088-11-17,0.0001475085962101
2088-11-18,0.000147428481275
2088-11-19,0.0001473483970058
2088-11-20,0.0001472682820706
2088-11-21,0.0001471881978015
2088-11-22,0.0001471081135323
2088-11-23,0.0001470292232404
2088-11-24,0.0001469496619494
2088-11-25,0.0001468695470143
2088-11-26,0.0001467894627451
2088-11-27,0.0001467093784759
2088-11-28,0.000270560833456
2088-11-29,0.0001586593265692
2088-11-30,0.0001464696179806
2088-12-01,0.0001463907583547
2088-12-02,0.0001463111663978
2088-12-03,0.0001462310821286
2088-12-04,0.0001461509978594
2088-12-05,0.0001460726612118
2088-12-06,0.0001459925769426
2088-12-07,0.0001459130156517
2088-12-08,0.0001458329313825
2088-12-09,0.0001457545640688
2088-12-10,0.0001456744797996
2088-12-11,0.0001455949185087
2088-12-12,0.0001455160588828
2088-12-13,0.0001454364975918
2088-12-14,0.0001453576379659
2088-12-15,0.000145278107341
2088-12-16,0.0001451997706933
2088-12-17,0.0004424050422989
2088-12-18,0.0008718541260589
2088-12-19,0.0001449617884855
2088-12-20,0.0001448834518379
2088-12-21,0.0041212555206814
2088-12-22,0.0006719526921588
2088-12-23,0.0135125710825856
2088-12-24,0.0001533595626016
2088-12-25,0.0001599337133167
2088-12-26,0.0021728679771051
2088-12-27,0.0001664672361883
2088-12-28,0.000169035011053
2088-12-29,0.0001708966800516
2088-12-30,0.0001722511839411
2088-12-31,0.0001732449482272
2089-01-01,0.0001740186955615
2089-01-02,0.0001746088344141
2089-01-03,0.000175048433806
2089-01-04,0.0001753790216003
2089-01-05,0.0012095075003521
2089-01-06,0.0033728828094957
2089-01-07,0.002808694564592
2089-01-08,0.0009900712988592
2089-01-09,0.0052191267333852
2089-01-10,0.0076202352465426
2089-01-11,0.010016793212376
2089-01-12,0.0114897451121089
2089-01-13,0.0002511589698037
2089-01-14,0.0003814584296368
2089-01-15,0.0034817727614716
2089-01-16,0.0012200627183334
2089-01-17,0.0158301283439729
2089-01-18,0.0880860804929788
2089-01-19,0.0169718848593721
2089-01-20,0.0069405807094852
2089-01-21,0.0049005743438434
2089-01-22,0.0061502736266036
2089-01-23,0.0073738553455849
2089-01-24,0.0096816701914201
2089-01-25,0.0215953695152978
2089-01-26,0.0446039256903069
2089-01-27,0.0288472080379914
2089-01-28,0.1084608050640129
2089-01-29,0.0449027926285876
2089-01-30,0.0305034722324899
2089-01-31,0.0296750626946581
2089-02-01,0.0286038692296881
2089-02-02,0.0261827236890678
2089-02-03,0.0225584228701733
2089-02-04,0.0210268092666725
2089-02-05,0.0181793965529183
2089-02-06,0.0151738995776641
2089-02-07,0.0155324004315841
2089-02-08,0.0123549515076779
2089-02-09,0.013574314490168
2089-02-10,0.0105271072806921
2089-02-11,0.0169150119426587
2089-02-12,0.0487600841884256
2089-02-13,0.0256028425819887
2089-02-14,0.0239134986377536
2089-02-15,0.0213143541646862
2089-02-16,0.0186706959144967
2089-02-17,0.016374852597055
2089-02-18,0.0143482402764645
2089-02-19,0.0125329488696244
2089-02-20,0.0109351318713877
2089-02-21,0.0095604279517364
2089-02-22,0.0083854885917064
2089-02-23,0.0073863257259554
2089-02-24,0.0065430287000158
2089-02-25,0.0058184562813859
2089-02-26,0.0051623669658978
2089-02-27,0.0105118842523798
2089-02-28,0.0074583137261035
2089-03-01,0.0061315245161971
2089-03-02,0.0051478556410429
2089-03-03,0.005068838420923
2089-03-04,0.0048137537150002
2089-03-05,0.010196214473797
2089-03-06,0.0065565059403449
2089-03-07,0.0053404697581805
2089-03-08,0.0258929600768831
2089-03-09,0.0114694811028396
2089-03-10,0.0116662891217764
2089-03-11,0.0163656161451866
2089-03-12,0.0173478007592495
2089-03-13,0.0127697626915551
2089-03-14,0.0123475290859472
2089-03-15,0.0112556168276077
2089-03-16,0.0101008148164122
2089-03-17,0.0090043718422842
2089-03-18,0.0079627104725082
2089-03-19,0.0094069908386602
2089-03-20,0.0112987497378853
2089-03-21,0.0068051512688018
2089-03-22,0.0067148395627476
2089-03-23,0.0064192309932835
2089-03-24,0.0059453615225293
2089-03-25,0.0053973278078846
2089-03-26,0.0048479624760249
2089-03-27,0.0047850278940979
2089-03-28,0.0183956902973353
2089-03-29,0.0114952241149587
2089-03-30,0.0124409465571214
2089-03-31,0.0093763005867374
2089-04-01,0.0091692941815964
2089-04-02,0.0083465144839152
2089-04-03,0.0074084451480468
2089-04-04,0.0065011813084869
2089-04-05,0.0056593211551053
2089-04-06,0.0048992393929486
2089-04-07,0.0042394129178584
2089-04-08,0.003678762956483
2089-04-09,0.003179728562267
2089-04-10,0.0027474044392853
2089-04-11,0.0023912084015571
2089-04-12,0.00213538590985
2089-04-13,0.0019170984202575
2089-04-14,0.001699448449754
2089-04-15,0.0016329801573224
2089-04-16,0.0014212983397795
2089-04-17,0.0042648708986985
2089-04-18,0.0013431492588397
2089-04-19,0.0011430284314169
2089-04-20,0.0010151099943297
2089-04-21,0.0013785720219939
2089-04-22,0.0008983754812396
2089-04-23,0.0007855512586148
2089-04-24,0.0006732224705675
2089-04-25,0.000581097578443
2089-04-26,0.0005092771987378
2089-04-27,0.0004604171938142
2089-04-28,0.000430753154353
2089-04-29,0.0004156505173822
2089-04-30,0.0004092209014842
2089-05-01,0.0004062307898955
2089-05-02,0.0004033582703519
2089-05-03,0.000401160018236
2089-05-04,0.0003994592294767
2089-05-05,0.0003972578116706
2089-05-06,0.0003940879880952
2089-05-07,0.0003905491717329
2089-05-08,0.0003867046154724
2089-05-09,0.0003826945095991
2089-05-10,0.0003787495767648
2089-05-11,0.0003748267206393
2089-05-12,0.0003708314372694
2089-05-13,0.0003666009165938
2089-05-14,0.000362282536888
2089-05-15,0.0003581839733617
2089-05-16,0.0003543530734066
2089-05-17,0.0003502576486401
2089-05-18,0.000345666937424
2089-05-19,0.001391429369643
2089-05-20,0.0003408980126074
2089-05-21,0.0003374295279684
2089-05-22,0.0003332727234023
2089-05-23,0.0003286725825644
2089-05-24,0.0003241633245427
2089-05-25,0.0003195566099281
2089-05-26,0.0003149415599841
2089-05-27,0.0003101565692034
2089-05-28,0.0003053196671897
2089-05-29,0.0003005119427186
2089-05-30,0.0002955796003804
2089-05-31,0.000290798107857
2089-06-01,0.0002858526979839
2089-06-02,0.000280946520402
2089-06-03,0.0002763196774757
2089-06-04,0.0002717944124473
2089-06-05,0.0002670084825711
2089-06-06,0.0002619048358185
2089-06-07,0.0002569106129123
2089-06-08,0.0002523877196923
2089-06-09,0.0002478024639489
2089-06-10,0.0002437380116517
2089-06-11,0.0002401064287624
2089-06-12,0.0002365828528398
2089-06-13,0.0002331951513662
2089-06-14,0.0002296858897043
2089-06-15,0.0002260072781415
2089-06-16,0.0002223037713612
2089-06-17,0.0002186879052551
2089-06-18,0.0002152608328574
2089-06-19,0.0002119901095113
2089-06-20,0.0002088204815617
2089-06-21,0.00020576325618
2089-06-22,0.0002027734854815
2089-06-23,0.0001999376497157
2089-06-24,0.000197380078141
2089-06-25,0.0001949415822591
2089-06-26,0.0001924516963417
2089-06-27,0.0001898056016204
2089-06-28,0.0001872838120725
2089-06-29,0.0001848870813517
2089-06-30,0.0001823853277361
2089-07-01,0.0001803150326761
2089-07-02,0.0001786185849295
2089-07-03,0.0001770794201452
2089-07-04,0.0001755781943269
2089-07-05,0.0001741287081447
2089-07-06,0.0001726521604594
2089-07-07,0.0001711986699871
2089-07-08,0.0001698268666559
2089-07-09,0.0001684938650586
2089-07-10,0.0001672861724165
2089-07-11,0.0001663458394896
2089-07-12,0.0001654460706151
2089-07-13,0.0001644934985641
2089-07-14,0.0001635968532051
2089-07-15,0.0001628310365086
2089-07-16,0.0001622032037164
2089-07-17,0.0001616601190568
2089-07-18,0.0001611178256378
2089-07-19,0.0001605077430549
2089-07-20,0.0001599298851164
2089-07-21,0.0001594727949782
2089-07-22,0.0001590467984954
2089-07-23,0.0001586246476637
2089-07-24,0.0001581212668353
2089-07-25,0.0001575922286414
2089-07-26,0.0001572314367126
2089-07-27,0.0001571148495114
2089-07-28,0.0001570294303798
2089-07-29,0.0001569439805821
2089-07-30,0.0001568585307845
2089-07-31,0.0001567725886746
2089-08-01,0.0001566859142337
2089-08-02,0.000156600495102
2089-08-03,0.0001565150453044
2089-08-04,0.0001564296261727
2089-08-05,0.0001563441763751
2089-08-06,0.0001562592802217
2089-08-07,0.000156173830424
2089-08-08,0.0001560896359356
2089-08-09,0.000156004216804
2089-08-10,0.0001559187670063
2089-08-11,0.0001558333478747
2089-08-12,0.000155747928743
2089-08-13,0.0001556630019236
2089-08-14,0.0001555788074352
2089-08-15,0.0001554933883035
2089-08-16,0.0001554084921501
2089-08-17,0.0001553242976617
2089-08-18,0.0001552388478641
2089-08-19,0.0001551539517107
2089-08-20,0.0001550697572223
2089-08-21,0.0001549848610689
2089-08-22,0.0001549006665805
2089-08-23,0.0001548157704271
2089-08-24,0.0001547315759387
2089-08-25,0.0001546466797852
2089-08-26,0.0001545624852969
2089-08-27,0.0001544776198094
2089-08-28,0.0001543939482993
2089-08-29,0.0001543085291676
2089-08-30,0.0001542248576575
2089-08-31,0.0001541411861473
2089-09-01,0.0001540575453032
2089-09-02,0.0001539721261715
2089-09-03,0.0001538884546613
2089-09-04,0.0001538047831512
2089-09-05,0.000153721142307
2089-09-06,0.0001536374707969
2089-09-07,0.0001535526053094
2089-09-08,0.0001534684108211
2089-09-09,0.0001533847393109
2089-09-10,0.0001533010984667
2089-09-11,0.0001532174269566
2089-09-12,0.0001531337861124
2089-09-13,0.0001530501452683
2089-09-14,0.0001529669967363
2089-09-15,0.0001528833558922
2089-09-16,0.000152799684382
2089-09-17,0.0001527160435379
2089-09-18,0.000152633627337
2089-09-19,0.0001525499864928
2089-09-20,0.0001524668379609
2089-09-21,0.0001523831971167
2089-09-22,0.0001523007809158
2089-09-23,0.0001522171400717
2089-09-24,0.0001521340222057
2089-09-25,0.0001520503506956
2089-09-26,0.0001519684574729
2089-09-27,0.0001518848166288
2089-09-28,0.0001518024004279
2089-09-29,0.0001517192825619
2089-09-30,0.0001516356417178
2089-10-01,0.0005028005375164
2089-10-02,0.000151470107651
2089-10-03,0.0001513882144283
2089-10-04,0.0001513063518716
2089-10-05,0.0001512227110275
2089-10-06,0.0001511408178048
2089-10-07,0.0001510571769606
2089-10-08,0.000150975283738
2089-10-09,0.0001508934211813
2089-10-10,0.0001508103033154
2089-10-11,0.0001507278871145
2089-10-12,0.0001506459938918
2089-10-13,0.0001505641313352
2089-10-14,0.0001504822381125
2089-10-15,0.0001503991509126
2089-10-16,0.0001503172576899
2089-10-17,0.0001502353951332
2089-10-18,0.0001501535019106
2089-10-19,0.0001500711163757
2089-10-20,0.000149989223153
2089-10-21,0.0001499073605963
2089-10-22,0.0001498259903519
2089-10-23,0.0001497441277953
2089-10-24,0.0001496622345726
2089-10-25,0.0001495803720159
2089-10-26,0.0001787948535214
2089-10-27,0.0001494166469026
2089-10-28,0.0002772554722014
2089-10-29,0.0001492546387448
2089-10-30,0.0001491727761881
2089-10-31,0.0001490909136314
2089-11-01,0.0001490090510748
2089-11-02,0.0001489289054736
2089-11-03,0.0001488470429169
2089-11-04,0.0001487651803603
2089-11-05,0.0001486850654251
2089-11-06,0.0001486032028684
2089-11-07,0.0001485230879333
2089-11-08,0.0001484412253766
2089-11-09,0.0001483598857982
2089-11-10,0.0001482792478847
2089-11-11,0.0001481979083063
2089-11-12,0.0001481173010589
2089-11-13,0.0001480371861237
2089-11-14,0.0001479558465453
2089-11-15,0.0001478752086319
2089-11-16,0.0001477938690535
2089-11-17,0.0001477137847843
2089-11-18,0.0001476331468709
2089-11-19,0.0001475518072925
2089-11-20,0.0001474717230233
2089-11-21,0.0001473916080881
2089-11-22,0.0107313701320379
2089-11-23,0.0001477167578629
2089-11-24,0.0001486518953804
2089-11-25,0.0001495380156938
2089-11-26,0.0001503332887816
2089-11-27,0.0001510404906378
2089-11-28,0.0001516695970955
2089-11-29,0.0001522292726555
2089-11-30,0.0001527270745302
2089-12-01,0.0001531710268873
2089-12-02,0.0001535655359878
2089-12-03,0.0001539143677593
2089-12-04,0.0115818286395578
2089-12-05,0.0021574119270991
2089-12-06,0.0137474931608188
2089-12-07,0.0001936185822438
2089-12-08,0.0002028369124482
2089-12-09,0.0035414830361339
2089-12-10,0.0002120457813558
2089-12-11,0.0002156680486092
2089-12-12,0.0002178316738107
2089-12-13,0.0002192085406332
2089-12-14,0.0010182108425665
2089-12-15,0.0177158536661287
2089-12-16,0.0347370319123075
2089-12-17,0.0153038132058037
2089-12-18,0.0013978204443368
2089-12-19,0.0003448902323584
2089-12-20,0.0003501252805157
2089-12-21,0.0003953654252785
2089-12-22,0.001966959452135
2089-12-23,0.0046152921048477
2089-12-24,0.0039325696824521
2089-12-25,0.0040972071695952
2089-12-26,0.0013583297393964
2089-12-27,0.0003852969772203
2089-12-28,0.0003878494902631
2089-12-29,0.0003891033484037
2089-12-30,0.0003898783491964
2089-12-31,0.0003902192912362
2090-01-01,0.0003901147581547
2090-01-02,0.0003899154814828
2090-01-03,0.0003895392629529
2090-01-04,0.0094469522921998
2090-01-05,0.0063585932277215
2090-01-06,0.0005191258058617
2090-01-07,0.0006884675596025
2090-01-08,0.0007622578163579
2090-01-09,0.0008288873436653
2090-01-10,0.0008665735827294
2090-01-11,0.0035876529293105
2090-01-12,0.0010316387992334
2090-01-13,0.0010407857537152
2090-01-14,0.0010933732572706
2090-01-15,0.0028193007956529
2090-01-16,0.0011588229284534
2090-01-17,0.0011699721378013
2090-01-18,0.0011585227226785
2090-01-19,0.0011341430179786
2090-01-20,0.0011025940540355
2090-01-21,0.0010633512679689
2090-01-22,0.0010157584690076
2090-01-23,0.0009669330075777
2090-01-24,0.0009199151440744
2090-01-25,0.0008755225217949
2090-01-26,0.0008417304288019
2090-01-27,0.0008140964124123
2090-01-28,0.0007816294526258
2090-01-29,0.0019331298230408
2090-01-30,0.0049054066790821
2090-01-31,0.0060366410741412
2090-02-01,0.0053697539736415
2090-02-02,0.0016200131672192
2090-02-03,0.0019139877877725
2090-02-04,0.0019979690257716
2090-02-05,0.0019974648884341
2090-02-06,0.001960461923719
2090-02-07,0.0018924785378942
2090-02-08,0.0017986253229442
2090-02-09,0.0016933050815423
2090-02-10,0.0015868713613685
2090-02-11,0.0014827696593807
2090-02-12,0.0013866589296718
2090-02-13,0.0013036598110338
2090-02-14,0.0012230310592893
2090-02-15,0.001143315741023
2090-02-16,0.0010616473214248
2090-02-17,0.0009802280932241
2090-02-18,0.0009039306562144
2090-02-19,0.0008392228283465
2090-02-20,0.0009510973251904
2090-02-21,0.0007563050899481
2090-02-22,0.0007056752755467
2090-02-23,0.0008112840161426
2090-02-24,0.0062146981239373
2090-02-25,0.0006700931003632
2090-02-26,0.0006945710673046
2090-02-27,0.0007109767887632
2090-02-28,0.0007172176547347
2090-03-01,0.0007113215773935
2090-03-02,0.0024433968248753
2090-03-03,0.0008265605350249
2090-03-04,0.0007340562524547
2090-03-05,0.0007351498658302
2090-03-06,0.0007312382130793
2090-03-07,0.0007111557102653
2090-03-08,0.0006784489172002
2090-03-09,0.0006452285971427
2090-03-10,0.000613732039981
2090-03-11,0.0005834126237071
2090-03-12,0.0005543613754197
2090-03-13,0.000526860380763
2090-03-14,0.0005046110229121
2090-03-15,0.0004877904511646
2090-03-16,0.0004691142120453
2090-03-17,0.0004492299154594
2090-03-18,0.000430988178151
2090-03-19,0.0004151770410965
2090-03-20,0.000403470990133
2090-03-21,0.0003961758193179
2090-03-22,0.0016032343445858
2090-03-23,0.0003926199679334
2090-03-24,0.0003915423460173
2090-03-25,0.0003899725722496
2090-03-26,0.0003878776733431
2090-03-27,0.0003857063779869
2090-03-28,0.0068290604665453
2090-03-29,0.000384511865819
2090-03-30,0.0003848780441677
2090-03-31,0.0045147267438978
2090-04-01,0.0013753279494719
2090-04-02,0.0003920107264328
2090-04-03,0.0003942642813739
2090-04-04,0.0003952381755651
2090-04-05,0.0003955824539964
2090-04-06,0.0003945669762686
2090-04-07,0.0003921189688114
2090-04-08,0.0003897666179727
2090-04-09,0.0003874065175237
2090-04-10,0.0003848333223113
2090-04-11,0.0003823314781883
2090-04-12,0.0003798545562131
2090-04-13,0.0003770406044137
2090-04-14,0.0003740794186655
2090-04-15,0.0003710788484882
2090-04-16,0.0003682568381608
2090-04-17,0.0003654896112618
2090-04-18,0.0003624282943124
2090-04-19,0.0003591909849618
2090-04-20,0.0043406683386647
2090-04-21,0.0004491831104149
2090-04-22,0.0003553201299976
2090-04-23,0.0003541097294165
2090-04-24,0.0003522903158267
2090-04-25,0.0003713871889977
2090-04-26,0.0003495728083652
2090-04-27,0.0003482483335792
2090-04-28,0.0003461677357746
2090-04-29,0.0003437580288484
2090-04-30,0.0003408243126522
2090-05-01,0.0003373963274177
2090-05-02,0.0003335341694329
2090-05-03,0.0003298140602086
2090-05-04,0.0003262849502662
2090-05-05,0.0003227270790262
2090-05-06,0.0003191940261256
2090-05-07,0.0003153678162365
2090-05-08,0.0003112334343238
2090-05-09,0.0003071285615857
2090-05-10,0.0003032007867533
2090-05-11,0.0002994404004318
2090-05-12,0.0002956805637586
2090-05-13,0.000291820164138
2090-05-14,0.0002879678230869
2090-05-15,0.0002840833747462
2090-05-16,0.0002800725751467
2090-05-17,0.0002757204943656
2090-05-18,0.0002713131632423
2090-05-19,0.0002673217269993
2090-05-20,0.0002634325593993
2090-05-21,0.0002596278087641
2090-05-22,0.0002558284956491
2090-05-23,0.0002520579409865
2090-05-24,0.0002482310969492
2090-05-25,0.0002443716222596
2090-05-26,0.0002405284450106
2090-05-27,0.0002368478473184
2090-05-28,0.0002331609123419
2090-05-29,0.0002296323301122
2090-05-30,0.0002264405995766
2090-05-31,0.0002232721608807
2090-06-01,0.0002199907835565
2090-06-02,0.0002169639827299
2090-06-03,0.0002140558626737
2090-06-04,0.0002112863472333
2090-06-05,0.0002084973249968
2090-06-06,0.000205482142503
2090-06-07,0.0002025018993571
2090-06-08,0.0001999012107978
2090-06-09,0.0001971082467506
2090-06-10,0.0001947607738765
2090-06-11,0.0001924380256874
2090-06-12,0.0001900016294736
2090-06-13,0.0001875859401496
2090-06-14,0.0001851946807026
2090-06-15,0.0001832205300398
2090-06-16,0.0001813981925382
2090-06-17,0.000179576026758
2090-06-18,0.0001778302140639
2090-06-19,0.0001760599408268
2090-06-20,0.000174068893799
2090-06-21,0.0001722454858745
2090-06-22,0.0001708109532565
2090-06-23,0.0001695064326621
2090-06-24,0.0001682357485874
2090-06-25,0.0001670765662995
2090-06-26,0.0001661824595806
2090-06-27,0.0001652629821084
2090-06-28,0.0001643134806377
2090-06-29,0.0001634934690199
2090-06-30,0.0001628545883536
2090-07-01,0.0001622488487001
2090-07-02,0.000161618177088
2090-07-03,0.0001610703154516
2090-07-04,0.0001605883931226
2090-07-05,0.0001601216894911
2090-07-06,0.0001596433568669
2090-07-07,0.0001592151331479
2090-07-08,0.0001587972917757
2090-07-09,0.0001583854865878
2090-07-10,0.000158067587919
2090-07-11,0.0001577265723618
2090-07-12,0.0001574072037219
2090-07-13,0.0001571156112047
2090-07-14,0.0001568709884483
2090-07-15,0.0001567634950719
2090-07-16,0.0001566780452742
2090-07-17,0.0001565926261426
2090-07-18,0.0001565076993231
2090-07-19,0.0001564222801915
2090-07-20,0.0001563368303938
2090-07-21,0.0001562514112622
2090-07-22,0.0001561659614645
2090-07-23,0.0001560810653111
2090-07-24,0.0001559956155135
2090-07-25,0.0001559101963818
2090-07-26,0.0001558253002284
2090-07-27,0.0001557398504307
2090-07-28,0.0001556544312991
2090-07-29,0.0001555707597889
2090-07-30,0.0001554853406573
2090-07-31,0.0001554004138379
2090-08-01,0.0001553149947062
2090-08-02,0.0001552313231961
2090-08-03,0.0001551459040644
2090-08-04,0.000155061007911
2090-08-05,0.0001549768134226
2090-08-06,0.0001548919172692
2090-08-07,0.0001548070211158
2090-08-08,0.0001547228266274
2090-08-09,0.000154637930474
2090-08-10,0.0001545542589638
2090-08-11,0.0001544688398321
2090-08-12,0.000154385168322
2090-08-13,0.0001543014968118
2090-08-14,0.0001542166006584
2090-08-15,0.0001541329291483
2090-08-16,0.0001540492883041
2090-08-17,0.0001539643921507
2090-08-18,0.0001937149595727
2090-08-19,0.0001537965261521
2090-08-20,0.0001903393463644
2090-08-21,0.0001536279891546
2090-08-22,0.0001535443176444
2090-08-23,0.0001534606768002
2090-08-24,0.0001533775282683
2090-08-25,0.0001532938874242
2090-08-26,0.000153210215914
2090-08-27,0.0001531253504266
2090-08-28,0.0001530416789164
2090-08-29,0.0001529580380723
2090-08-30,0.0001528748895403
2090-08-31,0.0001527924733394
2090-09-01,0.0001527088324953
2090-09-02,0.0001526251609851
2090-09-03,0.0001525420431192
2090-09-04,0.0044176339482315
2090-09-05,0.0038089435648425
2090-09-06,0.0007734038251036
2090-09-07,0.0001527751191634
2090-09-08,0.0001531164182357
2090-09-09,0.0001534329481087
2090-09-10,0.0001537039098946
2090-09-11,0.0001539299545448
2090-09-12,0.0001541147183575
2090-09-13,0.0001542639925323
2090-09-14,0.0001543768534368
2090-09-15,0.000154462212896
2090-09-16,0.0001545269067497
2090-09-17,0.0001545735016391
2090-09-18,0.0001546061331403
2090-09-19,0.0001546250482377
2090-09-20,0.0001546285606417
2090-09-21,0.000154620497612
2090-09-22,0.0001546034004332
2090-09-23,0.0001545789553948
2090-09-24,0.0001545477721639
2090-09-25,0.0001545103430526
2090-09-26,0.0001544678620384
2090-09-27,0.0001544198061428
2090-09-28,0.0001543679843195
2090-09-29,0.0001543123659025
2090-09-30,0.0001542529815576
2090-10-01,0.0001541905636161
2090-10-02,0.0001541273520115
2090-10-03,0.0001540611374761
2090-10-04,0.0001539923816562
2090-10-05,0.0001539223705271
2090-10-06,0.0001538511040887
2090-10-07,0.0001537785516751
2090-10-08,0.000153704220974
2090-10-09,0.0001536291886079
2090-10-10,0.0052356637297651
2090-10-11,0.0002034179167411
2090-10-12,0.0001537794233699
2090-10-13,0.0008071782178821
2090-10-14,0.0002017004129613
2090-10-15,0.0001544347529941
2090-10-16,0.0001546353314092
2090-10-17,0.000154792520339
2090-10-18,0.0001549106973747
2090-10-19,0.0001549936014308
2090-10-20,0.0001550429784724
2090-10-21,0.0001550730932385
2090-10-22,0.0001551166790805
2090-10-23,0.0001551366524091
2090-10-24,0.0001551376717783
2090-10-25,0.0001551128203091
2090-10-26,0.0001550721658321
2090-10-27,0.0001550265514501
2090-10-28,0.0001549736758973
2090-10-29,0.0001549324677762
2090-10-30,0.0020391113717699
2090-10-31,0.0001549108563697
2090-11-01,0.0001549435720959
2090-11-02,0.0001549702942352
2090-11-03,0.0001549916254893
2090-11-04,0.000154995752062
2090-11-05,0.0001549920384628
2090-11-06,0.0001549817400011
2090-11-07,0.0001549598661057
2090-11-08,0.0001549330323053
2090-11-09,0.0001549051218824
2090-11-10,0.0001548759868163
2090-11-11,0.0001548487780584
2090-11-12,0.0001548172803946
2090-11-13,0.0027210736898932
2090-11-14,0.0066194340921496
2090-11-15,0.0003065958575179
2090-11-16,0.0001604178618222
2090-11-17,0.000162595662085
2090-11-18,0.0001641166506965
2090-11-19,0.0001652113782093
2090-11-20,0.0001660545890654
2090-11-21,0.0001667072712891
2090-11-22,0.0001672060758332
2090-11-23,0.0052238705210728
2090-11-24,0.0080896577269974
2090-11-25,0.0282997511229517
2090-11-26,0.0002290620742658
2090-11-27,0.0323358695491402
2090-11-28,0.0018584845553772
2090-11-29,0.0134993733004947
2090-11-30,0.009087778434942
2090-12-01,0.000456836094186
2090-12-02,0.0003554863744909
2090-12-03,0.0003592031606164
2090-12-04,0.0003614703692033
2090-12-05,0.0003628636792869
2090-12-06,0.0003637028412111
2090-12-07,0.000363964364745
2090-12-08,0.0003637092440295
2090-12-09,0.0003631978368679
2090-12-10,0.0003624407598078
2090-12-11,0.0003617037100581
2090-12-12,0.000361299840444
2090-12-13,0.0003609843969712
2090-12-14,0.0003601040321074
2090-12-15,0.0003590409436155
2090-12-16,0.0045904247928258
2090-12-17,0.0003589858956668
2090-12-18,0.0003597239034603
2090-12-19,0.0006230571365163
2090-12-20,0.0013109311667793
2090-12-21,0.0003624113712465
2090-12-22,0.0003630418247161
2090-12-23,0.0003631697911281
2090-12-24,0.0003631705876842
2090-12-25,0.0003630786438362
2090-12-26,0.00036302052712
2090-12-27,0.0003629419831605
2090-12-28,0.0015347778533405
2090-12-29,0.0055582784126542
2090-12-30,0.0730789344759033
2090-12-31,0.006673370814675
2091-01-01,0.006198087096532
2091-01-02,0.0064591862289053
2091-01-03,0.0239792908879659
2091-01-04,0.0151641437204851
2091-01-05,0.0194602043130479
2091-01-06,0.01464168347156
2091-01-07,0.014255232755976
2091-01-08,0.0132460530069387
2091-01-09,0.0120485491287897
2091-01-10,0.0152921436213291
2091-01-11,0.0207259782677928
2091-01-12,0.0127392771680414
2091-01-13,0.0128419742291693
2091-01-14,0.0119738980167419
2091-01-15,0.0108914775984806
2091-01-16,0.0098062520218784
2091-01-17,0.0088192662785606
2091-01-18,0.0079153160734307
2091-01-19,0.0070576587050136
2091-01-20,0.0063030094402542
2091-01-21,0.0056742752652569
2091-01-22,0.0051470307946866
2091-01-23,0.0047064188221564
2091-01-24,0.0042889473000495
2091-01-25,0.0038986332336679
2091-01-26,0.0035432661161707
2091-01-27,0.0044987290651365
2091-01-28,0.0051042962078486
2091-01-29,0.0102410787457176
2091-01-30,0.0100816808857985
2091-01-31,0.0080210001105767
2091-02-01,0.0062567795448793
2091-02-02,0.0064771682630915
2091-02-03,0.006265305399094
2091-02-04,0.0058910651755692
2091-02-05,0.0054745541295958
2091-02-06,0.0050674728306493
2091-02-07,0.0046778809842665
2091-02-08,0.004284298514306
2091-02-09,0.0062269538272933
2091-02-10,0.0038724871452829
2091-02-11,0.0078921334160494
2091-02-12,0.0490402855689642
2091-02-13,0.0162002767323213
2091-02-14,0.0188107889538836
2091-02-15,0.0160432355023783
2091-02-16,0.0146642616715526
2091-02-17,0.0140735107029147
2091-02-18,0.0119449248533169
2091-02-19,0.0106504123641372
2091-02-20,0.0095588462900238
2091-02-21,0.009937248760796
2091-02-22,0.0079211124151621
2091-02-23,0.0075938384418323
2091-02-24,0.0164608790330716
2091-02-25,0.0076901541328335
2091-02-26,0.0644471118339446
2091-02-27,0.0699779458255481
2091-02-28,0.0299513405906898
2091-03-01,0.048529918173319
2091-03-02,0.0329597096965934
2091-03-03,0.0516791556546606
2091-03-04,0.0360327498856316
2091-03-05,0.0301177678349845
2091-03-06,0.028954754767222
2091-03-07,0.0396301552086899
2091-03-08,0.0279085789423
2091-03-09,0.0257550808311513
2091-03-10,0.0236670003134493
2091-03-11,0.0207428185023623
2091-03-12,0.0172302766734441
2091-03-13,0.0149411971666877
2091-03-14,0.0129451267502102
2091-03-15,0.0157003791232281
2091-03-16,0.0146531871315042
2091-03-17,0.0107323014335059
2091-03-18,0.0195011474677811
2091-03-19,0.0298394579744121
2091-03-20,0.0338763023731077
2091-03-21,0.0239999223415342
2091-03-22,0.0242798827909219
2091-03-23,0.0207538973871552
2091-03-24,0.0191773037485511
2091-03-25,0.0161180871244007
2091-03-26,0.0140602603994213
2091-03-27,0.0140357158662916
2091-03-28,0.0109356070511903
2091-03-29,0.0096324426371069
2091-03-30,0.0129681530395378
2091-03-31,0.0080975552577629
2091-04-01,0.0075777744014964
2091-04-02,0.0069340774297536
2091-04-03,0.0061154741917258
2091-04-04,0.0053417979559777
2091-04-05,0.0085807604890014
2091-04-06,0.006350258046752
2091-04-07,0.004673010468981
2091-04-08,0.0044455742554874
2091-04-09,0.0040377056130953
2091-04-10,0.003577464715171
2091-04-11,0.0031218659885409
2091-04-12,0.0027010890197869
2091-04-13,0.0023236739739472
2091-04-14,0.0019997037830702
2091-04-15,0.0017184001007578
2091-04-16,0.0014614752726993
2091-04-17,0.00123804870595
2091-04-18,0.0010322591339948
2091-04-19,0.0008578994964099
2091-04-20,0.0007167463639589
2091-04-21,0.0006087588952974
2091-04-22,0.0005275235394167
2091-04-23,0.0004721334255909
2091-04-24,0.0004362188765916
2091-04-25,0.0004169152475761
2091-04-26,0.000409519368809
2091-04-27,0.0021496922463555
2091-04-28,0.0004061009022943
2091-04-29,0.0014713932826912
2091-04-30,0.0004030450740048
2091-05-01,0.001205970499746
2091-05-02,0.0086911115062847
2091-05-03,0.0004051369439339
2091-05-04,0.0004069534700105
2091-05-05,0.0004069038065153
2091-05-06,0.0004063270477503
2091-05-07,0.0004049983961785
2091-05-08,0.0004026761712375
2091-05-09,0.0003996679937706
2091-05-10,0.0003964689870451
2091-05-11,0.0010128982921539
2091-05-12,0.0003940626040232
2091-05-13,0.0003927413064775
2091-05-14,0.0003896266049728
2091-05-15,0.0003858162962507
2091-05-16,0.0003818030730231
2091-05-17,0.0003778886663965
2091-05-18,0.0003739291511637
2091-05-19,0.0003700114982748
2091-05-20,0.000365987795012
2091-05-21,0.0003619066934297
2091-05-22,0.0003576284677341
2091-05-23,0.0003535575864606
2091-05-24,0.0003496151454721
2091-05-25,0.0003455672082598
2091-05-26,0.0003416606606193
2091-05-27,0.0003375671903632
2091-05-28,0.0003334081476027
2091-05-29,0.0003292921902143
2091-05-30,0.000325072897111
2091-05-31,0.0003209322358482
2091-06-01,0.0003166684458882
2091-06-02,0.0003123306028361
2091-06-03,0.0003077272105957
2091-06-04,0.000303366085775
2091-06-05,0.0002992100973835
2091-06-06,0.000295024726134
2091-06-07,0.0002906384083978
2091-06-08,0.0002859240385823
2091-06-09,0.0002809676389022
2091-06-10,0.0002764200735382
2091-06-11,0.0002718908116495
2091-06-12,0.0002671643131376
2091-06-13,0.0002625931602355
2091-06-14,0.0002579405755018
2091-06-15,0.0002533411248606
2091-06-16,0.0002488061824175
2091-06-17,0.0002445363239528
2091-06-18,0.0002406712520625
2091-06-19,0.0002369554819074
2091-06-20,0.0002332512532486
2091-06-21,0.0002295919013317
2091-06-22,0.0002258958232403
2091-06-23,0.0002222598573232
2091-06-24,0.0002185709876511
2091-06-25,0.000215015276494
2091-06-26,0.0002115344398715
2091-06-27,0.0002081296684894
2091-06-28,0.0002048661701731
2091-06-29,0.0002017410380687
2091-06-30,0.0001988269991563
2091-07-01,0.0001960843214439
2091-07-02,0.0001932818796706
2091-07-03,0.000190388043144
2091-07-04,0.0001873697059777
2091-07-05,0.000184676287183
2091-07-06,0.0001823702590679
2091-07-07,0.0001803823710364
2091-07-08,0.0001784123910906
2091-07-09,0.0001766000338969
2091-07-10,0.0001751119735177
2091-07-11,0.000173483498339
2091-07-12,0.000172154469434
2091-07-13,0.0001709258043606
2091-07-14,0.0001697139947494
2091-07-15,0.0001683337135067
2091-07-16,0.0001667695682176
2091-07-17,0.0001654626453263
2091-07-18,0.0001644280412094
2091-07-19,0.0001636088008821
2091-07-20,0.0001629236767639
2091-07-21,0.0001622977980178
2091-07-22,0.000161563116687
2091-07-23,0.0001608191899409
2091-07-24,0.0001603499817692
2091-07-25,0.0001598861681356
2091-07-26,0.0001593991754325
2091-07-27,0.0001589436145597
2091-07-28,0.0001585151793672
2091-07-29,0.0001580517023815
2091-07-30,0.0001574982694421
2091-07-31,0.0001571357716934
2091-08-01,0.0001569943938906
2091-08-02,0.0001656777201592
2091-08-03,0.0001568234942953
2091-08-04,0.0001567380751636
2091-08-05,0.000156652625366
2091-08-06,0.0001565672062343
2091-08-07,0.0001564817564367
2091-08-08,0.000156396337305
2091-08-09,0.0001563108875074
2091-08-10,0.0001562254683757
2091-08-11,0.0001561400492441
2091-08-12,0.0001560545994464
2091-08-13,0.0001559691803148
2091-08-14,0.0001558837611831
2091-08-15,0.0001557983420514
2091-08-16,0.0001557141168971
2091-08-17,0.0001556292207436
2091-08-18,0.000155543801612
2091-08-19,0.0001554583824803
2091-08-20,0.0001553741879919
2091-08-21,0.00070103941967
2091-08-22,0.0002899687762731
2091-08-23,0.0001551196475525
2091-08-24,0.0001550347513991
2091-08-25,0.0001549505569107
2091-08-26,0.0001548656914233
2091-08-27,0.0001547814969349
2091-08-28,0.0001546966007814
2091-08-29,0.0001546124062931
2091-08-30,0.0001545287347829
2091-08-31,0.0001544433156512
2091-09-01,0.0001543596441411
2091-09-02,0.0001542742556754
2091-09-03,0.0001541905841653
2091-09-04,0.0001541069126551
2091-09-05,0.000154023241145
2091-09-06,0.0001539378526793
2091-09-07,0.0001538541811692
2091-09-08,0.000153770540325
2091-09-09,0.0001536868688148
2091-09-10,0.0001536026743264
2091-09-11,0.0001535190334823
2091-09-12,0.0001534353619721
2091-09-13,0.0001533504964847
2091-09-14,0.0001532668249745
2091-09-15,0.0001531831841304
2091-09-16,0.0001530995432862
2091-09-17,0.0001530170964193
2091-09-18,0.0001529334555752
2091-09-19,0.000152849814731
2091-09-20,0.0001527661432209
2091-09-21,0.0001526825023767
2091-09-22,0.0001525993845108
2091-09-23,0.0001525157436666
2091-09-24,0.0001524332967997
2091-09-25,0.0001523496559556
2091-09-26,0.0001522660151114
2091-09-27,0.0001521828972455
2091-09-28,0.0001521004810446
2091-09-29,0.0001520168402004
2091-09-30,0.0001519349469778
2091-10-01,0.0001518513061336
2091-10-02,0.0001517676652894
2091-10-03,0.0001516857720668
2091-10-04,0.0001516021312226
2091-10-05,0.0001515202379999
2091-10-06,0.0001514365971558
2091-10-07,0.0001513547039331
2091-10-08,0.0001512723183982
2091-10-09,0.000172490104044
2091-10-10,0.0001511073073096
2091-10-11,0.0001510236664655
2091-10-12,0.0001509417732428
2091-10-13,0.0001508599106861
2091-10-14,0.0001507774944852
2091-10-15,0.0001506944072853
2091-10-16,0.0001506125140626
2091-10-17,0.0001505300978618
2091-10-18,0.0001504482353051
2091-10-19,0.0001503663420824
2091-10-20,0.0001502844795258
2091-10-21,0.0001502025863031
2091-10-22,0.0001501194991032
2091-10-23,0.0001500376058805
2091-10-24,0.0001499557433238
2091-10-25,0.0001498738807672
2091-10-26,0.0001497932121878
2091-10-27,0.0001497113496311
2091-10-28,0.0001496294870744
2091-10-29,0.0001495475938518
2091-10-30,0.0001494657312951
2091-10-31,0.0001493838687384
2091-11-01,0.0010130720939057
2091-11-02,0.000440219772271
2091-11-03,0.0001491399980239
2091-11-04,0.0001490581354673
2091-11-05,0.0001489762729106
2091-11-06,0.0001488961579754
2091-11-07,0.0001488142954188
2091-11-08,0.0001487329558403
2091-11-09,0.0005680165080748
2091-11-10,0.0001485709783485
2091-11-11,0.0001484908634133
2091-11-12,0.0001484095238349
2091-11-13,0.0001483294395657
2091-11-14,0.0001482480999873
2091-11-15,0.0001481679850521
2091-11-16,0.0001480866454737
2091-11-17,0.0001480065305385
2091-11-18,0.0001479264462693
2091-11-19,0.0001478451066909
2091-11-20,0.0001477649917557
2091-11-21,0.0001476849074866
2091-11-22,0.0001476047925514
2091-11-23,0.000147523452973
2091-11-24,0.0001474433687038
2091-11-25,0.0003337662800918
2091-11-26,0.0003227294082829
2091-11-27,0.0001472030545643
2091-11-28,0.0001471229702951
2091-11-29,0.0018492490269492
2091-11-30,0.0001469638170472
2091-12-01,0.0001468853017128
2091-12-02,0.0001468085339998
2091-12-03,0.0001467312739746
2091-12-04,0.0001466545062616
2091-12-05,0.0001465772462364
2091-12-06,0.0001465004785234
2091-12-07,0.0001464232184982
2091-12-08,0.0001463464507852
2091-12-09,0.00014626919076
2091-12-10,0.0001461919000688
2091-12-11,0.0001461146400436
2091-12-12,0.0001460373493524
2091-12-13,0.0001459600893272
2091-12-14,0.000145882798636
2091-12-15,0.0001458055386108
2091-12-16,0.0001457270232763
2091-12-17,0.0001456492402729
2091-12-18,0.0017056248251121
2091-12-19,0.0055012400833659
2091-12-20,0.0061978352227506
2091-12-21,0.0010000395626052
2091-12-22,0.0074250542553049
2091-12-23,0.0001868588068261
2091-12-24,0.0001702811015202
2091-12-25,0.0028734461988631
2091-12-26,0.0002784643931599
2091-12-27,0.0001813747190827
2091-12-28,0.000183474445463
2091-12-29,0.0001849006940444
2091-12-30,0.0001859749406658
2091-12-31,0.0001868813135155
2092-01-01,0.0001875956914591
2092-01-02,0.0001881125699092
2092-01-03,0.0001883795570447
2092-01-04,0.0001884938559762
2092-01-05,0.000717040176787
2092-01-06,0.0008361281118029
2092-01-07,0.002265262593336
2092-01-08,0.0001905600707285
2092-01-09,0.0001914609560754
2092-01-10,0.0001921379616169
2092-01-11,0.002554119663261
2092-01-12,0.0034087169471715
2092-01-13,0.0034706424534704
2092-01-14,0.0034635922316681
2092-01-15,0.0033814757524164
2092-01-16,0.0045655696098095
2092-01-17,0.0113989889486217
2092-01-18,0.0039612361366957
2092-01-19,0.0019234152619429
2092-01-20,0.0042090205853878
2092-01-21,0.0002788831851982
2092-01-22,0.0002835766983338
2092-01-23,0.0005278868298853
2092-01-24,0.0020902214676229
2092-01-25,0.0002908673016904
2092-01-26,0.0002922227788201
2092-01-27,0.0002930461643684
2092-01-28,0.0014533025397694
2092-01-29,0.0020819400675819
2092-01-30,0.0448652579009182
2092-01-31,0.0003603856391916
2092-02-01,0.0061142551945569
2092-02-02,0.0049196602459293
2092-02-03,0.0007030543222249
2092-02-04,0.0006468957265855
2092-02-05,0.0017143201015729
2092-02-06,0.0005679868791268
2092-02-07,0.0005581854308677
2092-02-08,0.0005879182525733
2092-02-09,0.0006085964960798
2092-02-10,0.0115429105156692
2092-02-11,0.0059081166612699
2092-02-12,0.0144591356817605
2092-02-13,0.0038139581018516
2092-02-14,0.0119484286773263
2092-02-15,0.0190642861792654
2092-02-16,0.009566592505323
2092-02-17,0.0451030716593001
2092-02-18,0.0229791487433401
2092-02-19,0.0216214982263342
2092-02-20,0.0192318067530278
2092-02-21,0.0233229701410949
2092-02-22,0.016238555130307
2092-02-23,0.0151560208926412
2092-02-24,0.0136385975454604
2092-02-25,0.0123194677001108
2092-02-26,0.0109184770495653
2092-02-27,0.0096267880951794
2092-02-28,0.0084907003832469
2092-02-29,0.0075270864146532
2092-03-01,0.0127909186498998
2092-03-02,0.0066313767918302
2092-03-03,0.0064127102124789
2092-03-04,0.0059863648670665
2092-03-05,0.005502337085573
2092-03-06,0.0072922395198897
2092-03-07,0.0048745063639022
2092-03-08,0.004589845553009
2092-03-09,0.0042366312224378
2092-03-10,0.0048922193915939
2092-03-11,0.0039115007921272
2092-03-12,0.0035417846391489
2092-03-13,0.0032998608888539
2092-03-14,0.0030528739287036
2092-03-15,0.0033260082970109
2092-03-16,0.0061156543333856
2092-03-17,0.0035461229168074
2092-03-18,0.0028870060089496
2092-03-19,0.0028560382612801
2092-03-20,0.0027400639623113
2092-03-21,0.0025688546199958
2092-03-22,0.0023698851271488
2092-03-23,0.0021361460460014
2092-03-24,0.001904279105895
2092-03-25,0.0016910117312236
2092-03-26,0.0017063028001803
2092-03-27,0.001714027560303
2092-03-28,0.0059937251516589
2092-03-29,0.0033468862303192
2092-03-30,0.0016145713198947
2092-03-31,0.0032659042391297
2092-04-01,0.0079072361181132
2092-04-02,0.0024844515626003
2092-04-03,0.002797347393249
2092-04-04,0.0027700266021019
2092-04-05,0.0026704136887607
2092-04-06,0.005617831621132
2092-04-07,0.0026903631961629
2092-04-08,0.0026364809392536
2092-04-09,0.0026128604601971
2092-04-10,0.0135138816406215
2092-04-11,0.0036468623315185
2092-04-12,0.0040927103702831
2092-04-13,0.003962366697007
2092-04-14,0.0048098971006679
2092-04-15,0.0039907536164765
2092-04-16,0.0035956235720526
2092-04-17,0.0032552233591951
2092-04-18,0.0028783954199607
2092-04-19,0.0025064081042113
2092-04-20,0.0021466786309672
2092-04-21,0.0018270852969471
2092-04-22,0.0015786016431835
2092-04-23,0.0013853274563073
2092-04-24,0.0011925190019223
2092-04-25,0.0010439161110501
2092-04-26,0.0008825796485675
2092-04-27,0.0007357245225251
2092-04-28,0.0006185302950383
2092-04-29,0.0005315050737656
2092-04-30,0.0004744035308408
2092-05-01,0.0004616641162445
2092-05-02,0.000437680223134
2092-05-03,0.000415341175259
2092-05-04,0.0004083043208634
2092-05-05,0.0004049847273639
2092-05-06,0.0004018422078571
2092-05-07,0.0003987452765266
2092-05-08,0.0003954453541974
2092-05-09,0.0003919736768103
2092-05-10,0.0003883583310974
2092-05-11,0.0009822304961497
2092-05-12,0.0003844589976974
2092-05-13,0.000380757962677
2092-05-14,0.0003764992543957
2092-05-15,0.00037234756234
2092-05-16,0.0003681666693846
2092-05-17,0.0003759976785936
2092-05-18,0.0003628836857442
2092-05-19,0.0003597053321838
2092-05-20,0.0003552823818862
2092-05-21,0.0003508965614282
2092-05-22,0.0003465160287718
2092-05-23,0.0003420719108284
2092-05-24,0.0003375588338703
2092-05-25,0.0003330022891911
2092-05-26,0.0003283581946469
2092-05-27,0.0003235985314218
2092-05-28,0.0003192161387583
2092-05-29,0.0007422300202664
2092-05-30,0.0003147619632104
2092-05-31,0.0003105104385388
2092-06-01,0.0003055256074954
2092-06-02,0.0003006296188763
2092-06-03,0.0002961186644558
2092-06-04,0.0002918783216618
2092-06-05,0.0002873347990715
2092-06-06,0.000282571656957
2092-06-07,0.000277474549281
2092-06-08,0.0002723480043806
2092-06-09,0.000267296030623
2092-06-10,0.0002623203547331
2092-06-11,0.0002574993399935
2092-06-12,0.0002528260062782
2092-06-13,0.0002479600145125
2092-06-14,0.0002434463333165
2092-06-15,0.0002394335028841
2092-06-16,0.0002355918865629
2092-06-17,0.000231988699866
2092-06-18,0.0002285061177841
2092-06-19,0.0002249775410537
2092-06-20,0.0002212402136398
2092-06-21,0.0002175597685327
2092-06-22,0.0002140758407585
2092-06-23,0.0002108280224842
2092-06-24,0.0002078897627873
2092-06-25,0.0002050170208056
2092-06-26,0.0002021294485921
2092-06-27,0.0001994328782488
2092-06-28,0.0001970376697449
2092-06-29,0.0001947407470907
2092-06-30,0.0001925227384703
2092-07-01,0.0001903143405777
2092-07-02,0.0001881510769881
2092-07-03,0.0001860573379091
2092-07-04,0.0001841107910271
2092-07-05,0.0001822088563189
2092-07-06,0.0001804282614433
2092-07-07,0.000178884992089
2092-07-08,0.0001774193707995
2092-07-09,0.0001759039190212
2092-07-10,0.0001743345776299
2092-07-11,0.0001728627587099
2092-07-12,0.0001715676011938
2092-07-13,0.0001704952169574
2092-07-14,0.000169448961585
2092-07-15,0.0001683664772368
2092-07-16,0.0001673257963228
2092-07-17,0.0001662986188072
2092-07-18,0.0001653933294178
2092-07-19,0.0001645843541654
2092-07-20,0.0001637988462509
2092-07-21,0.0001630439449887
2092-07-22,0.0001622829352487
2092-07-23,0.0001614982950268
2092-07-24,0.0001608431267308
2092-07-25,0.000160300431764
2092-07-26,0.0001597615767577
2092-07-27,0.0001592123088662
2092-07-28,0.0001586568274167
2092-07-29,0.0001580981937854
2092-07-30,0.000157601779955
2092-07-31,0.0001572712665652
2092-08-01,0.0001571245846042
2092-08-02,0.0001570391348066
2092-08-03,0.0001569537156749
2092-08-04,0.0001568682658773
2092-08-05,0.0001567828160796
2092-08-06,0.0001566968739697
2092-08-07,0.0001566101995288
2092-08-08,0.0001565247803971
2092-08-09,0.0001564393305995
2092-08-10,0.0001563544344461
2092-08-11,0.0001562690153144
2092-08-12,0.0001561835655168
2092-08-13,0.0001560993710284
2092-08-14,0.0001560139518967
2092-08-15,0.0001559285020991
2092-08-16,0.0001558430829674
2092-08-17,0.000155758186814
2092-08-18,0.0001556727676824
2092-08-19,0.000155588542528
2092-08-20,0.0001555036463746
2092-08-21,0.0001554182272429
2092-08-22,0.0001553328081112
2092-08-23,0.0001552491366011
2092-08-24,0.0001551637174694
2092-08-25,0.000155078821316
2092-08-26,0.0001549946268276
2092-08-27,0.000154909207696
2092-08-28,0.0001548255361858
2092-08-29,0.0001547406400324
2092-08-30,0.000154656445544
2092-08-31,0.0001545715493906
2092-09-01,0.0001544873549022
2092-09-02,0.000154403714058
2092-09-03,0.0001543188179046
2092-09-04,0.0001542346234162
2092-09-05,0.0001541509519061
2092-09-06,0.0001540660864186
2092-09-07,0.0001539824149085
2092-09-08,0.0001538987433983
2092-09-09,0.0001746404986759
2092-09-10,0.0001537296834225
2092-09-11,0.0001536460119124
2092-09-12,0.0001535623710682
2092-09-13,0.0001534786995581
2092-09-14,0.0001533950587139
2092-09-15,0.0001533113872037
2092-09-16,0.0001532277463596
2092-09-17,0.0001531441055154
2092-09-18,0.0001530604340053
2092-09-19,0.0001529767931611
2092-09-20,0.0001528931523169
2092-09-21,0.0001528094808068
2092-09-22,0.0001527263629409
2092-09-23,0.0001526427220967
2092-09-24,0.0001525590505865
2092-09-25,0.0001524754097424
2092-09-26,0.0001523935165197
2092-09-27,0.0001523098756756
2092-09-28,0.0001522262348314
2092-09-29,0.0001521438186305
2092-09-30,0.0001520607007646
2092-10-01,0.0001519770599204
2092-10-02,0.0001518951666977
2092-10-03,0.0001518115258536
2092-10-04,0.0001517284079877
2092-10-05,0.0010384660496407
2092-10-06,0.0194241860368022
2092-10-07,0.0011617160313464
2092-10-08,0.0001678032468517
2092-10-09,0.0001717233161161
2092-10-10,0.0001737200202359
2092-10-11,0.0001747304417172
2092-10-12,0.0001752456471671
2092-10-13,0.0001754509190822
2092-10-14,0.0001753949667318
2092-10-15,0.0001752163440177
2092-10-16,0.0001750057828902
2092-10-17,0.0001746718918673
2092-10-18,0.0001742540263271
2092-10-19,0.0001737748807997
2092-10-20,0.0001731991541035
2092-10-21,0.0001725730510472
2092-10-22,0.0001719635139957
2092-10-23,0.0001713813406468
2092-10-24,0.0001708565778922
2092-10-25,0.0001703631733611
2092-10-26,0.000169857634443
2092-10-27,0.000169305790945
2092-10-28,0.0001687167260737
2092-10-29,0.0001681269472626
2092-10-30,0.0001675479861974
2092-10-31,0.0001670101252864
2092-11-01,0.0001665825067328
2092-11-02,0.0011398673025076
2092-11-03,0.0003741521339779
2092-11-04,0.0001661666799311
2092-11-05,0.0038557821574573
2092-11-06,0.0038504159233759
2092-11-07,0.0111263229139207
2092-11-08,0.0001830132925373
2092-11-09,0.0002167645005936
2092-11-10,0.0003483806383089
2092-11-11,0.0001968173781757
2092-11-12,0.0001983670013357
2092-11-13,0.0002018099826807
2092-11-14,0.0002996843699792
2092-11-15,0.001158049649663
2092-11-16,0.0002024934212584
2092-11-17,0.0002029016578422
2092-11-18,0.0002029760654181
2092-11-19,0.000940324572802
2092-11-20,0.001189099331513
2092-11-21,0.0002047287161459
2092-11-22,0.0002050721249158
2092-11-23,0.0002052678172801
2092-11-24,0.0004390895973178
2092-11-25,0.0061774869725794
2092-11-26,0.0002096435081945
2092-11-27,0.0002129304931293
2092-11-28,0.0002149375695299
2092-11-29,0.0002285251147831
2092-11-30,0.0002177331322647
2092-12-01,0.0002187019681206
2092-12-02,0.0002192330790701
2092-12-03,0.0002193781703892
2092-12-04,0.0002194126942582
2092-12-05,0.0002400881131744
2092-12-06,0.009460176209466
2092-12-07,0.0027075972806699
2092-12-08,0.0002341742726863
2092-12-09,0.0002384307246899
2092-12-10,0.0002407760671559
2092-12-11,0.0002422806979171
2092-12-12,0.0002432878550879
2092-12-13,0.000244000034891
2092-12-14,0.0002443515273779
2092-12-15,0.0002443699056457
2092-12-16,0.0002440791485018
2092-12-17,0.000243777783731
2092-12-18,0.0004011142235449
2092-12-19,0.0002440591423834
2092-12-20,0.0002437519169266
2092-12-21,0.0002432683441589
2092-12-22,0.0002427877690128
2092-12-23,0.0002422582278023
2092-12-24,0.0002415979712053
2092-12-25,0.0002407832235674
2092-12-26,0.0002401093257881
2092-12-27,0.0002396935422256
2092-12-28,0.0251300937208552
2092-12-29,0.0191780471244769
2092-12-30,0.0048438267764029
2092-12-31,0.0003818142024938
2093-01-01,0.0003254058828928
2093-01-02,0.0003283231750797
2093-01-03,0.0003299613531583
2093-01-04,0.0003307921143009
2093-01-05,0.0003309865919634
2093-01-06,0.0003309987953693
2093-01-07,0.0003310121752102
2093-01-08,0.0003307608363499
2093-01-09,0.0003302664564132
2093-01-10,0.0003295146810857
2093-01-11,0.0003287851439513
2093-01-12,0.0003280868591528
2093-01-13,0.0003273470632674
2093-01-14,0.0003266300976583
2093-01-15,0.0003261410129148
2093-01-16,0.002718692103872
2093-01-17,0.0077368535219966
2093-01-18,0.0039080204532222
2093-01-19,0.0078250054830322
2093-01-20,0.0003925019818367
2093-01-21,0.0003611777756286
2093-01-22,0.0030697069620041
2093-01-23,0.0083159301626544
2093-01-24,0.0049550240292911
2093-01-25,0.0011393664531937
2093-01-26,0.0004278502428953
2093-01-27,0.0160472254203891
2093-01-28,0.0010958771831667
2093-01-29,0.0029521602060065
2093-01-30,0.0067795446144676
2093-01-31,0.0030228003922369
2093-02-01,0.0028706621323804
2093-02-02,0.013254265356046
2093-02-03,0.0212358005097051
2093-02-04,0.0225749222947478
2093-02-05,0.0138622519996724
2093-02-06,0.0138181693906828
2093-02-07,0.012640244016615
2093-02-08,0.0113436583025764
2093-02-09,0.0100950251033364
2093-02-10,0.0089694670478871
2093-02-11,0.008004886551325
2093-02-12,0.0071748654702781
2093-02-13,0.0064578744757947
2093-02-14,0.0058194536703198
2093-02-15,0.0052373948129244
2093-02-16,0.0047204222908773
2093-02-17,0.0042808948616176
2093-02-18,0.0039123924722349
2093-02-19,0.0046187805478845
2093-02-20,0.0134059959454435
2093-02-21,0.013048551424862
2093-02-22,0.0063480073001417
2093-02-23,0.0069159466480311
2093-02-24,0.0067188995047401
2093-02-25,0.0063182399689706
2093-02-26,0.026861671811888
2093-02-27,0.0209457199996125
2093-02-28,0.0152896779167911
2093-03-01,0.0447723817397558
2093-03-02,0.0277342669729952
2093-03-03,0.0261177542048149
2093-03-04,0.0229080358235066
2093-03-05,0.0197760610373717
2093-03-06,0.0170214835366709
2093-03-07,0.0146798700939286
2093-03-08,0.0126970397721995
2093-03-09,0.0109519341891759
2093-03-10,0.0094777622779989
2093-03-11,0.0082947085985161
2093-03-12,0.0114903968447723
2093-03-13,0.0105611670719382
2093-03-14,0.0070533050081272
2093-03-15,0.0126166663002594
2093-03-16,0.0127857536720434
2093-03-17,0.0125088240627204
2093-03-18,0.010029050432908
2093-03-19,0.0097228777793676
2093-03-20,0.0089046059413767
2093-03-21,0.0079828926950139
2093-03-22,0.0070951677258808
2093-03-23,0.0062729361660782
2093-03-24,0.0055123432892401
2093-03-25,0.0048402748033547
2093-03-26,0.0042433740002172
2093-03-27,0.0037141924348275
2093-03-28,0.0044974907305781
2093-03-29,0.0091287908216772
2093-03-30,0.0034415663597422
2093-03-31,0.0152985548425104
2093-04-01,0.0120833872540195
2093-04-02,0.0077334969847316
2093-04-03,0.0078354834049255
2093-04-04,0.00721047992308
2093-04-05,0.0064268882888371
2093-04-06,0.0057051764364255
2093-04-07,0.0051178950140793
2093-04-08,0.0045614109093902
2093-04-09,0.0040613297529522
2093-04-10,0.0036524187979624
2093-04-11,0.0032422948209654
2093-04-12,0.002855833114359
2093-04-13,0.0032189815052465
2093-04-14,0.0025245794866974
2093-04-15,0.0021603549944642
2093-04-16,0.0018527521319907
2093-04-17,0.0015710367646181
2093-04-18,0.0013216838579045
2093-04-19,0.001112852024685
2093-04-20,0.000931745046207
2093-04-21,0.0023461134717114
2093-04-22,0.0009842229501845
2093-04-23,0.0035498487626797
2093-04-24,0.0062462123385116
2093-04-25,0.0043162004921896
2093-04-26,0.0028411712116206
2093-04-27,0.0026187263764943
2093-04-28,0.0019552213143693
2093-04-29,0.0019189225208884
2093-04-30,0.0017713609724762
2093-05-01,0.0015819269792104
2093-05-02,0.0013720000860086
2093-05-03,0.0011804724525026
2093-05-04,0.0010055508651954
2093-05-05,0.0008453779868508
2093-05-06,0.0007178234594738
2093-05-07,0.0006069377698643
2093-05-08,0.0005253826418108
2093-05-09,0.0004648509665327
2093-05-10,0.0004302754619668
2093-05-11,0.0004129217119783
2093-05-12,0.0004067008641332
2093-05-13,0.0004026951048451
2093-05-14,0.0003989265668088
2093-05-15,0.000394975613842
2093-05-16,0.0003910202615799
2093-05-17,0.0003870442698765
2093-05-18,0.0003828942734123
2093-05-19,0.0003788133720933
2093-05-20,0.0003748596680249
2093-05-21,0.0003709625678055
2093-05-22,0.0003671524531887
2093-05-23,0.0003634470057079
2093-05-24,0.0005484857078667
2093-05-25,0.000967922569663
2093-05-26,0.0003591612970152
2093-05-27,0.0003562650470943
2093-05-28,0.00035187764679
2093-05-29,0.0003474806301471
2093-05-30,0.0003431165598612
2093-05-31,0.0003387478020114
2093-06-01,0.0003343794301634
2093-06-02,0.0003296650556327
2093-06-03,0.0003250921009996
2093-06-04,0.0003203278686269
2093-06-05,0.0003155530560632
2093-06-06,0.0003107924885755
2093-06-07,0.0003060760732301
2093-06-08,0.0003012910255777
2093-06-09,0.0002965855433365
2093-06-10,0.0002920188971493
2093-06-11,0.0002873067793318
2093-06-12,0.0002824093859419
2093-06-13,0.0002774595733778
2093-06-14,0.0002729844066331
2093-06-15,0.0002691527698007
2093-06-16,0.0002653185818729
2093-06-17,0.0002606749169925
2093-06-18,0.0002560375307408
2093-06-19,0.0002514121252413
2093-06-20,0.0002466598040004
2093-06-21,0.0002424160897653
2093-06-22,0.0002386330752116
2093-06-23,0.0002347112609638
2093-06-24,0.0002307906296488
2093-06-25,0.0002270211536611
2093-06-26,0.0002234153295616
2093-06-27,0.0002201970421246
2093-06-28,0.0002170434285733
2093-06-29,0.0002139979900158
2093-06-30,0.0002106796221296
2093-07-01,0.0002073282829142
2093-07-02,0.0002040689906336
2093-07-03,0.0002009736908799
2093-07-04,0.0001979896034109
2093-07-05,0.000195050915662
2093-07-06,0.0001922074507335
2093-07-07,0.0001897058058093
2093-07-08,0.0001874210775991
2093-07-09,0.0001854005954855
2093-07-10,0.0001833770151718
2093-07-11,0.0001813553905575
2093-07-12,0.0001795483483444
2093-07-13,0.0001780222375423
2093-07-14,0.0001767643806968
2093-07-15,0.0001754432651858
2093-07-16,0.0001739331049447
2093-07-17,0.0001728002189656
2093-07-18,0.0001717558184634
2093-07-19,0.0001702514723595
2093-07-20,0.0001687525710016
2093-07-21,0.0001673887500035
2093-07-22,0.0001663896734876
2093-07-23,0.0001655440313964
2093-07-24,0.0001647640072556
2093-07-25,0.0001640532066975
2093-07-26,0.0001633780798561
2093-07-27,0.0001627591864081
2093-07-28,0.0001621697072914
2093-07-29,0.0001615322389617
2093-07-30,0.0001608521460987
2093-07-31,0.0001602212319242
2093-08-01,0.0001597145382339
2093-08-02,0.0001593040208964
2093-08-03,0.0001588978897721
2093-08-04,0.0001585177296387
2093-08-05,0.0001582044075974
2093-08-06,0.0001578840615588
2093-08-07,0.0001576066475209
2093-08-08,0.0001573250349601
2093-08-09,0.0001571015468886
2093-08-10,0.0001569965027987
2093-08-11,0.000156911083667
2093-08-12,0.0001568256338694
2093-08-13,0.0001567401840717
2093-08-14,0.0001566547649401
2093-08-15,0.0001565693151424
2093-08-16,0.0001564838960108
2093-08-17,0.0001563984462131
2093-08-18,0.0001563130270815
2093-08-19,0.0001562275772838
2093-08-20,0.0001561421581522
2093-08-21,0.0001560567390205
2093-08-22,0.0001559718122011
2093-08-23,0.0001558863930694
2093-08-24,0.0001558009739378
2093-08-25,0.0001557155241401
2093-08-26,0.00015563185263
2093-08-27,0.0001555464334983
2093-08-28,0.0001554610143667
2093-08-29,0.0001553760875473
2093-08-30,0.0001552918930589
2093-08-31,0.0001552064739272
2093-09-01,0.0001551215777738
2093-09-02,0.0001550373832854
2093-09-03,0.000154952487132
2093-09-04,0.0001548682926436
2093-09-05,0.0001547833964902
2093-09-06,0.0001546992020018
2093-09-07,0.0001546143058484
2093-09-08,0.0001545306343382
2093-09-09,0.0001544452152066
2093-09-10,0.0001543615436964
2093-09-11,0.0001542779028522
2093-09-12,0.0001541924837206
2093-09-13,0.0001541088122104
2093-09-14,0.0001540251407003
2093-09-15,0.0001539402752128
2093-09-16,0.0001538566037027
2093-09-17,0.0001537729321925
2093-09-18,0.0001536887683701
2093-09-19,0.00015360509686
2093-09-20,0.0001535202007066
2093-09-21,0.0001534365598624
2093-09-22,0.0001533528883523
2093-09-23,0.0001532692475081
2093-09-24,0.0001531855759979
2093-09-25,0.0001531019351538
2093-09-26,0.0001530182636436
2093-09-27,0.0001529351457777
2093-09-28,0.0001528515049335
2093-09-29,0.0001527678334234
2093-09-30,0.0001526854172225
2093-10-01,0.0001526017763783
2093-10-02,0.0001525186278464
2093-10-03,0.0001524349870022
2093-10-04,0.0001523513461581
2093-10-05,0.0001522689299572
2093-10-06,0.0001521858120913
2093-10-07,0.0001521021405811
2093-10-08,0.0001520190227152
2093-10-09,0.0001519366065143
2093-10-10,0.0001518529656701
2093-10-11,0.0001517710724475
2093-10-12,0.0001516874316033
2093-10-13,0.0001516055383806
2093-10-14,0.0001515218975365
2093-10-15,0.0001514400043138
2093-10-16,0.0001513568864479
2093-10-17,0.000151274470247
2093-10-18,0.0001511913830471
2093-10-19,0.0001511094898244
2093-10-20,0.0001510258489802
2093-10-21,0.0001509439557576
2093-10-22,0.0001508620932009
2093-10-23,0.000150778975335
2093-10-24,0.0001506965591341
2093-10-25,0.0001506146659114
2093-10-26,0.0001505328033548
2093-10-27,0.0001504509101321
2093-10-28,0.0001503678229322
2093-10-29,0.0001502859297095
2093-10-30,0.0044507010484829
2093-10-31,0.0007420501617551
2093-11-01,0.0001714008960331
2093-11-02,0.0001499970735203
2093-11-03,0.0001499371600806
2093-11-04,0.0001498754990194
2093-11-05,0.0001498150626015
2093-11-06,0.000149752146231
2093-11-07,0.0001496887068823
2093-11-08,0.0001496247138894
2093-11-09,0.00014955827161
2093-11-10,0.0001494917986646
2093-11-11,0.0007393703413855
2093-11-12,0.0001493590621265
2093-11-13,0.0001492945461553
2093-11-14,0.0001492295072059
2093-11-15,0.0001491656928998
2093-11-16,0.0001491006539504
2093-11-17,0.0001490350613568
2093-11-18,0.0001868519742874
2093-11-19,0.0001489032051706
2093-11-20,0.0081786824924496
2093-11-21,0.0001496845485918
2093-11-22,0.0001512051931256
2093-11-23,0.0001525467633669
2093-11-24,0.0036905688115165
2093-11-25,0.0004944772823853
2093-11-26,0.0001586880738436
2093-11-27,0.0010436600230796
2093-11-28,0.000162871453541
2093-11-29,0.0001645107714823
2093-11-30,0.0001657965924341
2093-12-01,0.001871605723782
2093-12-02,0.018386561987181
2093-12-03,0.0038520057542261
2093-12-04,0.0037525820587544
2093-12-05,0.0065244432588395
2093-12-06,0.0004180419646787
2093-12-07,0.0002373276854072
2093-12-08,0.0002409177515159
2093-12-09,0.0002430216202635
2093-12-10,0.0002442871803427
2093-12-11,0.0002449735690305
2093-12-12,0.0002453887085625
2093-12-13,0.000245518895617
2093-12-14,0.0002453694851042
2093-12-15,0.0002450154795317
2093-12-16,0.0002444271656398
2093-12-17,0.0002437501643098
2093-12-18,0.0003733933711563
2093-12-19,0.0025519192869992
2093-12-20,0.0002439226567029
2093-12-21,0.0002440826614173
2093-12-22,0.000244371280176
2093-12-23,0.0002445960093655
2093-12-24,0.0002447772422502
2093-12-25,0.0002449807141354
2093-12-26,0.0026453751555879
2093-12-27,0.0003144610062168
2093-12-28,0.0002674481453742
2093-12-29,0.0002482435570669
2093-12-30,0.0004803250734655
2093-12-31,0.0010041759282542
2094-01-01,0.0011676127438606
2094-01-02,0.0003711040364454
2094-01-03,0.0002521528103611
2094-01-04,0.0002521535569663
2094-01-05,0.0002520934382112
2094-01-06,0.0002520763733134
2094-01-07,0.0002520411191097
2094-01-08,0.0002518509420774
2094-01-09,0.0002516560750174
2094-01-10,0.0002516189365992
2094-01-11,0.0002516863732323
2094-01-12,0.0002515369365169
2094-01-13,0.0022993056628985
2094-01-14,0.002446465956545
2094-01-15,0.0082332617359479
2094-01-16,0.000547788641879
2094-01-17,0.0180816445885142
2094-01-18,0.0073253182835338
2094-01-19,0.0003153740640025
2094-01-20,0.0005279653656078
2094-01-21,0.0003257866670328
2094-01-22,0.0003275165366723
2094-01-23,0.0003283258450475
2094-01-24,0.0003287139990227
2094-01-25,0.0034034038673382
2094-01-26,0.0266161335259402
2094-01-27,0.0220897807912722
2094-01-28,0.0046521856419297
2094-01-29,0.0011249769345848
2094-01-30,0.0150279710044512
2094-01-31,0.0307388620605894
2094-02-01,0.0115842650819839
2094-02-02,0.0113075021565055
2094-02-03,0.0200411304191816
2094-02-04,0.0226866939296141
2094-02-05,0.0200580292192192
2094-02-06,0.0233093293917625
2094-02-07,0.0210660558565644
2094-02-08,0.0178435879928807
2094-02-09,0.0193070108934152
2094-02-10,0.0350389000706625
2094-02-11,0.094692621603701
2094-02-12,0.1993411828804622
2094-02-13,0.0429324308215571
2094-02-14,0.0333231858363971
2094-02-15,0.0299513405906898
2094-02-16,0.0586406592083508
2094-02-17,0.03587542839628
2094-02-18,0.0390054343462967
2094-02-19,0.0314503800270865
2094-02-20,0.029703888662656
2094-02-21,0.027761981478911
2094-02-22,0.0240173674791538
2094-02-23,0.0204966932678664
2094-02-24,0.0175708822410201
2094-02-25,0.0151096590931261
2094-02-26,0.0130331475002624
2094-02-27,0.0115853334084302
2094-02-28,0.0180023485877892
2094-03-01,0.0206285400201633
2094-03-02,0.0317921320918126
2094-03-03,0.0220015793691305
2094-03-04,0.0201779243646611
2094-03-05,0.0182099872460731
2094-03-06,0.0159515273449536
2094-03-07,0.0138661287083149
2094-03-08,0.0120540965099453
2094-03-09,0.0201507523171876
2094-03-10,0.034161098401539
2094-03-11,0.0221538150199413
2094-03-12,0.0199318539257273
2094-03-13,0.0180707070393574
2094-03-14,0.0428760178757967
2094-03-15,0.0240133016378491
2094-03-16,0.0230218826849443
2094-03-17,0.0202423784297488
2094-03-18,0.0174062003390661
2094-03-19,0.0148869217408261
2094-03-20,0.012738588425127
2094-03-21,0.0109247829160352
2094-03-22,0.0094078002311918
2094-03-23,0.0081120109139389
2094-03-24,0.0070169142711788
2094-03-25,0.0060959858610402
2094-03-26,0.0052997478516615
2094-03-27,0.0046066054538639
2094-03-28,0.0072788967681773
2094-03-29,0.0065273182977197
2094-03-30,0.0036719519593079
2094-03-31,0.0034307897133184
2094-04-01,0.0031332762018435
2094-04-02,0.003260798263707
2094-04-03,0.0027036707858894
2094-04-04,0.0024393191618095
2094-04-05,0.0021697919535914
2094-04-06,0.0019407955219377
2094-04-07,0.001722861451496
2094-04-08,0.0014928831340809
2094-04-09,0.0034427932391688
2094-04-10,0.0012932128465498
2094-04-11,0.0011903735906826
2094-04-12,0.0010486080100828
2094-04-13,0.0009245543513498
2094-04-14,0.0009608503385029
2094-04-15,0.000811685134106
2094-04-16,0.0016206272050422
2094-04-17,0.0007282012446395
2094-04-18,0.0006425499641934
2094-04-19,0.0005645033407307
2094-04-20,0.000507477999539
2094-04-21,0.0004687712058717
2094-04-22,0.0004478236117557
2094-04-23,0.0038936471653771
2094-04-24,0.0007064771872718
2094-04-25,0.0004336997169785
2094-04-26,0.0004249671245698
2094-04-27,0.0004178953766104
2094-04-28,0.0004118204180302
2094-04-29,0.0097838929711054
2094-04-30,0.0008238998213151
2094-05-01,0.0005189297944994
2094-05-02,0.0005329846877558
2094-05-03,0.0005141726574425
2094-05-04,0.0004880182927527
2094-05-05,0.0004652836350481
2094-05-06,0.0004385814048813
2094-05-07,0.0004165329294231
2094-05-08,0.00040641872902
2094-05-09,0.000402567164645
2094-05-10,0.0018334086096154
2094-05-11,0.000399049408003
2094-05-12,0.0003971699256854
2094-05-13,0.0003943139590644
2094-05-14,0.0003912699617733
2094-05-15,0.0003876130739261
2094-05-16,0.0003837427883498
2094-05-17,0.0003801978296553
2094-05-18,0.0003765615669751
2094-05-19,0.0003729064885871
2094-05-20,0.000369317367049
2094-05-21,0.0003662311499991
2094-05-22,0.0003630651958167
2094-05-23,0.0003595525115483
2094-05-24,0.0003557232712509
2094-05-25,0.0003518561365433
2094-05-26,0.0003476128681195
2094-05-27,0.0003434534024916
2094-05-28,0.000339353866657
2094-05-29,0.0003353960356345
2094-05-30,0.0003317524393275
2094-05-31,0.0003277845069628
2094-06-01,0.0003232662876772
2094-06-02,0.00031873433937
2094-06-03,0.0003144209916024
2094-06-04,0.0003099882303518
2094-06-05,0.0003054420990699
2094-06-06,0.0003010512496051
2094-06-07,0.0002966078566457
2094-06-08,0.0002921222210759
2094-06-09,0.0002876561045353
2094-06-10,0.0002832657289915
2094-06-11,0.0002788830844605
2094-06-12,0.0002742628912042
2094-06-13,0.0002692684515951
2094-06-14,0.0002642849645876
2094-06-15,0.0002593659858196
2094-06-16,0.0002549073668477
2094-06-17,0.0002504594303003
2094-06-18,0.0002458321827546
2094-06-19,0.0002417861405832
2094-06-20,0.0002381555823277
2094-06-21,0.0002345348666229
2094-06-22,0.0002311091373707
2094-06-23,0.0002277013194309
2094-06-24,0.0002241638123979
2094-06-25,0.0002204835897225
2094-06-26,0.0002168355205487
2094-06-27,0.0002132042328903
2094-06-28,0.0002097853428735
2094-06-29,0.0002064715598934
2094-06-30,0.000203344974251
2094-07-01,0.0002002176562776
2094-07-02,0.0001970197342844
2094-07-03,0.0001938423475012
2094-07-04,0.0001908606026236
2094-07-05,0.0001882149058739
2094-07-06,0.0001858469143621
2094-07-07,0.0001836200936811
2094-07-08,0.000181490168602
2094-07-09,0.0001793445782991
2094-07-10,0.0001771923704299
2094-07-11,0.0001751192855658
2094-07-12,0.0001732181479099
2094-07-13,0.0001715088919255
2094-07-14,0.000170088194051
2094-07-15,0.0001688988599689
2094-07-16,0.0001678461428208
2094-07-17,0.0001668458007174
2094-07-18,0.0001659057220802
2094-07-19,0.000164789651468
2094-07-20,0.0001635365934246
2094-07-21,0.0001626084643678
2094-07-22,0.0001619465726178
2094-07-23,0.0001613522206249
2094-07-24,0.0001608429029953
2094-07-25,0.0001603981418584
2094-07-26,0.0001599422133751
2094-07-27,0.0001594611165257
2094-07-28,0.0001589808177996
2094-07-29,0.0001585610332183
2094-07-30,0.0001582381488234
2094-07-31,0.0001579615546926
2094-08-01,0.0001576877224973
2094-08-02,0.0001574246994259
2094-08-03,0.0001571310909388
2094-08-04,0.0001569268507442
2094-08-05,0.0001568414316125
2094-08-06,0.0001567559818149
2094-08-07,0.0001566705320172
2094-08-08,0.0001565851128856
2094-08-09,0.0001564996630879
2094-08-10,0.0001564142439563
2094-08-11,0.0001563287941586
2094-08-12,0.000156243375027
2094-08-13,0.0001561579558953
2094-08-14,0.0001560725060977
2094-08-15,0.0001559876099442
2094-08-16,0.0001559021908126
2094-08-17,0.0001558167410149
2094-08-18,0.0001557313218833
2094-08-19,0.0001556464257299
2094-08-20,0.0001555622312415
2094-08-21,0.0001554768121098
2094-08-22,0.0001553918852904
2094-08-23,0.0001553064661587
2094-08-24,0.0001552227946486
2094-08-25,0.0001551373755169
2094-08-26,0.0001550537040068
2094-08-27,0.0001549682848751
2094-08-28,0.0001548833887217
2094-08-29,0.0001547991942333
2094-08-30,0.0005146592361272
2094-08-31,0.0001546306265697
2094-09-01,0.0001545452074381
2094-09-02,0.0001544615665939
2094-09-03,0.0001543778950838
2094-09-04,0.0001542924759521
2094-09-05,0.000154208804442
2094-09-06,0.0001695111913737
2094-09-07,0.0139408072221777
2094-09-08,0.0001556650196934
2094-09-09,0.0001583751656531
2094-09-10,0.0001601098130303
2094-09-11,0.0001609812429655
2094-09-12,0.0001611483421007
2094-09-13,0.0001610951965399
2094-09-14,0.0001610813471905
2094-09-15,0.0001610302176411
2094-09-16,0.000160967965301
2094-09-17,0.0001608663510433
2094-09-18,0.0001607978397439
2094-09-19,0.0001607023809834
2094-09-20,0.0001605566991929
2094-09-21,0.0001603858253359
2094-09-22,0.0001602033094041
2094-09-23,0.000160064703981
2094-09-24,0.0001599525144601
2094-09-25,0.0001597471743687
2094-09-26,0.0001594220232838
2094-09-27,0.0001589934133558
2094-09-28,0.0001585520030109
2094-09-29,0.0001582511796957
2094-09-30,0.0001580758121645
2094-10-01,0.0001578580294941
2094-10-02,0.0001576372458893
2094-10-03,0.0001574727605796
2094-10-04,0.00015736542788
2094-10-05,0.0001573151864586
2094-10-06,0.0001572670193664
2094-10-07,0.0001572164896764
2094-10-08,0.0001571617324124
2094-10-09,0.0001571028955952
2094-10-10,0.0001570422804904
2094-10-11,0.0001569798870982
2094-10-12,0.000156913967797
2094-10-13,0.0001568455378773
2094-10-14,0.0001567760620011
2094-10-15,0.0001567053308156
2094-10-16,0.0001566328520087
2094-10-17,0.0001565598195575
2094-10-18,0.0001564850394848
2094-10-19,0.0001564090041028
2094-10-20,0.0001563341626982
2094-10-21,0.0001562563796947
2094-10-22,0.0001561785660253
2094-10-23,0.0001561002293776
2094-10-24,0.000156021862064
2094-10-25,0.000155942270107
2094-10-26,0.007911988250725
2094-10-27,0.0064276294998319
2094-10-28,0.0001604234340049
2094-10-29,0.0001643339969166
2094-10-30,0.0001667015886531
2094-10-31,0.0001681476039675
2094-11-01,0.0001690995087583
2094-11-02,0.0001697797693466
2094-11-03,0.0001702059662203
2094-11-04,0.0001704283477663
2094-11-05,0.0001704850463756
2094-11-06,0.0001704798753785
2094-11-07,0.0060431448493927
2094-11-08,0.0001726118431391
2094-11-09,0.0001750122533954
2094-11-10,0.000176709252876
2094-11-11,0.0112011286511472
2094-11-12,0.0122182682959926
2094-11-13,0.0093143829483004
2094-11-14,0.0026532917096871
2094-11-15,0.0031030758963385
2094-11-16,0.0002548339027226
2094-11-17,0.0002590117556064
2094-11-18,0.0002610492736612
2094-11-19,0.0002621869910664
2094-11-20,0.0002627413946631
2094-11-21,0.0002628553325268
2094-11-22,0.0002628022769708
2094-11-23,0.0002626387230697
2094-11-24,0.0002622471034997
2094-11-25,0.0004765192158304
2094-11-26,0.0005862195529276
2094-11-27,0.0004614482495773
2094-11-28,0.0006353368252608
2094-11-29,0.0002638485822015
2094-11-30,0.0009316634321027
2094-12-01,0.0005432756792931
2094-12-02,0.0002648602768661
2094-12-03,0.0002652046751448
2094-12-04,0.0002654353918045
2094-12-05,0.0002656098619887
2094-12-06,0.000265721126685
2094-12-07,0.0002658457565282
2094-12-08,0.014193255438991
2094-12-09,0.0539544729108526
2094-12-10,0.0156179370643933
2094-12-11,0.0003914023220196
2094-12-12,0.0004004665889623
2094-12-13,0.0062027768981083
2094-12-14,0.0004218698967462
2094-12-15,0.0004686388651961
2094-12-16,0.0005114666706655
2094-12-17,0.000541646752786
2094-12-18,0.0005586959380167
2094-12-19,0.000564180714684
2094-12-20,0.0005621715325227
2094-12-21,0.0005546842145811
2094-12-22,0.005281001326523
2094-12-23,0.0006065336735636
2094-12-24,0.0006728645343156
2094-12-25,0.0007172428157399
2094-12-26,0.0007453942704066
2094-12-27,0.0007612512222579
2094-12-28,0.0007645414682784
2094-12-29,0.0007519275934402
2094-12-30,0.0007269280113479
2094-12-31,0.0006960365819444
2095-01-01,0.0006634583239347
2095-01-02,0.0006324344474263
2095-01-03,0.0006028591419823
2095-01-04,0.0005756089741525
2095-01-05,0.0005519583331355
2095-01-06,0.0005326675883975
2095-01-07,0.0005167747593953
2095-01-08,0.0005032472227867
2095-01-09,0.0004887195120444
2095-01-10,0.0004724916431998
2095-01-11,0.0004578992593427
2095-01-12,0.000444785281382
2095-01-13,0.0004332934348151
2095-01-14,0.0004234787525571
2095-01-15,0.000415948413105
2095-01-16,0.0004104528836587
2095-01-17,0.0004064713069134
2095-01-18,0.0004042118410912
2095-01-19,0.0004028448862164
2095-01-20,0.0015388619224808
2095-01-21,0.0004016636080773
2095-01-22,0.0030720760539959
2095-01-23,0.0004010343077331
2095-01-24,0.0004006811797086
2095-01-25,0.0004001643747792
2095-01-26,0.0090243308705022
2095-01-27,0.0005423478590603
2095-01-28,0.0021044784282296
2095-01-29,0.000498499354917
2095-01-30,0.0005419107777892
2095-01-31,0.0005785499997663
2095-02-01,0.0006023071515536
2095-02-02,0.0006179148989335
2095-02-03,0.0006267418968112
2095-02-04,0.0006287653224318
2095-02-05,0.0006222165325999
2095-02-06,0.0006129680749376
2095-02-07,0.0006044481459287
2095-02-08,0.0034912200314827
2095-02-09,0.0006122901352299
2095-02-10,0.0006208292239843
2095-02-11,0.0006233514597762
2095-02-12,0.0006219091849702
2095-02-13,0.0006155625357888
2095-02-14,0.0006045496851442
2095-02-15,0.0005925699763193
2095-02-16,0.0005760311696651
2095-02-17,0.0005548613158125
2095-02-18,0.0005338978452933
2095-02-19,0.00051596661954
2095-02-20,0.0004995852640083
2095-02-21,0.0004819706141328
2095-02-22,0.0004642591475319
2095-02-23,0.0004482360609684
2095-02-24,0.0004346514835905
2095-02-25,0.0004225565851325
2095-02-26,0.0004126016072098
2095-02-27,0.0004051474604702
2095-02-28,0.0004003072420519
2095-03-01,0.0003977605187508
2095-03-02,0.000396311341059
2095-03-03,0.0010553827089864
2095-03-04,0.0112916578291135
2095-03-05,0.0024977407739104
2095-03-06,0.0018455819152841
2095-03-07,0.0006066535859672
2095-03-08,0.0006695171571202
2095-03-09,0.0006956404869247
2095-03-10,0.0006998892735803
2095-03-11,0.0006902319058173
2095-03-12,0.0006700592081359
2095-03-13,0.0006454035540302
2095-03-14,0.000927596043219
2095-03-15,0.0127696161048385
2095-03-16,0.0009567033034421
2095-03-17,0.0012090127048743
2095-03-18,0.0012878449600525
2095-03-19,0.0012838273786659
2095-03-20,0.001234632618117
2095-03-21,0.0011669495801348
2095-03-22,0.0010961706640956
2095-03-23,0.0010234022223388
2095-03-24,0.0009558366434761
2095-03-25,0.000900808400492
2095-03-26,0.0008409895674766
2095-03-27,0.0007755359034994
2095-03-28,0.0007139760390817
2095-03-29,0.000663457208759
2095-03-30,0.0006206559437637
2095-03-31,0.0005781262842468
2095-04-01,0.0005329255869592
2095-04-02,0.000487033510321
2095-04-03,0.0004500945705958
2095-04-04,0.0004219486031499
2095-04-05,0.0004039336483802
2095-04-06,0.001585367849399
2095-04-07,0.0003949236059107
2095-04-08,0.0003912827407573
2095-04-09,0.00038885255638
2095-04-10,0.0073855858583226
2095-04-11,0.0003882117817386
2095-04-12,0.0003886816144043
2095-04-13,0.0004996514690497
2095-04-14,0.0024400341386636
2095-04-15,0.0004294018776828
2095-04-16,0.0003892953566462
2095-04-17,0.0003885075606438
2095-04-18,0.0003875842680334
2095-04-19,0.0003864968520333
2095-04-20,0.0003842610077067
2095-04-21,0.000381756591255
2095-04-22,0.0003792127143036
2095-04-23,0.0003763130285168
2095-04-24,0.0003733962280088
2095-04-25,0.0003707245821528
2095-04-26,0.0003683293525865
2095-04-27,0.0003657015385357
2095-04-28,0.000362818793711
2095-04-29,0.0179568423729882
2095-04-30,0.0003726482258628
2095-05-01,0.0003785661277191
2095-05-02,0.00037882405539
2095-05-03,0.0003775649655778
2095-05-04,0.0003755330109454
2095-05-05,0.0003733017572538
2095-05-06,0.0003707318458939
2095-05-07,0.0003678996728924
2095-05-08,0.0003646648488481
2095-05-09,0.0003609193533276
2095-05-10,0.0003569366651835
2095-05-11,0.0003531101101955
2095-05-12,0.0003495358434386
2095-05-13,0.0003457881717769
2095-05-14,0.0003420727983663
2095-05-15,0.0003382413562725
2095-05-16,0.0003343035068541
2095-05-17,0.0003304096590519
2095-05-18,0.000326582599477
2095-05-19,0.0003226697581291
2095-05-20,0.0003187839447316
2095-05-21,0.0003148854215574
2095-05-22,0.0003110934202587
2095-05-23,0.0003069397576376
2095-05-24,0.0003027634953711
2095-05-25,0.000298406813206
2095-05-26,0.0002945265923565
2095-05-27,0.0002910902589591
2095-05-28,0.0002867533530859
2095-05-29,0.0002826353942506
2095-05-30,0.0002783739105638
2095-05-31,0.0002741862292079
2095-06-01,0.0002697765972002
2095-06-02,0.0002654357643377
2095-06-03,0.0002612840428879
2095-06-04,0.000256883299091
2095-06-05,0.0002523018406671
2095-06-06,0.0002482744560682
2095-06-07,0.000244338248966
2095-06-08,0.0002405087151164
2095-06-09,0.0002366146411277
2095-06-10,0.0002328312707166
2095-06-11,0.0002290220541023
2095-06-12,0.0002255364912964
2095-06-13,0.0002219755502179
2095-06-14,0.0002184841287637
2095-06-15,0.0002153507773121
2095-06-16,0.0002124412598799
2095-06-17,0.0002095698294758
2095-06-18,0.0002068280803504
2095-06-19,0.0002039424277635
2095-06-20,0.0002009968756264
2095-06-21,0.0001981814831525
2095-06-22,0.000195640168157
2095-06-23,0.0001933646317088
2095-06-24,0.0001911835783999
2095-06-25,0.0001888533779191
2095-06-26,0.0001867901057887
2095-06-27,0.0001850334817671
2095-06-28,0.0001832593488268
2095-06-29,0.0001816611918926
2095-06-30,0.0001801583922916
2095-07-01,0.0001787233279107
2095-07-02,0.000177331549633
2095-07-03,0.0001758484649471
2095-07-04,0.0001743017875827
2095-07-05,0.0001727618921175
2095-07-06,0.0001712389732081
2095-07-07,0.0001696506325743
2095-07-08,0.0001682236502497
2095-07-09,0.0001670778880308
2095-07-10,0.0001661253785358
2095-07-11,0.0001653394850839
2095-07-12,0.0001646357150625
2095-07-13,0.0001639036474277
2095-07-14,0.0001631855554557
2095-07-15,0.000162618773673
2095-07-16,0.0001620551812809
2095-07-17,0.0001614663334525
2095-07-18,0.000160882027631
2095-07-19,0.0001603331702045
2095-07-20,0.0001598305858844
2095-07-21,0.0001593994606206
2095-07-22,0.0001588583759589
2095-07-23,0.0001583293963314
2095-07-24,0.0001579429463093
2095-07-25,0.000157602770712
2095-07-26,0.0001573360737108
2095-07-27,0.0001570730813054
2095-07-28,0.0001567855653686
2095-07-29,0.0001565874790563
2095-07-30,0.0001565008046154
2095-07-31,0.0001564153548177
2095-08-01,0.0001563299356861
2095-08-02,0.0001562450395327
2095-08-03,0.000156159589735
2095-08-04,0.0001560741706034
2095-08-05,0.0001559887208057
2095-08-06,0.0001559050492956
2095-08-07,0.0001558196301639
2095-08-08,0.0001557342110323
2095-08-09,0.0001556492842128
2095-08-10,0.0001555638650812
2095-08-11,0.0001554789689278
2095-08-12,0.0001553947744394
2095-08-13,0.000155309878286
2095-08-14,0.0002145795458369
2095-08-15,0.000169682293257
2095-08-16,0.0001550553378465
2095-08-17,0.0002094179005395
2095-08-18,0.0001548867701829
2095-08-19,0.0001548013510513
2095-08-20,0.0001547176795411
2095-08-21,0.0001546327833877
2095-08-22,0.000154547364256
2095-08-23,0.0001544637234119
2095-08-24,0.0001543800519017
2095-08-25,0.0001542951557483
2095-08-26,0.0001542109612599
2095-08-27,0.0001541260651065
2095-08-28,0.0001540424242623
2095-08-29,0.0001539587527522
2095-08-30,0.0001538738565988
2095-08-31,0.0001537902157546
2095-09-01,0.0001537065442445
2095-09-02,0.0001536228727343
2095-09-03,0.0001535392318901
2095-09-04,0.0001534543357367
2095-09-05,0.0001533706948926
2095-09-06,0.0001532870233824
2095-09-07,0.0001532039055165
2095-09-08,0.0001531202340063
2095-09-09,0.0001530365931622
2095-09-10,0.000152952921652
2095-09-11,0.0001528692808078
2095-09-12,0.0001527861629419
2095-09-13,0.0001527024914318
2095-09-14,0.0001526188505876
2095-09-15,0.0001525357327217
2095-09-16,0.0001524533165208
2095-09-17,0.0001523696450106
2095-09-18,0.0001522865271447
2095-09-19,0.0001522028863005
2095-09-20,0.0001521197684346
2095-09-21,0.0001520373522337
2095-09-22,0.0009799298154427
2095-09-23,0.0025323620401726
2095-09-24,0.000151788700301
2095-09-25,0.0001517098100091
2095-09-26,0.0001516291414297
2095-09-27,0.0001515490264945
2095-09-28,0.0001514683885811
2095-09-29,0.0001513882736459
2095-09-30,0.0001513076050665
2095-10-01,0.0001512257425099
2095-10-02,0.0001511456275747
2095-10-03,0.0001510649589953
2095-10-04,0.0001509830964386
2095-10-05,0.0001509017568602
2095-10-06,0.0001508210882808
2095-10-07,0.0001507392257242
2095-10-08,0.0001506573325015
2095-10-09,0.0001505772175663
2095-10-10,0.0001504953550097
2095-10-11,0.000150413461787
2095-10-12,0.0001503315992303
2095-10-13,0.0001502514536292
2095-10-14,0.0001501695910725
2095-10-15,0.0001500877285158
2095-10-16,0.0001500063582714
2095-10-17,0.0001499244957147
2095-10-18,0.0001498426331581
2095-10-19,0.0001497619952447
2095-10-20,0.0001496806250002
2095-10-21,0.0001495987624436
2095-10-22,0.0001495174228651
2095-10-23,0.0001494355603085
2095-10-24,0.0001493548917291
2095-10-25,0.0001492735521506
2095-10-26,0.000149191689594
2095-10-27,0.0001491103500155
2095-10-28,0.0001490297121021
2095-10-29,0.0001489483725237
2095-10-30,0.000148866509967
2095-10-31,0.0001487863950319
2095-11-01,0.0001487045324752
2095-11-02,0.00014862441754
2095-11-03,0.0012226450277583
2095-11-04,0.0137266937963668
2095-11-05,0.0001509990861751
2095-11-06,0.0049877308628257
2095-11-07,0.000161341600602
2095-11-08,0.0001662221708502
2095-11-09,0.0001691019631178
2095-11-10,0.0001709821867315
2095-11-11,0.0001722211558743
2095-11-12,0.0001730227672537
2095-11-13,0.0001736398991874
2095-11-14,0.0001741277575037
2095-11-15,0.0001744048774963
2095-11-16,0.0001744824395937
2095-11-17,0.0001744308069894
2095-11-18,0.0001743395237728
2095-11-19,0.0001742356645708
2095-11-20,0.0001741139121045
2095-11-21,0.0001739468658472
2095-11-22,0.0001737128903073
2095-11-23,0.0001734798511421
2095-11-24,0.000173297012114
2095-11-25,0.0001731112691187
2095-11-26,0.000172952029522
2095-11-27,0.0001727402832133
2095-11-28,0.0001724342852036
2095-11-29,0.00017214519749
2095-11-30,0.0090511253448556
2095-12-01,0.003709558859626
2095-12-02,0.000181761213911
2095-12-03,0.0001864343638172
2095-12-04,0.0001934924652037
2095-12-05,0.0024255858067008
2095-12-06,0.0001940787956725
2095-12-07,0.0001962371905508
2095-12-08,0.000197679410253
2095-12-09,0.0001986777049545
2095-12-10,0.000199304099589
2095-12-11,0.0002899378274587
2095-12-12,0.000200532245594
2095-12-13,0.0002007117769002
2095-12-14,0.0002007247817422
2095-12-15,0.0002006483921719
2095-12-16,0.0002005909741446
2095-12-17,0.0002005802303455
2095-12-18,0.0019382405716602
2095-12-19,0.0002010395105527
2095-12-20,0.0002010724924588
2095-12-21,0.0003569150630345
2095-12-22,0.0002016512001214
2095-12-23,0.0002016077569496
2095-12-24,0.0002014243933283
2095-12-25,0.0044451404381327
2095-12-26,0.0181222729152624
2095-12-27,0.0002278434176019
2095-12-28,0.0002373989682807
2095-12-29,0.0002410306655074
2095-12-30,0.0002428136965013
2095-12-31,0.0002437553014692
2096-01-01,0.0002443393864261
2096-01-02,0.0002445725329631
2096-01-03,0.0002445057369181
2096-01-04,0.0002441878102183
2096-01-05,0.000243778767649
2096-01-06,0.0002433216814589
2096-01-07,0.0002428355829081
2096-01-08,0.0002423000153208
2096-01-09,0.0002416864439101
2096-01-10,0.0002410158147772
2096-01-11,0.0002403917977329
2096-01-12,0.0002396780272463
2096-01-13,0.0019890798764476
2096-01-14,0.0002394105480525
2096-01-15,0.0063884314914097
2096-01-16,0.0019039554496166
2096-01-17,0.0004719216306868
2096-01-18,0.001209632521737
2096-01-19,0.0002535849579307
2096-01-20,0.0002554215562518
2096-01-21,0.0002563852873704
2096-01-22,0.0002566972125796
2096-01-23,0.0002567480378437
2096-01-24,0.0002566705994717
2096-01-25,0.0002565136419005
2096-01-26,0.0055952999910919
2096-01-27,0.0296139972171956
2096-01-28,0.000496560273858
2096-01-29,0.0057630163014695
2096-01-30,0.0003252051945938
2096-01-31,0.0003307358253915
2096-02-01,0.0003333826674808
2096-02-02,0.0003347068986897
2096-02-03,0.0003351500115086
2096-02-04,0.0003352927540367
2096-02-05,0.0003352559079607
2096-02-06,0.0003349757668999
2096-02-07,0.000334614214269
2096-02-08,0.0003342539606955
2096-02-09,0.0016161027894399
2096-02-10,0.0027144652436492
2096-02-11,0.0003354961802738
2096-02-12,0.0003362897079074
2096-02-13,0.0003366501475262
2096-02-14,0.0003366723641925
2096-02-15,0.0003364978893822
2096-02-16,0.001691983066277
2096-02-17,0.0063086394326255
2096-02-18,0.0003414832643049
2096-02-19,0.0003451271191061
2096-02-20,0.0003470192916649
2096-02-21,0.0003481028776493
2096-02-22,0.0009642844642757
2096-02-23,0.0003500434809813
2096-02-24,0.0003502343437129
2096-02-25,0.0003498115925192
2096-02-26,0.0003489780711855
2096-02-27,0.0003480606787998
2096-02-28,0.0003470970746396
2096-02-29,0.0003460536131469
2096-03-01,0.0003448375326396
2096-03-02,0.000343413439089
2096-03-03,0.0003420127532007
2096-03-04,0.0003406328837842
2096-03-05,0.0003391737327234
2096-03-06,0.0003375979278203
2096-03-07,0.0003361715555155
2096-03-08,0.0020005262553193
2096-03-09,0.0003349576662277
2096-03-10,0.0003336218294334
2096-03-11,0.00033195973762
2096-03-12,0.0003303142494428
2096-03-13,0.0286435911372282
2096-03-14,0.0646242816246378
2096-03-15,0.0304453736680772
2096-03-16,0.010654542413413
2096-03-17,0.0111567271071702
2096-03-18,0.0103524464233626
2096-03-19,0.0093198382802048
2096-03-20,0.0082360471770284
2096-03-21,0.0072138100875167
2096-03-22,0.0063035314987171
2096-03-23,0.0054993626484138
2096-03-24,0.0048021020322434
2096-03-25,0.0042272187206329
2096-03-26,0.003764796866874
2096-03-27,0.0033153014864497
2096-03-28,0.0028940823472564
2096-03-29,0.0025223125049819
2096-03-30,0.0021923844518062
2096-03-31,0.0082294959579315
2096-04-01,0.0019002538809625
2096-04-02,0.0018058257133634
2096-04-03,0.0016659281502459
2096-04-04,0.0121690497137341
2096-04-05,0.0030942895703804
2096-04-06,0.0029404246594471
2096-04-07,0.0030327346700257
2096-04-08,0.0029360653788859
2096-04-09,0.0027353382964422
2096-04-10,0.0024829386783884
2096-04-11,0.0022329260794789
2096-04-12,0.0019967561468863
2096-04-13,0.0017561322496599
2096-04-14,0.0015338220246352
2096-04-15,0.0013519958124485
2096-04-16,0.0012221802181367
2096-04-17,0.0011151156347924
2096-04-18,0.0009960627170456
2096-04-19,0.0008812102116927
2096-04-20,0.0007642359536535
2096-04-21,0.0006559177407739
2096-04-22,0.0005706474395077
2096-04-23,0.000511268606219
2096-04-24,0.0004684048613806
2096-04-25,0.0023359524237468
2096-04-26,0.0044665647321421
2096-04-27,0.0004342871534547
2096-04-28,0.0004230969930861
2096-04-29,0.0004134956003309
2096-04-30,0.0126463582439273
2096-05-01,0.0005321617127758
2096-05-02,0.0006816893440506
2096-05-03,0.0007056883805942
2096-05-04,0.0006714140310078
2096-05-05,0.0006178750303797
2096-05-06,0.0005700058071765
2096-05-07,0.0005355328454552
2096-05-08,0.0004984755228651
2096-05-09,0.0004584430054687
2096-05-10,0.0004256935102922
2096-05-11,0.0004071203643549
2096-05-12,0.0004014994993545
2096-05-13,0.0003979632055422
2096-05-14,0.0003942877191098
2096-05-15,0.0003904418822247
2096-05-16,0.0003864547223675
2096-05-17,0.0003825372378871
2096-05-18,0.000378542812316
2096-05-19,0.0003745382162977
2096-05-20,0.0003704350907168
2096-05-21,0.0003660811882018
2096-05-22,0.0003619845257481
2096-05-23,0.0003581258408316
2096-05-24,0.0003539928528195
2096-05-25,0.0003498136878193
2096-05-26,0.0003455509837837
2096-05-27,0.000341256777624
2096-05-28,0.0003367911349597
2096-05-29,0.0003324655518038
2096-05-30,0.0003279386782925
2096-05-31,0.0003236582078184
2096-06-01,0.0003191571016805
2096-06-02,0.0003146240607405
2096-06-03,0.0003100739217728
2096-06-04,0.0003056700051576
2096-06-05,0.0003012688780416
2096-06-06,0.0002968027168625
2096-06-07,0.000292530345272
2096-06-08,0.0002883601150345
2096-06-09,0.0002841678122086
2096-06-10,0.0002801464498362
2096-06-11,0.0002759246210976
2096-06-12,0.0002711535465083
2096-06-13,0.0002663101267757
2096-06-14,0.0002614970434782
2096-06-15,0.0002568353686089
2096-06-16,0.0002524821771321
2096-06-17,0.0002483390129676
2096-06-18,0.0002441786511307
2096-06-19,0.0002403147737584
2096-06-20,0.0002367747427262
2096-06-21,0.0002332133436574
2096-06-22,0.0002296634946654
2096-06-23,0.0002259554209857
2096-06-24,0.0002222031579167
2096-06-25,0.0002185950976605
2096-06-26,0.0002153227366976
2096-06-27,0.0002123618046836
2096-06-28,0.0002094311289138
2096-06-29,0.0002064357699119
2096-06-30,0.0002034785196008
2096-07-01,0.0002006762775735
2096-07-02,0.0001980377340691
2096-07-03,0.0001956775067
2096-07-04,0.0001934605355353
2096-07-05,0.0001913502035596
2096-07-06,0.000189294481676
2096-07-07,0.0001873551911997
2096-07-08,0.0001854708052008
2096-07-09,0.0001836056193379
2096-07-10,0.0001819750750034
2096-07-11,0.0001803335726752
2096-07-12,0.0001786975838963
2096-07-13,0.0001771437712996
2096-07-14,0.0001755082682903
2096-07-15,0.000173787098739
2096-07-16,0.000172086575553
2096-07-17,0.0001706544977558
2096-07-18,0.00016935078706
2096-07-19,0.0001681216282666
2096-07-20,0.0001669736033103
2096-07-21,0.0001659793893509
2096-07-22,0.0001650669786954
2096-07-23,0.0001642606487399
2096-07-24,0.0001635481910262
2096-07-25,0.0001628011100954
2096-07-26,0.0001620680137894
2096-07-27,0.0001614403814264
2096-07-28,0.0001609110119785
2096-07-29,0.0001603206929454
2096-07-30,0.0001596828954028
2096-07-31,0.0001592484952931
2096-08-01,0.0001588769579949
2096-08-02,0.0001585448112425
2096-08-03,0.0001582154633771
2096-08-04,0.0001578629172436
2096-08-05,0.0001575255833478
2096-08-06,0.0001572215850789
2096-08-07,0.0001570255473989
2096-08-08,0.0001569401282672
2096-08-09,0.0001568546784696
2096-08-10,0.0001567692286719
2096-08-11,0.0001566838095403
2096-08-12,0.0001565983597426
2096-08-13,0.0001565117159677
2096-08-14,0.0001564262661701
2096-08-15,0.0001563408163724
2096-08-16,0.0001562553972408
2096-08-17,0.0001561699781091
2096-08-18,0.000156086275933
2096-08-19,0.0001560008568013
2096-08-20,0.0001559154070037
2096-08-21,0.000155829987872
2096-08-22,0.0001557450917186
2096-08-23,0.0001556596419209
2096-08-24,0.0001555742227893
2096-08-25,0.0001554905512791
2096-08-26,0.0001554051321475
2096-08-27,0.0001553197130158
2096-08-28,0.0001552360108397
2096-08-29,0.000155150591708
2096-08-30,0.0001550656955546
2096-08-31,0.0001549815010662
2096-09-01,0.0001548966049128
2096-09-02,0.0001548124104244
2096-09-03,0.000154727514271
2096-09-04,0.0001546438427608
2096-09-05,0.0001545584236292
2096-09-06,0.000154474752119
2096-09-07,0.0001543898559656
2096-09-08,0.0001543056614772
2096-09-09,0.000154222020633
2096-09-10,0.0001541371244796
2096-09-11,0.0001540534529695
2096-09-12,0.0001539697814593
2096-09-13,0.0001538843623277
2096-09-14,0.0001538007214835
2096-09-15,0.0001537170499733
2096-09-16,0.0001536333784632
2096-09-17,0.000153549737619
2096-09-18,0.0001534660661089
2096-09-19,0.0001533812006214
2096-09-20,0.0001532975291113
2096-09-21,0.0001532138882671
2096-09-22,0.000153130216757
2096-09-23,0.0001530465759128
2096-09-24,0.0001529634273809
2096-09-25,0.0001528797865367
2096-09-26,0.0001527961150266
2096-09-27,0.0001527136988257
2096-09-28,0.0001526300579815
2096-09-29,0.0001525469094496
2096-09-30,0.0001524632686054
2096-10-01,0.0001523796277613
2096-10-02,0.0001522965098954
2096-10-03,0.0001522140936945
2096-10-04,0.0001521304221843
2096-10-05,0.0001520473043184
2096-10-06,0.0001519648881175
2096-10-07,0.0001518817702516
2096-10-08,0.0001517981294074
2096-10-09,0.0001517162361847
2096-10-10,0.0001516325953406
2096-10-11,0.0001515507021179
2096-10-12,0.0001514670612738
2096-10-13,0.0001513851680511
2096-10-14,0.0007621270509409
2096-10-15,0.0002473611782155
2096-10-16,0.0007246681951175
2096-10-17,0.0001510546535617
2096-10-18,0.000150972760339
2096-10-19,0.0001508891194949
2096-10-20,0.0001508072262722
2096-10-21,0.0001507253637155
2096-10-22,0.0001506434704929
2096-10-23,0.0001505603526269
2096-10-24,0.0001504784900703
2096-10-25,0.0001503965968476
2096-10-26,0.0001503147036249
2096-10-27,0.0001502328410683
2096-10-28,0.0001501509478456
2096-10-29,0.0001500690852889
2096-10-30,0.0001499871920663
2096-10-31,0.0005064463451313
2096-11-01,0.0013619361507135
2096-11-02,0.0001497415737303
2096-11-03,0.0001496614587951
2096-11-04,0.0001495801192167
2096-11-05,0.0001494994813033
2096-11-06,0.0001494181417249
2096-11-07,0.0001493380267897
2096-11-08,0.0001492566872113
2096-11-09,0.0001491760492979
2096-11-10,0.0001490959343627
2096-11-11,0.0001490145947842
2096-11-12,0.0001489344798491
2096-11-13,0.0001488538419357
2096-11-14,0.0001487725023572
2096-11-15,0.0001486923874221
2096-11-16,0.0001486122724869
2096-11-17,0.0001485304099302
2096-11-18,0.0001484502949951
2096-11-19,0.0001483701800599
2096-11-20,0.0002066726911258
2096-11-21,0.0022503621943374
2096-11-22,0.0001481298659204
2096-11-23,0.0017304498551444
2096-11-24,0.0012470156737893
2096-11-25,0.0012493339493783
2096-11-26,0.0005420936651376
2096-11-27,0.000148071649599
2096-11-28,0.0001481891982331
2096-11-29,0.0001483088518624
2096-11-30,0.0001484250102487
2096-12-01,0.0001485341474829
2096-12-02,0.0001486362942312
2096-12-03,0.0002492546010756
2096-12-04,0.0003332183894385
2096-12-05,0.0004486270354577
2096-12-06,0.0001490205977116
2096-12-07,0.0001491321020453
2096-12-08,0.0001492427260271
2096-12-09,0.0001493480764784
2096-12-10,0.0001494434641789
2096-12-11,0.0001495313077492
2096-12-12,0.0001496091885687
2096-12-13,0.0001496789716138
2096-12-14,0.0001497394629071
2096-12-15,0.0001497924100702
2096-12-16,0.0001498383667473
2096-12-17,0.0001498802745371
2096-12-18,0.000149915161175
2096-12-19,0.0001499430266608
2096-12-20,0.0019046223002957
2096-12-21,0.0001500270086526
2096-12-22,0.0001501336205298
2096-12-23,0.0001502502871558
2096-12-24,0.0001503634892047
2096-12-25,0.0001504673688359
2096-12-26,0.0001505624796936
2096-12-27,0.0001506470128243
2096-12-28,0.0001507192819385
2096-12-29,0.000150782228635
2096-12-30,0.0001508346589365
2096-12-31,0.0001508787821107
2097-01-01,0.0001509176624204
2097-01-02,0.0001509494909121
2097-01-03,0.000150974851896
2097-01-04,0.0001509943857053
2097-01-05,0.0001510091689622
2097-01-06,0.0001535197354051
2097-01-07,0.0001510258871494
2097-01-08,0.0001510290773889
2097-01-09,0.0001510275170761
2097-01-10,0.0001510224308544
2097-01-11,0.0001510138187236
2097-01-12,0.0001510017113498
2097-01-13,0.0001509860780671
2097-01-14,0.0001509676205403
2097-01-15,0.0001509467137271
2097-01-16,0.0001509229826699
2097-01-17,0.0001508950240386
2097-01-18,0.0001508660194509
2097-01-19,0.0001508322643109
2097-01-20,0.0001507949832619
2097-01-21,0.0001507546992822
2097-01-22,0.0001507115910585
2097-01-23,0.0001506637629485
2097-01-24,0.0001506153811943
2097-01-25,0.0001505640271753
2097-01-26,0.0001505121195121
2097-01-27,0.0001504590178716
2097-01-28,0.0001504035842994
2097-01-29,0.0001503469567499
2097-01-30,0.0001502880279347
2097-01-31,0.0001502273208321
2097-02-01,0.0001501648661079
2097-02-02,0.0001501006637622
2097-02-03,0.0001500359384382
2097-02-04,0.0001499687331618
2097-02-05,0.0001499010049071
2097-02-06,0.0001498315290309
2097-02-07,0.0006721373861585
2097-02-08,0.0004129298544445
2097-02-09,0.0001496207694706
2097-02-10,0.0044440878362054
2097-02-11,0.0012277164067699
2097-02-12,0.0037205847685804
2097-02-13,0.0018477055770549
2097-02-14,0.0001542385581151
2097-02-15,0.0001567770888005
2097-02-16,0.0001586709560284
2097-02-17,0.0001601017524828
2097-02-18,0.0001611521032943
2097-02-19,0.0001619182204098
2097-02-20,0.0001626471105027
2097-02-21,0.0001632250146086
2097-02-22,0.0001637002625792
2097-02-23,0.0054023899363801
2097-02-24,0.000166184723725
2097-02-25,0.000168625405222
2097-02-26,0.0024240365087696
2097-02-27,0.0013854344561297
2097-02-28,0.0001759360472083
2097-03-01,0.0001782021129246
2097-03-02,0.0001796804987886
2097-03-03,0.0009323787036075
2097-03-04,0.0001820069351721
2097-03-05,0.0001828145588313
2097-03-06,0.0001833117647978
2097-03-07,0.0001835291818509
2097-03-08,0.000183460997513
2097-03-09,0.0001831232687001
2097-03-10,0.0001827101882051
2097-03-11,0.0040321660900528
2097-03-12,0.0001838804612578
2097-03-13,0.0001849447190628
2097-03-14,0.000185505179241
2097-03-15,0.0001856930246018
2097-03-16,0.0001861928745022
2097-03-17,0.0001860499821841
2097-03-18,0.0038778310540647
2097-03-19,0.0048473888797429
2097-03-20,0.0027048342928526
2097-03-21,0.0006555782901433
2097-03-22,0.0002040598000203
2097-03-23,0.0002058333985184
2097-03-24,0.000691596563151
2097-03-25,0.002236260172311
2097-03-26,0.0017121997084063
2097-03-27,0.0002660954826487
2097-03-28,0.0002144749405177
2097-03-29,0.0002148624722494
2097-03-30,0.0038019230835859
2097-03-31,0.0002171336532486
2097-04-01,0.000218370226561
2097-04-02,0.000218250918102
2097-04-03,0.0002174548698701
2097-04-04,0.0067593141855133
2097-04-05,0.0049789898043344
2097-04-06,0.0002301804724198
2097-04-07,0.0002343386047608
2097-04-08,0.0002352736858582
2097-04-09,0.0028745501218666
2097-04-10,0.0002369929700806
2097-04-11,0.0002370067845576
2097-04-12,0.0013476220362289
2097-04-13,0.0042380692997541
2097-04-14,0.0002412506780594
2097-04-15,0.0032949748650084
2097-04-16,0.0005851702408371
2097-04-17,0.0002507157827419
2097-04-18,0.0002519263689785
2097-04-19,0.0002515539508578
2097-04-20,0.0002506591279126
2097-04-21,0.0002495128471406
2097-04-22,0.0002482826548396
2097-04-23,0.0013536044927978
2097-04-24,0.0002474566813687
2097-04-25,0.0002456704129437
2097-04-26,0.0002433518620588
2097-04-27,0.000240897146034
2097-04-28,0.00023847243396
2097-04-29,0.0002360143101884
2097-04-30,0.0002334695103196
2097-05-01,0.0002306173533681
2097-05-02,0.0002274823673669
2097-05-03,0.0002241618923617
2097-05-04,0.0002208657229546
2097-05-05,0.00021755306973
2097-05-06,0.0002142694305225
2097-05-07,0.000211141699534
2097-05-08,0.0002080368651167
2097-05-09,0.0002051228697272
2097-05-10,0.0002024479291339
2097-05-11,0.0001998619621647
2097-05-12,0.0001970810623433
2097-05-13,0.0001947223424462
2097-05-14,0.0077641110659175
2097-05-15,0.0001923928057439
2097-05-16,0.0001911655582334
2097-05-17,0.0001894799549907
2097-05-18,0.0001875334084423
2097-05-19,0.0001857034920773
2097-05-20,0.0001838589147761
2097-05-21,0.000181669557353
2097-05-22,0.0001798809071666
2097-05-23,0.0001781630855174
2097-05-24,0.0001768717989582
2097-05-25,0.0001755483638252
2097-05-26,0.0001741978790825
2097-05-27,0.0001729693122831
2097-05-28,0.000171852896947
2097-05-29,0.0001707443597957
2097-05-30,0.0001694497759173
2097-05-31,0.0001748739701541
2097-06-01,0.0002132555905424
2097-06-02,0.0001663791864767
2097-06-03,0.0001651482070842
2097-06-04,0.000185194370995
2097-06-05,0.0001634734597118
2097-06-06,0.0001618749957703
2097-06-07,0.000160667074312
2097-06-08,0.000159918894415
2097-06-09,0.0001593466329311
2097-06-10,0.0001588948289317
2097-06-11,0.000158531817069
2097-06-12,0.0001582316590145
2097-06-13,0.0001579471799872
2097-06-14,0.0001576534234793
2097-06-15,0.000157403723463
2097-06-16,0.0001572172125844
2097-06-17,0.0001571163960685
2097-06-18,0.0001570332475366
2097-06-19,0.0001569495760264
2097-06-20,0.000156865381538
2097-06-21,0.0001567817100279
2097-06-22,0.0001566968138744
2097-06-23,0.0001566126193861
2097-06-24,0.0001565277232326
2097-06-25,0.0001564434980783
2097-06-26,0.0001563586019248
2097-06-27,0.0001562731827932
2097-06-28,0.000156189511283
2097-06-29,0.0001561040921514
2097-06-30,0.0001560186423537
2097-07-01,0.0001559337462003
2097-07-02,0.0001558495517119
2097-07-03,0.0001557646555585
2097-07-04,0.0001556792364268
2097-07-05,0.0001555955649167
2097-07-06,0.000155510145785
2097-07-07,0.0001554247266534
2097-07-08,0.0001553410551432
2097-07-09,0.0001552561283238
2097-07-10,0.0001551707091922
2097-07-11,0.000155087037682
2097-07-12,0.0001550016492163
2097-07-13,0.0001549179777062
2097-07-14,0.0001548325585745
2097-07-15,0.0001547476624211
2097-07-16,0.000154663990911
2097-07-17,0.0001545797964226
2097-07-18,0.0001544949002691
2097-07-19,0.000154411259425
2097-07-20,0.0001543263632716
2097-07-21,0.0001542421687832
2097-07-22,0.000154158497273
2097-07-23,0.0001540736317856
2097-07-24,0.0001539899602754
2097-07-25,0.0001539062887653
2097-07-26,0.0001538214232779
2097-07-27,0.0001537377517677
2097-07-28,0.0001536541109235
2097-07-29,0.0001535704394134
2097-07-30,0.0001534867985692
2097-07-31,0.0001534031270591
2097-08-01,0.0001533194862149
2097-08-02,0.0001532345900615
2097-08-03,0.0001531509492173
2097-08-04,0.0001530673083732
2097-08-05,0.000152983636863
2097-08-06,0.0001528999960188
2097-08-07,0.0001528168781529
2097-08-08,0.000623808654926
2097-08-09,0.0001526507904419
2097-08-10,0.0001525671495977
2097-08-11,0.0001524840317318
2097-08-12,0.0001524003908876
2097-08-13,0.0001523172730217
2097-08-14,0.0001522348568208
2097-08-15,0.0001521511853106
2097-08-16,0.0001520680674447
2097-08-17,0.0001519844266006
2097-08-18,0.0001519025333779
2097-08-19,0.0001518188925337
2097-08-20,0.0001517370299771
2097-08-21,0.0001516533891329
2097-08-22,0.000151570271267
2097-08-23,0.0001514883780443
2097-08-24,0.0001514047372002
2097-08-25,0.0001513228439775
2097-08-26,0.0001512397261116
2097-08-27,0.0001511573405767
2097-08-28,0.000151075447354
2097-08-29,0.0001509923294881
2097-08-30,0.0001509104669314
2097-08-31,0.0001508280507305
2097-09-01,0.0001507449328646
2097-09-02,0.0001506630703079
2097-09-03,0.0001505811770853
2097-09-04,0.0001504980898853
2097-09-05,0.0004360328367983
2097-09-06,0.0016887795573001
2097-09-07,0.0001502524408833
2097-09-08,0.0001501705783267
2097-09-09,0.00015008871577
2097-09-10,0.0001500073761916
2097-09-11,0.0001499255136349
2097-09-12,0.0001498436204122
2097-09-13,0.0001497622808338
2097-09-14,0.0001496804182771
2097-09-15,0.0001495997803637
2097-09-16,0.000149517917807
2097-09-17,0.0004971207734705
2097-09-18,0.0018813661057278
2097-09-19,0.0001492746007368
2097-09-20,0.0001491957411109
2097-09-21,0.0001491161798199
2097-09-22,0.000149037320194
2097-09-23,0.0001489589835463
2097-09-24,0.0001488788992772
2097-09-25,0.0001488000396513
2097-09-26,0.0001487199553821
2097-09-27,0.0001486398404469
2097-09-28,0.000148560279156
2097-09-29,0.0001484814195301
2097-09-30,0.0001484013045949
2097-10-01,0.0001483212203257
2097-10-02,0.0001482411360566
2097-10-03,0.0001481610211214
2097-10-04,0.0001480809368522
2097-10-05,0.0001915609008662
2097-10-06,0.0001479207376479
2097-10-07,0.0001478406227127
2097-10-08,0.0001477605384435
2097-10-09,0.0001476804541743
2097-10-10,0.0001476003392392
2097-10-11,0.00014752025497
2097-10-12,0.0001474401400348
2097-10-13,0.0001473588311224
2097-10-14,0.0001472787468532
2097-10-15,0.0001471986319181
2097-10-16,0.0001471185476489
2097-10-17,0.0001470389863579
2097-10-18,0.0001807066569276
2097-10-19,0.0001468787871536
2097-10-20,0.0001467999275277
2097-10-21,0.0001467198125925
2097-10-22,0.0001466397283233
2097-10-23,0.0001465601670324
2097-10-24,0.0001464800827632
2097-10-25,0.000146399998494
2097-10-26,0.0026755017299559
2097-10-27,0.0015923048791865
2097-10-28,0.0001461731169915
2097-10-29,0.000146109437624
2097-10-30,0.000146047536544
2097-10-31,0.0001459856047981
2097-11-01,0.0001459224484089
2097-11-02,0.0001458582460632
2097-11-03,0.0001457933420524
2097-11-04,0.0001457273614192
2097-11-05,0.0002136355147238
2097-11-06,0.0036240693043486
2097-11-07,0.0001455955874616
2097-11-08,0.0001456639863753
2097-11-09,0.0001457422613511
2097-11-10,0.0001458189673921
2097-11-11,0.0001458879506161
2097-11-12,0.0001459481650666
2097-11-13,0.0001460007740548
2097-11-14,0.0001460433896263
2097-11-15,0.0001460759811151
2097-11-16,0.0001461015207858
2097-11-17,0.0001461194856603
2097-11-18,0.0001461286510953
2097-11-19,0.0001461313183566
2097-11-20,0.0001461251861783
2097-11-21,0.0001461120021821
2097-11-22,0.0001460947692987
2097-11-23,0.0013348278955624
2097-11-24,0.000146053073027
2097-11-25,0.0001460451625612
2097-11-26,0.0001460395226952
2097-11-27,0.0001460351381385
2097-11-28,0.0001460272276728
2097-11-29,0.0001460175389195
2097-11-30,0.0001460048779015
2097-12-01,0.0001459881679963
2097-12-02,0.0001459661845606
2097-12-03,0.0001459411981941
2097-12-04,0.0001459139105619
2097-12-05,0.0066560610728199
2097-12-06,0.0001466079411079
2097-12-07,0.0001478875289164
2097-12-08,0.0010520520996839
2097-12-09,0.0133104723353645
2097-12-10,0.0001654218100924
2097-12-11,0.0025441247967023
2097-12-12,0.0049613868959535
2097-12-13,0.016495076068392
2097-12-14,0.0052115687953256
2097-12-15,0.01901648174081
2097-12-16,0.0183664366489837
2097-12-17,0.0087730328625174
2097-12-18,0.0003245682132817
2097-12-19,0.0010552438129681
2097-12-20,0.000385623450979
2097-12-21,0.0004401167549977
2097-12-22,0.0023084359927299
2097-12-23,0.0003437961118217
2097-12-24,0.0003451250964727
2097-12-25,0.0003457525927051
2097-12-26,0.0003458751922658
2097-12-27,0.000345785325929
2097-12-28,0.0003455100008313
2097-12-29,0.0003452170969023
2097-12-30,0.0003449935408764
2097-12-31,0.0003445974647993
2098-01-01,0.0003441934827168
2098-01-02,0.0003439121288645
2098-01-03,0.0003436233527386
2098-01-04,0.0003432317111245
2098-01-05,0.0150566864830607
2098-01-06,0.0146887589209527
2098-01-07,0.0041030497950629
2098-01-08,0.0134495897985491
2098-01-09,0.0063604967541542
2098-01-10,0.001713056475846
2098-01-11,0.0030412048814867
2098-01-12,0.0023720054312799
2098-01-13,0.0024423878532402
2098-01-14,0.0059473092380418
2098-01-15,0.0025911948273448
2098-01-16,0.0313879385255208
2098-01-17,0.0113427279669716
2098-01-18,0.0102317741651442
2098-01-19,0.0100959085967797
2098-01-20,0.0113433912563884
2098-01-21,0.0135166059287641
2098-01-22,0.0092938636240757
2098-01-23,0.0146623671780468
2098-01-24,0.029203038260132
2098-01-25,0.0400168198881988
2098-01-26,0.0254187722430653
2098-01-27,0.0240977980946117
2098-01-28,0.0228342514080724
2098-01-29,0.0187642748674978
2098-01-30,0.0165001026588237
2098-01-31,0.0152761677855515
2098-02-01,0.0204439935688949
2098-02-02,0.0253135667670352
2098-02-03,0.0168133509409837
2098-02-04,0.0199048688828886
2098-02-05,0.0186183850851057
2098-02-06,0.0155068827231889
2098-02-07,0.0143214144998876
2098-02-08,0.0128539432035827
2098-02-09,0.0114206648193581
2098-02-10,0.0127956326838677
2098-02-11,0.0094199552865359
2098-02-12,0.0086992793397042
2098-02-13,0.0079574271006772
2098-02-14,0.0072075941238441
2098-02-15,0.0064969725241955
2098-02-16,0.00584453476428
2098-02-17,0.0052657507012516
2098-02-18,0.0067847253591864
2098-02-19,0.0044981422624336
2098-02-20,0.0547848391853873
2098-02-21,0.0627916335919268
2098-02-22,0.0296741600342244
2098-02-23,0.1028015701431008
2098-02-24,0.0938793741066135
2098-02-25,0.0306835056168906
2098-02-26,0.0299513405906898
2098-02-27,0.0299506289860911
2098-02-28,0.0478343328115458
2098-03-01,0.1211931910579446
2098-03-02,0.0301096881898221
2098-03-03,0.0299513405906898
2098-03-04,0.0299155846132152
2098-03-05,0.0281694656473218
2098-03-06,0.0242643319173741
2098-03-07,0.0217848179786098
2098-03-08,0.01800136272136
2098-03-09,0.0156015694477341
2098-03-10,0.0135141900543747
2098-03-11,0.014589682650649
2098-03-12,0.0158282775018078
2098-03-13,0.0107217394409975
2098-03-14,0.0114163515332402
2098-03-15,0.0101527373122384
2098-03-16,0.0094062395298469
2098-03-17,0.0086253155233305
2098-03-18,0.0077359829004123
2098-03-19,0.0068727790652559
2098-03-20,0.0060789208916832
2098-03-21,0.005373428830738
2098-03-22,0.0047386528223366
2098-03-23,0.0041873565768772
2098-03-24,0.0040034050164082
2098-03-25,0.0035595896992544
2098-03-26,0.003151261744105
2098-03-27,0.002768513078392
2098-03-28,0.0024107364265936
2098-03-29,0.0020955130561234
2098-03-30,0.001821522801475
2098-03-31,0.0028618300213934
2098-04-01,0.0015003170858625
2098-04-02,0.0013328171096062
2098-04-03,0.0011632886110348
2098-04-04,0.0010115684923004
2098-04-05,0.0008703375195374
2098-04-06,0.0007776511859558
2098-04-07,0.0031588041501338
2098-04-08,0.0007025729853423
2098-04-09,0.0006480941114662
2098-04-10,0.0005787344990808
2098-04-11,0.000517540433493
2098-04-12,0.0004724765058651
2098-04-13,0.0004402496365549
2098-04-14,0.0004203061402612
2098-04-15,0.0004107539458651
2098-04-16,0.0004072098855498
2098-04-17,0.0004043299124695
2098-04-18,0.0004012835966242
2098-04-19,0.0003982714930636
2098-04-20,0.0003953413171272
2098-04-21,0.0003923756649782
2098-04-22,0.0003915321083415
2098-04-23,0.0003879272825291
2098-04-24,0.0003853970833289
2098-04-25,0.0013989547835644
2098-04-26,0.0003827866689998
2098-04-27,0.0003803980275674
2098-04-28,0.0003775018005841
2098-04-29,0.0003745014327557
2098-04-30,0.0003716983943146
2098-05-01,0.0003687720799631
2098-05-02,0.0003651753328353
2098-05-03,0.0003614166053673
2098-05-04,0.0003578083454511
2098-05-05,0.0003537887817156
2098-05-06,0.0003496150397987
2098-05-07,0.0003454668142336
2098-05-08,0.0003413789433252
2098-05-09,0.0003373938831126
2098-05-10,0.0003332921424704
2098-05-11,0.0003290082289575
2098-05-12,0.000324511149497
2098-05-13,0.0003198935185992
2098-05-14,0.0003151738159176
2098-05-15,0.0003107639576596
2098-05-16,0.0003063929583472
2098-05-17,0.0003019053775688
2098-05-18,0.0002975148049054
2098-05-19,0.0002931801904488
2098-05-20,0.0002888639223222
2098-05-21,0.0002843296481584
2098-05-22,0.0002795893649451
2098-05-23,0.0002749267048244
2098-05-24,0.0002702571981597
2098-05-25,0.0002655320927409
2098-05-26,0.0002605580504751
2098-05-27,0.0002557313608262
2098-05-28,0.000251017605425
2098-05-29,0.0002463779292326
2098-05-30,0.0002422066771141
2098-05-31,0.0002383447297125
2098-06-01,0.000234646624779
2098-06-02,0.000231035873866
2098-06-03,0.0002276128085654
2098-06-04,0.0003034096861891
2098-06-05,0.0002238130587497
2098-06-06,0.0002212485771816
2098-06-07,0.0002179889283381
2098-06-08,0.0002145030342463
2098-06-09,0.0002110651490306
2098-06-10,0.000207839030934
2098-06-11,0.000204691344796
2098-06-12,0.0002014521318145
2098-06-13,0.0001981307838937
2098-06-14,0.0001949054741573
2098-06-15,0.0001921798980341
2098-06-16,0.0001896379353619
2098-06-17,0.0001871420596793
2098-06-18,0.000184839207317
2098-06-19,0.000182461376955
2098-06-20,0.0001800556819976
2098-06-21,0.0001780796179077
2098-06-22,0.0001763768756464
2098-06-23,0.0001747767568166
2098-06-24,0.0001732166595638
2098-06-25,0.0001720818019133
2098-06-26,0.0001709675162141
2098-06-27,0.0001698485229033
2098-06-28,0.0001686657672305
2098-06-29,0.0001673591779242
2098-06-30,0.0001658885683533
2098-07-01,0.0001647031254991
2098-07-02,0.0001638812357877
2098-07-03,0.0001631238121413
2098-07-04,0.0001623177352484
2098-07-05,0.0001614382203223
2098-07-06,0.0001606442553878
2098-07-07,0.0001600930701913
2098-07-08,0.0001597110492019
2098-07-09,0.0001593800808807
2098-07-10,0.000159062994568
2098-07-11,0.0001587373688823
2098-07-12,0.0001583822094725
2098-07-13,0.000158023635392
2098-07-14,0.0001577215675102
2098-07-15,0.0001574421847706
2098-07-16,0.0001571505902571
2098-07-17,0.0001569684243073
2098-07-18,0.0001568829745096
2098-07-19,0.000156797524712
2098-07-20,0.0001567121055803
2098-07-21,0.0001566266557827
2098-07-22,0.000156541236651
2098-07-23,0.0001564557868534
2098-07-24,0.0001563703677217
2098-07-25,0.0001562849179241
2098-07-26,0.0001561994987924
2098-07-27,0.0001561140489948
2098-07-28,0.0001560286298631
2098-07-29,0.0001559431800655
2098-07-30,0.0001558582839121
2098-07-31,0.0001557728647804
2098-08-01,0.0001556874456487
2098-08-02,0.0001556032204944
2098-08-03,0.0001661041407453
2098-08-04,0.0001554329052093
2098-08-05,0.0001553480090559
2098-08-06,0.0001552638145675
2098-08-07,0.0001551783647698
2098-08-08,0.0001550946932597
2098-08-09,0.000155009274128
2098-08-10,0.0001549243779746
2098-08-11,0.0001548401834862
2098-08-12,0.0001547552873328
2098-08-13,0.0001546716158226
2098-08-14,0.000154586196691
2098-08-15,0.0001545025251808
2098-08-16,0.0001544183306924
2098-08-17,0.000154333465205
2098-08-18,0.0001542497936949
2098-08-19,0.0001541648975414
2098-08-20,0.0001540807030531
2098-08-21,0.0001539970315429
2098-08-22,0.0001539133906987
2098-08-23,0.0001538284945453
2098-08-24,0.0001537448230352
2098-08-25,0.0002472957088528
2098-08-26,0.0001535775106809
2098-08-27,0.0001534938698367
2098-08-28,0.0001534096753483
2098-08-29,0.0001533260038381
2098-08-30,0.0001532428859722
2098-08-31,0.0001531592144621
2098-09-01,0.0001530755736179
2098-09-02,0.0001529919327737
2098-09-03,0.0001529082612636
2098-09-04,0.0001528246204194
2098-09-05,0.0001527409489093
2098-09-06,0.0001526573080651
2098-09-07,0.0001525741901992
2098-09-08,0.000152490549355
2098-09-09,0.0001524068778449
2098-09-10,0.0001523249846222
2098-09-11,0.000152241343778
2098-09-12,0.0001521577029339
2098-09-13,0.0001520758097112
2098-09-14,0.0001519921382011
2098-09-15,0.0001519084973569
2098-09-16,0.0001518266041342
2098-09-17,0.0001517429632901
2098-09-18,0.0001516598454242
2098-09-19,0.0001515774292233
2098-09-20,0.0001514943113573
2098-09-21,0.0001514124181347
2098-09-22,0.0001513287772905
2098-09-23,0.0001512469147338
2098-09-24,0.0001511650215112
2098-09-25,0.000151081380667
2098-09-26,0.0001509994874444
2098-09-27,0.0001509175942217
2098-09-28,0.0001508339840435
2098-09-29,0.0001507520908209
2098-09-30,0.0001506701975982
2098-10-01,0.0001505871103983
2098-10-02,0.0001505052171756
2098-10-03,0.000150423323953
2098-10-04,0.0001503414613963
2098-10-05,0.0001502595681736
2098-10-06,0.000150177705617
2098-10-07,0.0001500958123943
2098-10-08,0.0001500139498376
2098-10-09,0.000149932056615
2098-10-10,0.0001498501940583
2098-10-11,0.0001497683008356
2098-10-12,0.0058630533928923
2098-10-13,0.0088956265444019
2098-10-14,0.0001518365514039
2098-10-15,0.0001548771319269
2098-10-16,0.0001570460675881
2098-10-17,0.0001585529670005
2098-10-18,0.0001596457036431
2098-10-19,0.0001604358876957
2098-10-20,0.0001609778393701
2098-10-21,0.0001613336567828
2098-10-22,0.0001615569821364
2098-10-23,0.000161677608414
2098-10-24,0.0001617353412141
2098-10-25,0.00016174563148
2098-10-26,0.0001617088341213
2098-10-27,0.0005073353314717
2098-10-28,0.0001618736133456
2098-10-29,0.0001617943132654
2098-10-30,0.0001616479919046
2098-10-31,0.0001615047397344
2098-11-01,0.0001613724995427
2098-11-02,0.0001936669848441
2098-11-03,0.0001612791338841
2098-11-04,0.0001611713272636
2098-11-05,0.0001610458727068
2098-11-06,0.000160907651203
2098-11-07,0.0001662179882499
2098-11-08,0.0001607550975116
2098-11-09,0.0001606601110158
2098-11-10,0.0001605289491029
2098-11-11,0.000160376565095
2098-11-12,0.0001602130918491
2098-11-13,0.0001600749562681
2098-11-14,0.0001599486361395
2098-11-15,0.0001598156031752
2098-11-16,0.0001596730130835
2098-11-17,0.0001595332009824
2098-11-18,0.0001593891289848
2098-11-19,0.0024108630653722
2098-11-20,0.0143551472073399
2098-11-21,0.0001688269659457
2098-11-22,0.0001764947646622
2098-11-23,0.0001802190769921
2098-11-24,0.00018241346388
2098-11-25,0.0001837890254903
2098-11-26,0.0001846402510401
2098-11-27,0.0001852266528087
2098-11-28,0.0001855812290971
2098-11-29,0.0001859157000083
2098-11-30,0.000186297990875
2098-12-01,0.0010578572503538
2098-12-02,0.0001871280176488
2098-12-03,0.0001871806624432
2098-12-04,0.0001871081982058
2098-12-05,0.0001869308693727
2098-12-06,0.0001867690851373
2098-12-07,0.0001866633351791
2098-12-08,0.0001866326883486
2098-12-09,0.0001864934645535
2098-12-10,0.0001861685930739
2098-12-11,0.0001857674568118
2098-12-12,0.00018533549227
2098-12-13,0.000184883849211
2098-12-14,0.0001844132853225
2098-12-15,0.0001839331230225
2098-12-16,0.0001834747434272
2098-12-17,0.0001830031098819
2098-12-18,0.0001825142471058
2098-12-19,0.0001819898974957
2098-12-20,0.0001814636776002
2098-12-21,0.0001809347508154
2098-12-22,0.0001804362099044
2098-12-23,0.0001799197380977
2098-12-24,0.0001793945842063
2098-12-25,0.0001788709072516
2098-12-26,0.000178347901296
2098-12-27,0.000177862486362
2098-12-28,0.0001773949103259
2098-12-29,0.0001769709925048
2098-12-30,0.0006795813242181
2098-12-31,0.0062792177498064
2099-01-01,0.0001878111076543
2099-01-02,0.0001784644789996
2099-01-03,0.0001792676469624
2099-01-04,0.0001798663613437
2099-01-05,0.0001803387649843
2099-01-06,0.0001807584210867
2099-01-07,0.0001811330647426
2099-01-08,0.0001813640825458
2099-01-09,0.0001815255852263
2099-01-10,0.0001816256407001
2099-01-11,0.0001816358630084
2099-01-12,0.0001815497057276
2099-01-13,0.0001813579813787
2099-01-14,0.0001810796974798
2099-01-15,0.0001807249394457
2099-01-16,0.0001803444917236
2099-01-17,0.0001799501566839
2099-01-18,0.0001795859989727
2099-01-19,0.0001792727737295
2099-01-20,0.0008785053958059
2099-01-21,0.0096230210915912
2099-01-22,0.0001833884089789
2099-01-23,0.0001878512221059
2099-01-24,0.0001905039208089
2099-01-25,0.0001921894923677
2099-01-26,0.0001933224033221
2099-01-27,0.0001939576456459
2099-01-28,0.0001942757353558
2099-01-29,0.0001944485231604
2099-01-30,0.0001945208972272
2099-01-31,0.0018759970388904
2099-02-01,0.0047983595233454
2099-02-02,0.0105986634134068
2099-02-03,0.0014486233603796
2099-02-04,0.0112366958531785
2099-02-05,0.0052780353512862
2099-02-06,0.0002575542022502
2099-02-07,0.0002633210179423
2099-02-08,0.0002658223313607
2099-02-09,0.0002670801618729
2099-02-10,0.0002678490639443
2099-02-11,0.0002685866266511
2099-02-12,0.0018288414463139
2099-02-13,0.0078178995556431
2099-02-14,0.0202497438524011
2099-02-15,0.0038186425171448
2099-02-16,0.0014638201266028
2099-02-17,0.0057077174657576
2099-02-18,0.0089361833093339
2099-02-19,0.000360795787815
2099-02-20,0.0003678166118626
2099-02-21,0.0003709122270692
2099-02-22,0.0003727205347838
2099-02-23,0.0005654805977922
2099-02-24,0.0055224290872488
2099-02-25,0.0003789141183002
2099-02-26,0.0157013728996734
2099-02-27,0.0228991595341413
2099-02-28,0.0600180807112387
2099-03-01,0.0246511856324517
2099-03-02,0.0401463040432354
2099-03-03,0.0260661699324213
2099-03-04,0.0270718653077336
2099-03-05,0.031949761702693
2099-03-06,0.0243142380829356
2099-03-07,0.0219841740197309
2099-03-08,0.0192129264934367
2099-03-09,0.0187429900926177
2099-03-10,0.015637762743163
2099-03-11,0.0145924006355703
2099-03-12,0.0147115795545347
2099-03-13,0.011634181217461
2099-03-14,0.0106061689358737
2099-03-15,0.009547635212171
2099-03-16,0.0085210918742277
2099-03-17,0.0076669610948415
2099-03-18,0.0114500406358882
2099-03-19,0.0084264359200691
2099-03-20,0.0067378658568604
2099-03-21,0.0065511191535797
2099-03-22,0.0190409292063036
2099-03-23,0.0084710839636457
2099-03-24,0.0089767942992257
2099-03-25,0.0084482364117073
2099-03-26,0.0077583698386676
2099-03-27,0.012388811020972
2099-03-28,0.0089246561650303
2099-03-29,0.0074259579173044
2099-03-30,0.0070212384040813
2099-03-31,0.006439288323003
2099-04-01,0.0132773780891481
2099-04-02,0.0092707378079117
2099-04-03,0.0072077801853196
2099-04-04,0.0069630077483372
2099-04-05,0.0073081379967374
2099-04-06,0.0106513894568865
2099-04-07,0.0063146563512384
2099-04-08,0.0060207621647932
2099-04-09,0.0073101489006832
2099-04-10,0.0053870125104399
2099-04-11,0.0049582294575703
2099-04-12,0.0044712074927313
2099-04-13,0.0039760296126412
2099-04-14,0.0034523968838831
2099-04-15,0.0029812833038565
2099-04-16,0.0025480719313998
2099-04-17,0.002168644949267
2099-04-18,0.0018221331633814
2099-04-19,0.0015208583471541
2099-04-20,0.0061265594926725
2099-04-21,0.0175525137197949
2099-04-22,0.0031207846600684
2099-04-23,0.0037914601637093
2099-04-24,0.003712098407252
2099-04-25,0.0034407506192763
2099-04-26,0.0114905902696487
2099-04-27,0.0037653561220852
2099-04-28,0.0039144063064264
2099-04-29,0.0036885789410232
2099-04-30,0.0033560171357631
2099-05-01,0.0029798177213449
2099-05-02,0.0025768108542773
2099-05-03,0.0021941378926498
2099-05-04,0.0018750245830842
2099-05-05,0.0016358286505529
2099-05-06,0.0016172581634103
2099-05-07,0.0026236727960375
2099-05-08,0.0013100300739351
2099-05-09,0.0011051393569382
2099-05-10,0.0009094486181017
2099-05-11,0.0007442551975951
2099-05-12,0.000611460292023
2099-05-13,0.0005177294623689
2099-05-14,0.0004592010079152
2099-05-15,0.0004246649055474
2099-05-16,0.0004113907720048
2099-05-17,0.000407034075607
2099-05-18,0.0004029698220952
2099-05-19,0.0003989380778436
2099-05-20,0.0003948441716381
2099-05-21,0.0003906741879589
2099-05-22,0.0003865765804289
2099-05-23,0.0003825552037441
2099-05-24,0.0003785224912183
2099-05-25,0.0003743136095626
2099-05-26,0.0003699410695177
2099-05-27,0.0003656854013312
2099-05-28,0.0003613779812753
2099-05-29,0.0003570671309611
2099-05-30,0.0003529808862407
2099-05-31,0.0005130650008485
2099-06-01,0.0003481647873638
2099-06-02,0.0003444608167381
2099-06-03,0.0003398818379383
2099-06-04,0.0003352466348316
2099-06-05,0.0003308252972582
2099-06-06,0.0003274924376231
2099-06-07,0.0003254760010105
2099-06-08,0.0003227848778356
2099-06-09,0.0003187602573969
2099-06-10,0.0003138033931838
2099-06-11,0.0003089305688956
2099-06-12,0.0003040499853891
2099-06-13,0.0002990768565603
2099-06-14,0.0002940619156371
2099-06-15,0.0002891350038121
2099-06-16,0.0002839552652319
2099-06-17,0.0002789067237735
2099-06-18,0.0002739443308465
2099-06-19,0.0002691858158511
2099-06-20,0.0002643546355888
2099-06-21,0.000259533933324
2099-06-22,0.0002546532164493
2099-06-23,0.0002499151207506
2099-06-24,0.0002458553633228
2099-06-25,0.0002421039195753
2099-06-26,0.0002385577418866
2099-06-27,0.0002350637433948
2099-06-28,0.0002316696066529
2099-06-29,0.0002282984665994
2099-06-30,0.0002249171560573
2099-07-01,0.0002214599381063
2099-07-02,0.0002180446241649
2099-07-03,0.0002148071848034
2099-07-04,0.0002116081018798
2099-07-05,0.0002086014588152
2099-07-06,0.0002057265026795
2099-07-07,0.0002029312284608
2099-07-08,0.0002002127788684
2099-07-09,0.0001977521695398
2099-07-10,0.0001952750179071
2099-07-11,0.0001928427127316
2099-07-12,0.0001906853130578
2099-07-13,0.0001886529487678
2099-07-14,0.0001867389307676
2099-07-15,0.0001848846483693
2099-07-16,0.0001830278884822
2099-07-17,0.0001812228489912
2099-07-18,0.0001793558074156
2099-07-19,0.0001772917978638
2099-07-20,0.0001751486960142
2099-07-21,0.0001732600676612
2099-07-22,0.0001719393516984
2099-07-23,0.0001707366982172
2099-07-24,0.0001695971720741
2099-07-25,0.0001685616870052
2099-07-26,0.0001675409475616
2099-07-27,0.0001665579524698
2099-07-28,0.0001656753649576
2099-07-29,0.0001648733785347
2099-07-30,0.0001640713001139
2099-07-31,0.0001633102396602
2099-08-01,0.0001625652749845
2099-08-02,0.0001616729728947
2099-08-03,0.0001606764481988
2099-08-04,0.0001598786604679
2099-08-05,0.0001591624727633
2099-08-06,0.0001586928328039
2099-08-07,0.000158315910737
2099-08-08,0.0001579370790967
2099-08-09,0.0001575404611411
2099-08-10,0.00015722423373
2099-08-11,0.0001571008199911
2099-08-12,0.0001570154008594
2099-08-13,0.0001569299510618
2099-08-14,0.0001568445319301
2099-08-15,0.0001567590821325
2099-08-16,0.0001566731093566
2099-08-17,0.0001565864655817
2099-08-18,0.000156501015784
2099-08-19,0.0001564155966524
2099-08-20,0.0001563301775207
2099-08-21,0.0001562452507013
2099-08-22,0.0001561610562129
2099-08-23,0.0001560756064153
2099-08-24,0.0001559901872836
2099-08-25,0.0001559047681519
2099-08-26,0.0001558193183543
2099-08-27,0.0001557338992226
2099-08-28,0.0001556502277125
2099-08-29,0.0001555648085808
2099-08-30,0.0001554793894492
2099-08-31,0.0001553944932958
2099-09-01,0.0001553102681414
2099-09-02,0.0001552248490097
2099-09-03,0.0001551399528563
2099-09-04,0.0001550557583679
2099-09-05,0.0001549708622145
2099-09-06,0.0001548866677261
2099-09-07,0.0001548017715727
2099-09-08,0.0001547175770843
2099-09-09,0.0001546327115969
2099-09-10,0.0001545485171085
2099-09-11,0.0001544636209551
2099-09-12,0.0001543799494449
2099-09-13,0.0001542957549565
2099-09-14,0.0001742623680607
2099-09-15,0.0015514808307643
2099-09-16,0.0001540432687985
2099-09-17,0.0001539601492762
2099-09-18,0.0001538770297538
2099-09-19,0.0001537926855882
2099-09-20,0.0001537095353999
2099-09-21,0.0001536258009014
2099-09-22,0.0001535425893811
2099-09-23,0.0001534593165288
2099-09-24,0.0001533760130106
2099-09-25,0.0001532926788263
2099-09-26,0.0001532093139761
2099-09-27,0.0001531259184598
2099-09-28,0.0011652807115967
2099-09-29,0.0001529603827366
2099-09-30,0.0001528772018823
2099-10-01,0.000305509944016
2099-10-02,0.0001527126184612
2099-10-03,0.0001526294989389
2099-10-04,0.0001525475733938
2099-10-05,0.0001524649155178
2099-10-06,0.0001523829286408
2099-10-07,0.0001522996557885
2099-10-08,0.0001522175769135
2099-10-09,0.0001521347350415
2099-10-10,0.0001520525948345
2099-10-11,0.0001519696916305
2099-10-12,0.0001518874900915
2099-10-13,0.0001518040025773
2099-10-14,0.0001517222933506
2099-10-15,0.0001516399998137
2099-10-16,0.0001515570046117
2099-10-17,0.000151475234053
2099-10-18,0.0001513917158728
2099-10-19,0.0001513099146481
2099-10-20,0.0001512275597792
2099-10-21,0.0001511445339113
2099-10-22,0.0001510627020206
2099-10-23,0.0001509803471517
2099-10-24,0.000150898515261
2099-10-25,0.000150815458727
2099-10-26,0.0001507336268364
2099-10-27,0.0001506512413015
2099-10-28,0.0001505694094108
2099-10-29,0.0001504875468541
2099-10-30,0.0001504057149634
2099-10-31,0.0001503238524068
2099-11-01,0.0001502407652068
2099-11-02,0.0001501589333162
2099-11-03,0.0001500770707595
2099-11-04,0.0001499952082028
2099-11-05,0.0001499133456461
2099-11-06,0.0001498314830895
2099-11-07,0.0001497508451761
2099-11-08,0.0001496689826194
2099-11-09,0.0001495871507287
2099-11-10,0.0001495052881721
2099-11-11,0.0001494234256154
2099-11-12,0.0001493415630587
2099-11-13,0.0001492602234803
2099-11-14,0.0001491795855669
2099-11-15,0.0001490977230102
2099-11-16,0.0001490158604535
2099-11-17,0.0001489357455184
2099-11-18,0.0001488538829617
2099-11-19,0.000148772020405
2099-11-20,0.0001486919054699
2099-11-21,0.0001486100429132
2099-11-22,0.0004698578650371
2099-11-23,0.0001484480654214
2099-11-24,0.0001483667258429
2099-11-25,0.0001907314594302
2099-11-26,0.000222420707719
2099-11-27,0.0001481241411037
2099-11-28,0.0001480440261685
2099-11-29,0.0031573240028578
2099-11-30,0.0068192862936781
2099-12-01,0.0001546035813285
2099-12-02,0.0001489010808862
2099-12-03,0.0001495772234378
2099-12-04,0.0001501975092098
2099-12-05,0.0001507537230732
2099-12-06,0.0001512474646285
2099-12-07,0.0002170961864577
2099-12-08,0.0002581678926701
2099-12-09,0.0106685630642208
2099-12-10,0.0115952367984426
2099-12-11,0.0027069620389869
2099-12-12,0.0001931209015549
2099-12-13,0.0013338024459402
2099-12-14,0.0002025121124311
2099-12-15,0.0002052055344525
2099-12-16,0.0024247467157059
2099-12-17,0.0002095966342176
2099-12-18,0.0064176156685491
2099-12-19,0.0117427341504752
2099-12-20,0.0058240882235147
2099-12-21,0.0002555331192637
2099-12-22,0.000261807305251
2099-12-23,0.0028101469807393
2099-12-24,0.0163060691321588
2099-12-25,0.0199245724132826
2099-12-26,0.0003310603430501
2099-12-27,0.0003405388578149
2099-12-28,0.0003441957719177
2099-12-29,0.0003462921609312
2099-12-30,0.0003474667996309
2099-12-31,0.0003479039180555
2100-01-01,0.0003481430737253814
2100-01-02,0.009101289451422547
2100-01-03,0.013200463562754877
2100-01-04,0.008676570188441417
2100-01-05,0.05723568144190436
2100-01-06,0.007217786657963233
2100-01-07,0.02843717791956757
2100-01-08,0.015378466943771697
2100-01-09,0.01493621384570773
2100-01-10,0.013862375261746523
2100-01-11,0.012551629653358204
2100-01-12,0.011302131501254848
2100-01-13,0.010136865586161052
2100-01-14,0.013558120964134255
2100-01-15,0.01200055428399918
2100-01-16,0.013226005997488102
2100-01-17,0.012775888455593187
2100-01-18,0.010347783787645077
2100-01-19,0.009995219020896184
2100-01-20,0.009312786558629224
2100-01-21,0.008552170904495964
2100-01-22,0.007786196875115102
2100-01-23,0.007071417609293491
2100-01-24,0.011274840151002153
2100-01-25,0.007895935446621967
2100-01-26,0.01625166780152109
2100-01-27,0.008445866700287385
2100-01-28,0.008930278050306977
2100-01-29,0.008578663751816687
2100-01-30,0.00799266562654641
2100-01-31,0.01811657886791301
2100-02-01,0.015154056393190752
2100-02-02,0.022456428079559408
2100-02-03,0.029143533318158617
2100-02-04,0.030896082411335946
2100-02-05,0.028204272355204188
2100-02-06,0.037114739527099025
2100-02-07,0.026897763454947807
2100-02-08,0.02954198992814032
2100-02-09,0.023740000646282348
2100-02-10,0.02719779581218197
2100-02-11,0.024747432449984525
2100-02-12,0.020198460871524212
2100-02-13,0.01831903144882617
2100-02-14,0.016111296939555975
2100-02-15,0.014088249025940495
2100-02-16,0.018684645289790972
2100-02-17,0.04168636351949439
2100-02-18,0.034754882376057304
2100-02-19,0.029689611046158082
2100-02-20,0.02664079150159346
2100-02-21,0.025714999060071974
2100-02-22,0.02509777041988065
2100-02-23,0.02348547168615831
2100-02-24,0.019152532816552745
2100-02-25,0.017442718280974066
2100-02-26,0.03413452752122269
2100-02-27,0.042149429682600596
2100-02-28,0.028583301685071217
2100-03-01,0.039911787057777676
2100-03-02,0.030967364845772453
2100-03-03,0.037316418272797164
2100-03-04,0.036355327623632645
2100-03-05,0.03500732786267578
2100-03-06,0.030883251617729878
2100-03-07,0.026702817904785854
2100-03-08,0.02342485179986432
2100-03-09,0.022213500170641796
2100-03-10,0.017760378517082134
2100-03-11,0.015477356591918762
2100-03-12,0.013419196840238451
2100-03-13,0.011636098185135274
2100-03-14,0.010121497390467502
2100-03-15,0.008842617001813215
2100-03-16,0.007803468577715358
2100-03-17,0.006925374811880617
2100-03-18,0.006161237091367077
2100-03-19,0.0054851322334369635
2100-03-20,0.011104982268338049
2100-03-21,0.01396834930537492
2100-03-22,0.05370861185700687
2100-03-23,0.04571509832254185
2100-03-24,0.028028656606274426
2100-03-25,0.02713313202961476
2100-03-26,0.02385161307489539
2100-03-27,0.020309338736302696
2100-03-28,0.026480796139867285
2100-03-29,0.01923463997575603
2100-03-30,0.016910222726272836
2100-03-31,0.017291438243337506
2100-04-01,0.014077557161212466
2100-04-02,0.01246857520741479
2100-04-03,0.01084538486915413
2100-04-04,0.009365056612506367
2100-04-05,0.008107974663103671
2100-04-06,0.007104968568354939
2100-04-07,0.006256613277524495
2100-04-08,0.005423684549482164
2100-04-09,0.004723556471982396
2100-04-10,0.004099265708367499
2100-04-11,0.0035202487707043607
2100-04-12,0.003027394236519435
2100-04-13,0.0026231829196249356
2100-04-14,0.0022697568793497306
2100-04-15,0.007526753097560146
2100-04-16,0.0019623823880291517
2100-04-17,0.001807661599049891
2100-04-18,0.001789847112755689
2100-04-19,0.002119364873576511
2100-04-20,0.0018743826775861165
2100-04-21,0.0015719734993037183
2100-04-22,0.001469468138145112
2100-04-23,0.0012956001389276518
2100-04-24,0.0011073854366408066
2100-04-25,0.0009271315048961789
2100-04-26,0.0007784711198317554
2100-04-27,0.0006607386586178047
2100-04-28,0.0005743689120523315
2100-04-29,0.0005078834295240418
2100-04-30,0.0004653300103937829
2100-05-01,0.00044032670562353486
2100-05-02,0.0004238495805396555
2100-05-03,0.0004125973506375664
2100-05-04,0.00040800280112778756
2100-05-05,0.00040487074033683534
2100-05-06,0.00040166110589522373
2100-05-07,0.00039830098105019093
2100-05-08,0.0003947413229007635
2100-05-09,0.00039087142731897084
2100-05-10,0.00038694946657913263
2100-05-11,0.0003829157800471616
2100-05-12,0.00037886466640209434
2100-05-13,0.00037473477085804373
2100-05-14,0.00037048089119591726
2100-05-15,0.00036624388627763595
2100-05-16,0.0003620519482137453
2100-05-17,0.0003581578604374282
2100-05-18,0.00035415643754233125
2100-05-19,0.00035004731807605343
2100-05-20,0.0003457952420582642
2100-05-21,0.00034173754775376536
2100-05-22,0.0003376911757373293
2100-05-23,0.00033342406901076
2100-05-24,0.0003292691572831569
2100-05-25,0.00032503999912084634
2100-05-26,0.00032041794857828843
2100-05-27,0.00031589539663859736
2100-05-28,0.0003114371432457379
2100-05-29,0.0003070034430323003
2100-05-30,0.0003024572651569642
2100-05-31,0.00029795579179324455
2100-06-01,0.000293631790571271
2100-06-02,0.00028892033538280266
2100-06-03,0.00028416707880104457
2100-06-04,0.00027935898272667755
2100-06-05,0.00027453198871591616
2100-06-06,0.00026972089455243146
2100-06-07,0.00026487758105380973
2100-06-08,0.0002600902049897467
2100-06-09,0.00025553631113538086
2100-06-10,0.0002513339826520429
2100-06-11,0.00024715543359692517
2100-06-12,0.0002434297334777755
2100-06-13,0.0002399115029945503
2100-06-14,0.0002363331304786202
2100-06-15,0.0002327724079782358
2100-06-16,0.00022931749175732067
2100-06-17,0.00022600787744176076
2100-06-18,0.00022279327005120836
2100-06-19,0.00021972506820170897
2100-06-20,0.00021672372733723264
2100-06-21,0.00021347098462409707
2100-06-22,0.00021000964524058746
2100-06-23,0.00020658771984940284
2100-06-24,0.000203156497054183
2100-06-25,0.0002001328353834517
2100-06-26,0.0001972911482335216
2100-06-27,0.0001946634946854876
2100-06-28,0.00019217174829338655
2100-06-29,0.000189577239074024
2100-06-30,0.00018729609160677557
2100-07-01,0.00018499547700970254
2100-07-02,0.00018288516988502806
2100-07-03,0.00018099612644416905
2100-07-04,0.00017917258894954312
2100-07-05,0.00017746663840055089
2100-07-06,0.00017594702284404287
2100-07-07,0.00017452851576624064
2100-07-08,0.0001731125217708189
2100-07-09,0.0001717006593140984
2100-07-10,0.00017033117482932435
2100-07-11,0.00016921154275579582
2100-07-12,0.00016830648765006303
2100-07-13,0.00016750104730994093
2100-07-14,0.00016672004134847014
2100-07-15,0.00016596325429624488
2100-07-16,0.00016512988356844646
2100-07-17,0.0001642018404377068
2100-07-18,0.00016337154174566137
2100-07-19,0.00016261810025924118
2100-07-20,0.0001618694207093975
2100-07-21,0.0001610515998054219
2100-07-22,0.00016032411062015398
2100-07-23,0.00015963788969915098
2100-07-24,0.00015915389996833823
2100-07-25,0.00015878390990073087
2100-07-26,0.00015839760858577757
2100-07-27,0.0001580072656891007
2100-07-28,0.00015762731839229089
2100-07-29,0.00015732189933902348
2100-07-30,0.0001571201084309637
2100-07-31,0.0001570334339900499
2100-08-01,0.00015694801485839426
2100-08-02,0.00015686256506074794
2100-08-03,0.00015677711526310161
2100-08-04,0.00015669117315321096
2100-08-05,0.00015660449871229715
2100-08-06,0.00015651907958064148
2100-08-07,0.0001564336297829952
2100-08-08,0.00015634821065133955
2100-08-09,0.00015626331449791894
2100-08-10,0.00015617908934354013
2100-08-11,0.00015609367021188452
2100-08-12,0.00015600825108022886
2100-08-13,0.00015592280128258256
2100-08-14,0.00015583738215092693
2100-08-15,0.0001557524859975063
2100-08-16,0.00015566706686585068
2100-08-17,0.00015558284171147182
2100-08-18,0.00015549742257981624
2100-08-19,0.0001554125264263956
2100-08-20,0.0001553283319380075
2100-08-21,0.00015524291280635187
2100-08-22,0.00015515801665293125
2100-08-23,0.0001550738221645431
2100-08-24,0.00015498892601112246
2100-08-25,0.0001549047315227344
2100-08-26,0.0007602333741041621
2100-08-27,0.00016183591154594995
2100-08-28,0.00015465074472750502
2100-08-29,0.00015456655023911694
2100-08-30,0.0001544816540856963
2100-08-31,0.00015439801324153388
2100-09-01,0.00015431259410987825
2100-09-02,0.00015422892259972512
2100-09-03,0.00015414525108957202
2100-09-04,0.00015406161024540958
2100-09-05,0.00015397619111375395
2100-09-06,0.00015389251960360088
2100-09-07,0.00015380887875943844
2100-09-08,0.00015372520724928534
2100-09-09,0.0001536403417618554
2100-09-10,0.0001535566702517023
2100-09-11,0.0001534729987415492
2100-09-12,0.00015338883491915176
2100-09-13,0.0007904187739702965
2100-09-14,0.00015322152256483623
2100-09-15,0.00015313788172067382
2100-09-16,0.00015305473318875574
2100-09-17,0.0001529710923445933
2100-09-18,0.0001528874515004309
2100-09-19,0.0001528037799902778
2100-09-20,0.00015272136378938287
2100-09-21,0.00015263772294522046
2100-09-22,0.00015255408210105805
2100-09-23,0.00015247093356913992
2100-09-24,0.00015238729272497753
2100-09-25,0.00015230487652408262
2100-09-26,0.00015222175865815522
2100-09-27,0.0001521381178139928
2100-09-28,0.00015205570161309787
2100-09-29,0.00015197258374717048
2100-09-30,0.0001518889429030081
2100-10-01,0.00015180652670211317
2100-10-02,0.007226264187756835
2100-10-03,0.0020725634775545614
2100-10-04,0.00015202044252950645
2100-10-05,0.0001524363761569468
2100-10-06,0.00015283783569265179
2100-10-07,0.00015319390616803743
2100-10-08,0.00015349747443313088
2100-10-09,0.00015375577099272105
2100-10-10,0.00015398058594237623
2100-10-11,0.0001541688856853449
2100-10-12,0.00015432912536968363
2100-10-13,0.0001544662955664344
2100-10-14,0.00015458088858784165
2100-10-15,0.00015467415974316357
2100-10-16,0.00015474861965091648
2100-10-17,0.00015480727124186124
2100-10-18,0.0002139363741533607
2100-10-19,0.01441609649918022
2100-10-20,0.00016330971169028604
2100-10-21,0.0001700511190514023
2100-10-22,0.00017309646748293498
2100-10-23,0.0001746981458594638
2100-10-24,0.0001756303029418885
2100-10-25,0.00017615542438019204
2100-10-26,0.00017640951132463984
2100-10-27,0.00017649914082472603
2100-10-28,0.0001763492412678257
2100-10-29,0.00017610151300581875
2100-10-30,0.00017581640473131693
2100-10-31,0.0001755574886938439
2100-11-01,0.0037314261825781934
2100-11-02,0.0011212315873581195
2100-11-03,0.003619626712908873
2100-11-04,0.013202524869679651
2100-11-05,0.0002011858029089712
2100-11-06,0.00020942618148511697
2100-11-07,0.00021273355272512362
2100-11-08,0.0014823135647875235
2100-11-09,0.00021682940721481878
2100-11-10,0.00021810162263415916
2100-11-11,0.00021888749387622347
2100-11-12,0.00021933903648953853
2100-11-13,0.00021947902184081596
2100-11-14,0.00021945987275839455
2100-11-15,0.00021920666811432016
2100-11-16,0.00021880647366042755
2100-11-17,0.00021825245754980685
2100-11-18,0.00021758149317021048
2100-11-19,0.00021688280771427486
2100-11-20,0.00021607624453649681
2100-11-21,0.0002152622361919949
2100-11-22,0.00021445096009348408
2100-11-23,0.0002136865422190147
2100-11-24,0.0002130322726661254
2100-11-25,0.00021235076534578977
2100-11-26,0.0002114898685373082
2100-11-27,0.00021068651726166058
2100-11-28,0.0002100800292253199
2100-11-29,0.00020955076604652558
2100-11-30,0.00020892191184402267
2100-12-01,0.00021678533994520327
2100-12-02,0.0002082261500694317
2100-12-03,0.00020767774078103487
2100-12-04,0.00020710435858973007
2100-12-05,0.0009434968192590955
2100-12-06,0.004020795682154358
2100-12-07,0.0002071970867637537
2100-12-08,0.00020766026546593176
2100-12-09,0.00020778539862742972
2100-12-10,0.00020788329359542885
2100-12-11,0.000880622066193847
2100-12-12,0.00020867121202383423
2100-12-13,0.0002090446553702279
2100-12-14,0.00020921530075859702
2100-12-15,0.00020924312457555513
2100-12-16,0.00020908111611602946
2100-12-17,0.0002087310806392992
2100-12-18,0.00020828824053977776
2100-12-19,0.00020784198492053687
2100-12-20,0.00020743427343254792
2100-12-21,0.0010449004561143803
2100-12-22,0.0013292508205474292
2100-12-23,0.0003595813311459869
2100-12-24,0.00022571800624782522
2100-12-25,0.00020865172460244116
2100-12-26,0.0003087789294276041
2100-12-27,0.00025157306183552005
2100-12-28,0.00020952268401041275
2100-12-29,0.00020934309141044978
2100-12-30,0.00020919968115150014
2100-12-31,0.0005076220901614509
